Unperturbed 2435 1208 1027 1008 1007 1004 1004 1001 998 997 997 997 930 927 926 926 763 723 627 616 598 598 595 595 584 581 581 580 577 577 577 574 574 564 564 552 551 550 547 547 547 547 537 536 535 534 534 323 292 289 286 286 283 282 281 281 270 269 268 268 268 267 267 248 129 122 121 121 120 120 114 113 113 112 111 110 109 16 13 12 11 11 11 10 9 4 4 1 1 0 
342 2435 1251 1161 1143 1142 1141 1140 1139 1138 1142 1141 952 838 810 791 788 788 785 782 781 780 779 779 751 749 746 745 744 742 736 736 736 735 734 734 731 725 724 715 710 709 706 705 705 702 701 503 475 473 470 470 469 468 467 466 449 446 445 445 445 444 444 425 306 300 299 299 298 298 292 291 291 290 289 288 287 194 192 191 190 190 190 189 185 182 182 179 179 178 
327 2435 1260 958 958 957 958 951 940 903 896 896 893 891 890 886 871 870 870 869 868 867 736 726 725 722 721 720 719 719 718 688 687 684 683 682 651 646 646 646 637 636 633 632 627 627 627 497 500 495 492 489 488 487 458 320 267 262 261 260 259 256 180 177 170 167 166 165 164 164 163 162 163 163 160 159 158 155 147 146 146 136 135 134 133 132 
328 2435 1208 1039 1029 1026 1026 1023 1022 1019 1018 1017 952 949 946 946 946 816 813 813 812 782 681 668 667 667 663 662 662 661 660 659 658 658 621 620 619 621 620 618 618 615 614 613 612 611 610 609 408 389 386 382 379 379 380 379 368 367 366 365 366 365 362 343 247 244 235 227 226 226 218 218 218 217 216 216 147 144 143 142 139 138 137 136 135 134 128 128 
341 2435 1259 888 855 854 853 852 846 805 788 786 783 783 782 781 780 779 778 777 774 773 772 772 771 655 652 650 649 648 648 647 623 573 554 553 552 552 551 550 549 549 548 540 540 539 538 538 538 537 537 364 361 333 330 330 329 318 317 316 315 312 309 309 184 164 158 158 157 156 155 149 148 147 145 145 90 66 58 57 56 55 54 53 52 49 48 48 47 46 
316 2435 1236 886 885 852 852 843 790 779 774 774 774 774 757 756 756 751 748 747 746 745 744 652 649 646 646 630 619 602 599 599 567 557 551 551 550 550 549 549 549 549 548 548 547 366 365 329 326 321 321 321 320 319 310 309 309 308 307 307 180 172 171 171 161 161 160 159 159 158 158 158 157 61 55 54 51 50 49 51 51 50 50 49 48 47 44 44 43 
320 2435 1208 1027 1008 1007 1004 1004 1001 998 997 997 997 930 929 928 928 927 764 724 640 635 624 614 614 613 612 612 604 603 602 596 596 596 590 589 588 580 570 569 564 564 563 563 563 553 552 551 550 550 339 310 307 304 304 301 300 299 299 288 287 286 285 285 285 284 284 265 146 139 138 138 137 137 131 130 130 129 128 127 126 33 30 29 28 28 28 27 26 21 21 18 18 17 
321 2435 1208 1027 1008 1007 1004 1004 1001 998 997 997 997 930 927 926 926 926 926 763 723 627 616 598 598 595 595 584 581 581 580 577 577 577 574 574 564 564 552 551 550 547 547 547 547 537 536 535 534 534 323 292 292 289 286 286 283 282 281 281 270 269 268 268 268 267 267 248 129 122 121 121 120 120 114 113 113 112 111 110 109 16 13 12 11 11 11 10 9 4 4 1 1 0 
339 2435 1208 1027 1008 1007 1004 1004 1001 998 997 997 997 916 913 912 912 762 718 633 628 617 607 606 605 605 597 596 595 589 589 589 582 582 567 566 566 558 557 550 549 549 549 549 549 538 537 536 534 534 323 292 289 286 286 283 283 282 282 271 270 269 269 269 268 268 249 116 109 108 108 107 107 101 100 100 99 98 97 96 26 19 13 12 12 11 11 10 10 9 8 5 4 
344 2435 1208 1027 1008 1007 1004 1004 1001 998 997 997 997 914 882 881 881 757 648 610 609 608 593 590 587 587 586 585 585 584 583 580 579 578 578 577 560 560 559 559 557 556 548 547 547 547 544 541 540 539 328 297 294 291 291 288 287 286 286 274 273 272 272 272 272 255 138 124 123 123 122 117 116 113 112 111 110 109 37 27 24 23 23 11 11 10 10 9 9 
303 2435 1208 1027 1008 1007 1004 1004 1001 998 997 997 997 930 927 926 926 763 723 627 616 598 598 595 595 584 581 581 580 577 577 577 574 574 564 564 552 551 550 547 547 547 547 537 536 535 534 534 323 298 288 283 283 283 282 276 273 273 273 272 272 253 134 127 126 126 125 125 119 118 118 118 117 116 23 20 19 18 18 18 17 16 11 11 8 8 7 
325 2435 1208 1027 1008 1007 1004 1004 1001 998 997 997 997 930 927 926 926 763 723 627 616 598 598 596 591 581 580 579 578 578 578 575 575 565 565 553 552 551 548 548 548 548 538 537 536 535 535 324 293 290 287 287 284 283 282 282 271 270 269 269 269 268 268 249 130 123 122 122 121 121 116 116 116 115 22 19 18 17 17 17 16 15 10 10 7 7 6 
335 2435 1208 1027 1008 1007 1004 1004 1001 998 997 997 997 930 927 926 926 763 723 627 616 598 598 595 595 584 581 581 580 577 577 577 577 574 574 564 564 552 551 550 547 547 547 547 537 536 535 534 534 323 292 289 286 286 283 282 281 281 270 269 268 268 268 267 267 248 129 122 121 121 120 120 114 113 113 112 111 110 109 16 13 12 11 11 11 11 10 9 4 4 1 1 0 
330 2435 1208 1027 1008 1007 1004 1004 1001 998 997 997 997 930 927 926 926 763 723 627 616 598 598 595 595 584 581 581 580 580 577 577 577 574 574 564 564 552 551 550 547 547 547 547 537 536 535 534 534 323 292 289 286 286 283 282 281 281 270 269 268 268 268 267 267 248 129 122 121 121 120 120 114 113 113 112 111 110 109 16 13 12 11 11 11 10 9 4 4 1 1 0 
338 2435 1208 1027 1008 1007 1004 1004 1001 998 997 997 997 930 927 926 926 763 723 627 616 598 598 595 595 584 581 581 580 577 577 577 574 574 566 552 549 548 548 548 547 547 547 547 537 536 535 534 534 323 292 289 286 286 283 282 281 281 270 269 268 268 268 267 267 248 129 122 121 121 120 120 114 113 113 112 111 110 109 16 13 12 11 11 11 10 9 4 4 1 1 0 
334 2435 1208 1027 1008 1007 1004 1004 1001 998 997 997 997 930 927 926 926 763 723 627 616 598 598 595 595 584 581 581 580 577 577 577 574 574 564 564 552 551 550 547 547 547 537 536 535 534 534 323 292 289 286 286 283 282 281 281 270 269 268 268 268 267 267 248 129 122 121 121 120 120 114 113 113 112 111 110 109 16 13 12 11 11 11 10 9 4 4 1 1 0 
312 2435 1208 1027 1008 1007 1004 1004 1001 998 997 997 997 930 927 926 926 763 723 627 616 598 598 595 595 584 581 581 580 577 577 577 574 574 564 564 552 551 550 547 547 547 547 537 537 536 535 534 534 323 292 289 286 286 283 282 281 281 270 269 268 268 268 267 267 248 129 122 121 121 120 120 114 113 113 112 111 110 109 16 13 12 11 11 11 10 9 4 4 1 1 0 
337 2435 1208 1027 1008 1007 1004 1004 1001 998 997 997 997 930 927 926 926 763 723 627 616 598 598 595 595 584 581 581 580 577 577 577 574 574 566 562 562 559 555 554 554 554 554 544 543 542 541 541 330 299 296 293 293 290 289 288 288 277 276 275 275 275 274 274 255 136 129 128 128 127 127 121 120 120 119 118 117 116 23 20 19 18 18 18 17 16 11 11 8 8 7 
332 2435 1208 1027 1008 1007 1004 1004 1001 998 997 997 997 930 927 926 926 763 723 627 616 597 596 596 595 592 584 583 582 582 582 582 579 579 569 569 557 556 555 552 552 552 552 542 541 540 539 539 328 297 294 291 291 288 287 286 286 275 274 273 273 273 272 272 253 134 127 126 126 125 125 119 118 118 117 116 115 114 21 18 17 16 16 16 15 14 9 9 6 6 5 
310 2435 1208 1027 1008 1007 1004 1004 1001 998 997 997 997 930 927 926 926 763 723 627 616 598 598 595 595 584 581 581 580 577 577 577 574 574 564 564 552 551 550 547 547 547 547 537 536 535 534 534 323 292 289 286 282 281 281 281 270 269 268 268 268 267 267 248 129 122 121 121 120 120 114 113 113 112 111 110 109 16 13 12 11 11 11 10 9 4 4 1 1 0 
305 2435 1208 1027 1008 1007 1004 1004 1001 998 997 997 997 930 927 926 926 763 723 627 616 598 598 595 595 584 581 581 580 577 577 577 574 574 564 564 552 551 550 547 547 547 547 537 536 535 534 534 323 292 289 286 282 281 281 281 270 269 268 268 268 267 267 248 129 122 121 121 120 120 114 113 113 112 111 110 109 16 13 12 11 11 11 10 9 4 4 1 1 0 
311 2435 1208 1027 1008 1007 1004 1004 1001 998 997 997 997 930 927 926 926 763 723 627 616 598 598 595 595 584 581 581 580 577 577 577 574 574 564 564 552 551 550 547 547 547 547 537 536 535 534 534 323 292 289 286 282 281 281 281 270 269 268 268 268 267 267 248 129 122 121 121 120 120 114 113 113 112 111 110 109 16 13 12 11 11 11 10 9 4 4 1 1 0 
329 2435 1208 1027 1008 1007 1004 1004 1001 998 997 997 997 930 927 926 926 763 723 627 616 598 598 595 595 584 581 581 580 577 577 577 574 574 564 564 552 551 550 547 547 547 547 537 536 535 534 534 323 292 289 286 286 283 282 281 281 270 269 268 268 268 267 267 248 129 122 121 121 120 120 114 113 113 112 111 110 17 14 13 12 12 12 11 10 5 5 2 2 1 
309 2435 1208 1027 1008 1007 1004 1004 1001 998 997 997 997 930 927 926 926 763 723 627 616 598 598 595 595 584 581 581 580 577 577 577 574 574 564 564 552 551 548 547 547 547 547 537 536 535 534 534 323 292 289 286 286 283 282 281 281 270 269 268 268 268 267 267 248 129 122 121 121 120 120 114 113 113 112 111 110 109 16 13 12 11 11 11 10 9 4 4 1 1 0 
307 2435 1208 1027 1008 1007 1004 1004 1001 998 997 997 997 930 927 926 926 763 723 627 616 598 598 595 595 584 581 581 580 577 577 577 574 574 564 564 552 551 548 547 547 547 547 537 536 535 534 534 323 292 289 286 286 283 282 281 281 270 269 268 268 268 267 267 248 129 122 121 121 120 120 114 113 113 112 111 110 109 16 13 12 11 11 11 10 9 4 4 1 1 0 
313 2435 1208 1027 1008 1007 1004 1004 1001 998 997 997 997 930 927 926 926 763 723 627 616 598 598 595 595 584 581 581 580 577 577 577 574 574 564 564 552 551 550 547 547 547 547 537 536 535 534 534 323 292 289 286 286 283 282 281 281 270 269 268 268 268 267 267 248 129 122 121 121 120 120 114 113 113 112 111 110 109 16 13 12 11 11 11 10 9 4 4 1 1 0 
314 2435 1208 1027 1008 1007 1004 1004 1001 998 997 997 997 930 927 926 926 763 723 627 616 598 598 595 595 584 581 581 580 577 577 577 574 574 564 564 552 551 550 547 547 547 547 537 536 535 534 534 323 292 289 286 286 283 282 281 281 270 269 268 268 268 267 267 248 129 122 121 121 120 120 114 113 113 112 111 110 109 16 13 12 11 11 11 10 9 4 4 1 1 0 
317 2435 1208 1027 1008 1007 1004 1004 1001 998 997 997 997 930 927 926 926 763 723 627 616 598 598 595 595 584 581 581 580 577 577 577 574 574 564 564 552 551 550 547 547 547 547 537 536 535 534 534 323 292 289 286 286 283 282 281 281 270 269 268 268 268 267 267 248 129 122 121 121 120 120 114 113 113 112 111 110 109 16 13 12 11 11 11 10 9 4 4 1 1 0 
308 2435 1208 1027 1008 1007 1004 1004 1001 998 997 997 997 930 927 926 926 763 723 627 616 598 598 595 595 584 581 581 580 577 577 577 574 574 564 564 552 551 550 547 547 547 547 537 536 535 534 534 323 292 289 286 286 283 282 281 281 270 269 268 268 268 267 267 248 129 122 121 121 120 120 114 113 113 112 111 110 109 16 13 12 11 11 11 10 9 4 4 1 1 0 
324 2435 1208 1027 1008 1007 1004 1004 1001 998 997 997 997 930 927 926 926 763 723 627 616 598 598 595 595 584 581 581 580 577 577 577 574 574 564 564 552 551 550 547 547 547 547 537 536 535 534 534 323 292 289 286 286 283 282 281 281 270 269 268 268 268 267 267 248 129 122 121 121 120 120 114 113 113 112 111 110 109 16 13 12 11 11 11 10 9 4 4 1 1 0 
304 2435 1208 1027 1008 1007 1004 1004 1001 998 997 997 997 930 927 926 926 763 723 627 616 598 598 595 595 584 581 581 580 577 577 577 574 574 564 564 552 551 550 547 547 547 547 537 536 535 534 534 323 292 289 286 286 283 282 281 281 270 269 268 268 268 267 267 248 129 122 121 121 120 120 114 113 113 112 111 110 109 16 13 12 11 11 11 10 9 4 4 1 1 0 
345 2435 1208 1027 1008 1007 1004 1004 1001 998 997 997 997 930 927 926 926 763 723 627 616 598 598 595 595 584 581 581 580 577 577 577 574 574 564 564 552 551 550 547 547 547 547 537 536 535 534 534 323 292 289 286 286 283 282 281 281 270 269 268 268 268 267 267 248 129 122 121 121 120 120 114 113 113 112 111 110 109 16 13 12 11 11 11 10 9 4 4 1 1 0 
333 2435 1208 1027 1008 1007 1004 1004 1001 998 997 997 997 930 927 926 926 763 723 627 616 598 598 595 595 584 581 581 580 577 577 577 574 574 564 564 552 551 550 547 547 547 547 537 536 535 534 534 323 292 289 286 286 283 282 281 281 270 269 268 268 268 267 267 248 129 122 121 121 120 120 114 113 113 112 111 110 109 16 13 12 11 11 11 10 9 4 4 1 1 0 
340 2435 1208 1027 1008 1007 1004 1004 1001 998 997 997 997 930 927 926 926 763 723 627 616 598 598 595 595 584 581 581 580 577 577 577 574 574 564 564 552 551 550 547 547 547 547 537 536 535 534 534 323 292 289 286 286 283 282 281 281 270 269 268 268 268 267 267 248 129 122 121 121 120 120 114 113 113 112 111 110 109 16 13 12 11 11 11 10 9 4 4 1 1 0 
343 2435 1208 1027 1008 1007 1004 1004 1001 998 997 997 997 930 927 926 926 763 723 627 616 598 598 595 595 584 581 581 580 577 577 577 574 574 564 564 552 551 550 547 547 547 547 537 536 535 534 534 323 292 289 286 286 283 282 281 281 270 269 268 268 268 267 267 248 129 122 121 121 120 120 114 113 113 112 111 110 109 16 13 12 11 11 11 10 9 4 4 1 1 0 
306 2435 1208 1027 1008 1007 1004 1004 1001 998 997 997 997 930 927 926 926 763 723 627 616 598 598 595 595 584 581 581 580 577 577 577 574 574 564 564 552 551 550 547 547 547 547 537 536 535 534 534 323 292 289 286 286 283 282 281 281 270 269 268 268 268 267 267 248 129 122 121 121 120 120 114 113 113 112 111 110 109 16 13 12 11 11 11 10 9 4 4 1 1 0 
318 2435 1208 1027 1008 1007 1004 1004 1001 998 997 997 997 930 927 926 926 763 723 627 616 598 598 595 595 584 581 581 580 577 577 577 574 574 564 564 552 551 550 547 547 547 547 537 536 535 534 534 323 292 289 286 286 283 282 281 281 270 269 268 268 268 267 267 248 129 122 121 121 120 120 114 113 113 112 111 110 109 16 13 12 11 11 11 10 9 4 4 1 1 0 
322 2435 1208 1027 1008 1007 1004 1004 1001 998 997 997 997 930 927 926 926 763 723 627 616 598 598 595 595 584 581 581 580 577 577 577 574 574 564 564 552 551 550 547 547 547 547 537 536 535 534 534 323 292 289 286 286 283 282 281 281 270 269 268 268 268 267 267 248 129 122 121 121 120 120 114 113 113 112 111 110 109 16 13 12 11 11 11 10 9 4 4 1 1 0 
