Unperturbed 2435 1208 1027 1008 1007 1004 1004 1001 998 997 997 997 930 927 926 926 763 723 627 616 598 598 595 595 584 581 581 580 577 577 577 574 574 564 564 552 551 550 547 547 547 547 537 536 535 534 534 323 292 289 286 286 283 282 281 281 270 269 268 268 268 267 267 248 129 122 121 121 120 120 114 113 113 112 111 110 109 16 13 12 11 11 11 10 9 4 4 1 1 0 
320 2435 1208 1057 1041 1040 1039 1038 1037 1037 1036 823 686 682 668 668 648 644 643 642 642 641 641 640 639 599 577 572 568 567 567 561 560 560 560 559 558 558 557 556 553 547 546 538 537 536 536 536 325 294 291 288 288 285 284 283 283 272 271 270 270 270 269 269 250 131 124 123 123 122 122 116 115 115 114 113 112 111 18 15 14 13 13 13 12 11 6 6 3 3 2 
327 2435 1208 1027 1008 1007 1004 1004 1001 998 997 997 997 930 927 926 926 763 723 627 616 598 598 595 595 584 581 581 580 577 577 577 574 574 564 564 552 551 550 547 547 547 547 537 536 535 534 534 365 335 332 329 329 328 328 327 310 307 306 306 306 305 305 286 168 148 147 147 144 140 139 139 136 136 136 66 62 61 60 60 60 50 50 49 48 48 45 44 
316 2435 1208 1027 1008 1007 1004 1004 1001 998 997 997 997 930 927 926 926 763 723 627 616 598 598 595 595 584 581 581 580 577 577 577 574 574 564 564 552 551 550 547 547 547 547 537 536 535 534 534 350 316 313 312 312 309 308 294 287 286 285 284 284 283 282 281 281 262 157 156 155 155 154 153 152 67 57 57 54 50 50 47 47 44 44 41 33 32 32 31 30 29 
341 2435 1208 1027 1008 1007 1004 1004 1001 998 997 997 997 930 927 926 926 763 723 627 616 598 598 595 595 584 581 581 580 577 577 577 574 574 564 564 552 551 550 547 547 547 547 537 536 535 534 534 356 326 323 320 320 319 319 318 301 298 297 297 297 296 296 277 158 151 150 150 149 149 143 142 142 141 140 139 138 45 42 41 40 40 40 39 38 33 33 30 30 29 
313 2435 1208 1027 1008 1007 1004 1004 1001 998 997 997 997 997 930 927 926 926 763 723 627 616 598 598 595 595 584 581 581 580 577 577 577 574 574 564 564 552 551 550 547 547 547 547 537 536 535 534 534 323 292 289 286 286 283 282 281 281 270 269 268 268 268 267 267 248 129 122 121 121 120 120 114 113 113 112 111 110 109 16 13 12 11 11 11 10 9 4 4 1 1 0 
342 2435 1208 1027 1008 1007 1004 1004 1001 998 997 997 997 930 927 926 926 763 723 627 616 598 598 595 595 584 581 581 580 577 577 577 574 574 564 564 552 551 550 547 547 547 547 537 536 535 534 534 346 315 312 309 309 306 305 304 304 293 292 291 291 291 290 290 271 152 145 144 144 143 143 137 136 136 135 134 133 132 39 36 35 34 34 34 33 32 27 27 24 24 23 
328 2435 1208 1027 1008 1007 1004 1004 1001 998 997 997 997 930 927 926 926 763 723 627 616 598 598 595 595 584 581 581 580 577 577 577 574 574 564 564 552 551 550 547 547 547 547 537 536 535 534 534 333 304 301 298 298 295 294 293 293 288 281 280 280 279 279 260 142 136 128 120 119 119 119 119 118 118 117 36 35 34 34 33 32 31 30 29 28 25 24 23 23 
344 2435 1208 1027 1008 1007 1004 1004 1001 998 997 997 997 930 927 926 926 763 723 627 616 598 598 595 595 584 581 581 580 577 577 577 574 574 564 564 552 551 550 547 547 547 547 537 536 535 534 534 328 297 294 291 291 288 287 286 286 275 274 273 273 273 272 272 253 149 129 128 128 125 121 120 120 120 119 26 23 22 21 21 21 20 19 14 14 11 11 10 
339 2435 1208 1027 1008 1007 1004 1004 1001 998 997 997 997 930 927 926 926 763 723 627 616 598 598 595 595 584 581 581 580 577 577 577 574 574 564 564 552 551 550 547 547 547 547 537 536 535 534 534 322 291 288 285 285 282 281 280 280 269 268 267 267 267 266 266 247 143 135 132 131 131 128 127 126 125 125 125 11 8 7 7 7 7 6 5 4 3 2 1 1 0 0 
310 2435 1208 1027 1008 1007 1004 1004 1001 998 997 997 997 930 927 926 926 763 723 627 616 598 598 595 595 584 581 581 580 577 577 577 574 574 564 564 552 551 550 547 547 547 547 537 536 535 534 534 323 292 289 286 286 283 282 281 281 270 269 268 268 268 267 267 248 129 122 121 121 120 120 114 113 113 112 111 110 109 16 13 12 11 11 11 10 9 4 4 1 1 0 
337 2435 1208 1027 1008 1007 1004 1004 1001 998 997 997 997 930 927 926 926 763 723 627 616 598 598 595 595 584 581 581 580 577 577 577 574 574 564 564 552 551 550 547 547 547 547 537 536 535 534 534 323 292 289 286 286 283 282 281 281 270 269 268 268 268 267 267 248 129 122 121 121 120 120 114 113 113 112 111 110 109 16 13 12 11 11 11 10 9 4 4 1 1 0 
314 2435 1208 1027 1008 1007 1004 1004 1001 998 997 997 997 930 927 926 926 763 723 627 616 598 598 595 595 584 581 581 580 577 577 577 574 574 564 564 552 551 550 547 547 547 547 537 536 535 534 534 323 292 289 286 286 283 282 281 281 270 269 268 268 268 267 267 248 129 122 121 121 120 120 114 113 113 112 111 110 109 16 13 12 11 11 11 10 9 4 4 1 1 0 
317 2435 1208 1027 1008 1007 1004 1004 1001 998 997 997 997 930 927 926 926 763 723 627 616 598 598 595 595 584 581 581 580 577 577 577 574 574 564 564 552 551 550 547 547 547 547 537 536 535 534 534 323 292 289 286 286 283 282 281 281 270 269 268 268 268 267 267 248 129 122 121 121 120 120 114 113 113 112 111 110 109 16 13 12 11 11 11 10 9 4 4 1 1 0 
308 2435 1208 1027 1008 1007 1004 1004 1001 998 997 997 997 930 927 926 926 763 723 627 616 598 598 595 595 584 581 581 580 577 577 577 574 574 564 564 552 551 550 547 547 547 547 537 536 535 534 534 323 292 289 286 286 283 282 281 281 270 269 268 268 268 267 267 248 129 122 121 121 120 120 114 113 113 112 111 110 109 16 13 12 11 11 11 10 9 4 4 1 1 0 
324 2435 1208 1027 1008 1007 1004 1004 1001 998 997 997 997 930 927 926 926 763 723 627 616 598 598 595 595 584 581 581 580 577 577 577 574 574 564 564 552 551 550 547 547 547 547 537 536 535 534 534 323 292 289 286 286 283 282 281 281 270 269 268 268 268 267 267 248 129 122 121 121 120 120 114 113 113 112 111 110 109 16 13 12 11 11 11 10 9 4 4 1 1 0 
309 2435 1208 1027 1008 1007 1004 1004 1001 998 997 997 997 930 927 926 926 763 723 627 616 598 598 595 595 584 581 581 580 577 577 577 574 574 564 564 552 551 550 547 547 547 547 537 536 535 534 534 323 292 289 286 286 283 282 281 281 270 269 268 268 268 267 267 248 129 122 121 121 120 120 114 113 113 112 111 110 109 16 13 12 11 11 11 10 9 4 4 1 1 0 
303 2435 1208 1027 1008 1007 1004 1004 1001 998 997 997 997 930 927 926 926 763 723 627 616 598 598 595 595 584 581 581 580 577 577 577 574 574 564 564 552 551 550 547 547 547 547 537 536 535 534 534 323 292 289 286 286 283 282 281 281 270 269 268 268 268 267 267 248 129 122 121 121 120 120 114 113 113 112 111 110 109 16 13 12 11 11 11 10 9 4 4 1 1 0 
321 2435 1208 1027 1008 1007 1004 1004 1001 998 997 997 997 930 927 926 926 763 723 627 616 598 598 595 595 584 581 581 580 577 577 577 574 574 564 564 552 551 550 547 547 547 547 537 536 535 534 534 323 292 289 286 286 283 282 281 281 270 269 268 268 268 267 267 248 129 122 121 121 120 120 114 113 113 112 111 110 109 16 13 12 11 11 11 10 9 4 4 1 1 0 
338 2435 1208 1027 1008 1007 1004 1004 1001 998 997 997 997 930 927 926 926 763 723 627 616 598 598 595 595 584 581 581 580 577 577 577 574 574 564 564 552 551 550 547 547 547 547 537 536 535 534 534 323 292 289 286 286 283 282 281 281 270 269 268 268 268 267 267 248 129 122 121 121 120 120 114 113 113 112 111 110 109 16 13 12 11 11 11 10 9 4 4 1 1 0 
304 2435 1208 1027 1008 1007 1004 1004 1001 998 997 997 997 930 927 926 926 763 723 627 616 598 598 595 595 584 581 581 580 577 577 577 574 574 564 564 552 551 550 547 547 547 547 537 536 535 534 534 323 292 289 286 286 283 282 281 281 270 269 268 268 268 267 267 248 129 122 121 121 120 120 114 113 113 112 111 110 109 16 13 12 11 11 11 10 9 4 4 1 1 0 
312 2435 1208 1027 1008 1007 1004 1004 1001 998 997 997 997 930 927 926 926 763 723 627 616 598 598 595 595 584 581 581 580 577 577 577 574 574 564 564 552 551 550 547 547 547 547 537 536 535 534 534 323 292 289 286 286 283 282 281 281 270 269 268 268 268 267 267 248 129 122 121 121 120 120 114 113 113 112 111 110 109 16 13 12 11 11 11 10 9 4 4 1 1 0 
307 2435 1208 1027 1008 1007 1004 1004 1001 998 997 997 997 930 927 926 926 763 723 627 616 598 598 595 595 584 581 581 580 577 577 577 574 574 564 564 552 551 550 547 547 547 547 537 536 535 534 534 323 292 289 286 286 283 282 281 281 270 269 268 268 268 267 267 248 129 122 121 121 120 120 114 113 113 112 111 110 109 16 13 12 11 11 11 10 9 4 4 1 1 0 
345 2435 1208 1027 1008 1007 1004 1004 1001 998 997 997 997 930 927 926 926 763 723 627 616 598 598 595 595 584 581 581 580 577 577 577 574 574 564 564 552 551 550 547 547 547 547 537 536 535 534 534 323 292 289 286 286 283 282 281 281 270 269 268 268 268 267 267 248 129 122 121 121 120 120 114 113 113 112 111 110 109 16 13 12 11 11 11 10 9 4 4 1 1 0 
305 2435 1208 1027 1008 1007 1004 1004 1001 998 997 997 997 930 927 926 926 763 723 627 616 598 598 595 595 584 581 581 580 577 577 577 574 574 564 564 552 551 550 547 547 547 547 537 536 535 534 534 323 292 289 286 286 283 282 281 281 270 269 268 268 268 267 267 248 129 122 121 121 120 120 114 113 113 112 111 110 109 16 13 12 11 11 11 10 9 4 4 1 1 0 
333 2435 1208 1027 1008 1007 1004 1004 1001 998 997 997 997 930 927 926 926 763 723 627 616 598 598 595 595 584 581 581 580 577 577 577 574 574 564 564 552 551 550 547 547 547 547 537 536 535 534 534 323 292 289 286 286 283 282 281 281 270 269 268 268 268 267 267 248 129 122 121 121 120 120 114 113 113 112 111 110 109 16 13 12 11 11 11 10 9 4 4 1 1 0 
334 2435 1208 1027 1008 1007 1004 1004 1001 998 997 997 997 930 927 926 926 763 723 627 616 598 598 595 595 584 581 581 580 577 577 577 574 574 564 564 552 551 550 547 547 547 547 537 536 535 534 534 323 292 289 286 286 283 282 281 281 270 269 268 268 268 267 267 248 129 122 121 121 120 120 114 113 113 112 111 110 109 16 13 12 11 11 11 10 9 4 4 1 1 0 
325 2435 1208 1027 1008 1007 1004 1004 1001 998 997 997 997 930 927 926 926 763 723 627 616 598 598 595 595 584 581 581 580 577 577 577 574 574 564 564 552 551 550 547 547 547 547 537 536 535 534 534 323 292 289 286 286 283 282 281 281 270 269 268 268 268 267 267 248 129 122 121 121 120 120 114 113 113 112 111 110 109 16 13 12 11 11 11 10 9 4 4 1 1 0 
340 2435 1208 1027 1008 1007 1004 1004 1001 998 997 997 997 930 927 926 926 763 723 627 616 598 598 595 595 584 581 581 580 577 577 577 574 574 564 564 552 551 550 547 547 547 547 537 536 535 534 534 323 292 289 286 286 283 282 281 281 270 269 268 268 268 267 267 248 129 122 121 121 120 120 114 113 113 112 111 110 109 16 13 12 11 11 11 10 9 4 4 1 1 0 
343 2435 1208 1027 1008 1007 1004 1004 1001 998 997 997 997 930 927 926 926 763 723 627 616 598 598 595 595 584 581 581 580 577 577 577 574 574 564 564 552 551 550 547 547 547 547 537 536 535 534 534 323 292 289 286 286 283 282 281 281 270 269 268 268 268 267 267 248 129 122 121 121 120 120 114 113 113 112 111 110 109 16 13 12 11 11 11 10 9 4 4 1 1 0 
306 2435 1208 1027 1008 1007 1004 1004 1001 998 997 997 997 930 927 926 926 763 723 627 616 598 598 595 595 584 581 581 580 577 577 577 574 574 564 564 552 551 550 547 547 547 547 537 536 535 534 534 323 292 289 286 286 283 282 281 281 270 269 268 268 268 267 267 248 129 122 121 121 120 120 114 113 113 112 111 110 109 16 13 12 11 11 11 10 9 4 4 1 1 0 
330 2435 1208 1027 1008 1007 1004 1004 1001 998 997 997 997 930 927 926 926 763 723 627 616 598 598 595 595 584 581 581 580 577 577 577 574 574 564 564 552 551 550 547 547 547 547 537 536 535 534 534 323 292 289 286 286 283 282 281 281 270 269 268 268 268 267 267 248 129 122 121 121 120 120 114 113 113 112 111 110 109 16 13 12 11 11 11 10 9 4 4 1 1 0 
329 2435 1208 1027 1008 1007 1004 1004 1001 998 997 997 997 930 927 926 926 763 723 627 616 598 598 595 595 584 581 581 580 577 577 577 574 574 564 564 552 551 550 547 547 547 547 537 536 535 534 534 323 292 289 286 286 283 282 281 281 270 269 268 268 268 267 267 248 129 122 121 121 120 120 114 113 113 112 111 110 109 16 13 12 11 11 11 10 9 4 4 1 1 0 
318 2435 1208 1027 1008 1007 1004 1004 1001 998 997 997 997 930 927 926 926 763 723 627 616 598 598 595 595 584 581 581 580 577 577 577 574 574 564 564 552 551 550 547 547 547 547 537 536 535 534 534 323 292 289 286 286 283 282 281 281 270 269 268 268 268 267 267 248 129 122 121 121 120 120 114 113 113 112 111 110 109 16 13 12 11 11 11 10 9 4 4 1 1 0 
322 2435 1208 1027 1008 1007 1004 1004 1001 998 997 997 997 930 927 926 926 763 723 627 616 598 598 595 595 584 581 581 580 577 577 577 574 574 564 564 552 551 550 547 547 547 547 537 536 535 534 534 323 292 289 286 286 283 282 281 281 270 269 268 268 268 267 267 248 129 122 121 121 120 120 114 113 113 112 111 110 109 16 13 12 11 11 11 10 9 4 4 1 1 0 
332 2435 1208 1027 1008 1007 1004 1004 1001 998 997 997 997 930 927 926 926 763 723 627 616 598 598 595 595 584 581 581 580 577 577 577 574 574 564 564 552 551 550 547 547 547 547 537 536 535 534 534 323 292 289 286 286 283 282 281 281 270 269 268 268 268 267 267 248 129 122 121 121 120 120 114 113 113 112 111 110 109 16 13 12 11 11 11 10 9 4 4 1 1 0 
311 2435 1208 1027 1008 1007 1004 1004 1001 998 997 997 997 930 927 926 926 763 723 627 616 598 598 595 595 584 581 581 580 577 577 577 574 574 564 564 552 551 550 547 547 547 547 537 536 535 534 534 323 292 289 286 286 283 282 281 281 270 269 268 268 268 267 267 248 129 122 121 121 120 120 114 113 113 112 111 110 109 16 13 12 11 11 11 10 9 4 4 1 1 0 
335 2435 1208 1027 1008 1007 1004 1004 1001 998 997 997 997 930 927 926 926 763 723 627 616 598 598 595 595 584 581 581 580 577 577 577 574 574 564 564 552 551 550 547 547 547 547 537 536 535 534 534 323 292 289 286 286 283 282 281 281 270 269 268 268 268 267 267 248 129 122 121 121 120 120 114 113 113 112 111 110 109 16 13 12 11 11 11 10 9 4 4 1 1 0 
