Unperturbed 2435 1208 1027 1008 1007 1004 1004 1001 998 997 997 997 930 927 926 926 763 723 627 616 598 598 595 595 584 581 581 580 577 577 577 574 574 564 564 552 551 550 547 547 547 547 537 536 535 534 534 323 292 289 286 286 283 282 281 281 270 269 268 268 268 267 267 248 129 122 121 121 120 120 114 113 113 112 111 110 109 16 13 12 11 11 11 10 9 4 4 1 1 0 
ADD1@310#12652435 1208 1027 1008 1007 1004 1004 1001 998 997 997 997 930 927 926 926 763 723 627 616 598 598 595 595 584 581 581 580 577 577 577 574 574 564 564 552 551 550 547 547 547 547 537 536 535 534 534 323 292 289 286 286 283 282 281 281 270 269 268 268 268 267 267 248 129 122 121 121 120 120 114 113 113 112 111 110 109 16 13 12 11 11 11 10 9 4 4 1 1 0 
ADD1@337#5672435 1208 1027 1008 1007 1004 1004 1001 998 997 997 997 930 927 926 926 763 723 627 616 598 598 595 595 584 581 581 580 577 577 577 574 574 564 564 552 551 550 547 547 547 547 537 536 535 534 534 323 292 289 286 286 283 282 281 281 270 269 268 268 268 267 267 248 129 122 121 121 120 120 114 113 113 112 111 110 109 16 13 12 11 11 11 10 9 4 4 1 1 0 
ADD1@313#42792435 1208 1027 1008 1007 1004 1004 1001 998 997 997 997 930 927 926 926 763 723 627 616 598 598 595 595 584 581 581 580 577 577 577 574 574 564 564 552 551 550 547 547 547 547 537 536 535 534 534 323 292 289 286 286 283 282 281 281 270 269 268 268 268 267 267 248 129 122 121 121 120 120 114 113 113 112 111 110 109 16 13 12 11 11 11 10 9 4 4 1 1 0 
ADD1@314#65452435 1208 1027 1008 1007 1004 1004 1001 998 997 997 997 930 927 926 926 763 723 627 616 598 598 595 595 584 581 581 580 577 577 577 574 574 564 564 552 551 550 547 547 547 547 537 536 535 534 534 323 292 289 286 286 283 282 281 281 270 269 268 268 268 267 267 248 129 122 121 121 120 120 114 113 113 112 111 110 109 16 13 12 11 11 11 10 9 4 4 1 1 0 
ADD1@327#22432435 1208 1027 1008 1007 1004 1004 1001 998 997 997 997 930 927 926 926 763 723 627 616 598 598 595 595 584 581 581 580 577 577 577 574 574 564 564 552 551 550 547 547 547 547 537 536 535 534 534 323 292 289 286 286 283 282 281 281 270 269 268 268 268 267 267 248 129 122 121 121 120 120 114 113 113 112 111 110 109 16 13 12 11 11 11 10 9 4 4 1 1 0 
ADD1@317#57892435 1208 1027 1008 1007 1004 1004 1001 998 997 997 997 930 927 926 926 763 723 627 616 598 598 595 595 584 581 581 580 577 577 577 574 574 564 564 552 551 550 547 547 547 547 537 536 535 534 534 323 292 289 286 286 283 282 281 281 270 269 268 268 268 267 267 248 129 122 121 121 120 120 114 113 113 112 111 110 109 16 13 12 11 11 11 10 9 4 4 1 1 0 
ADD1@308#12482435 1208 1027 1008 1007 1004 1004 1001 998 997 997 997 930 927 926 926 763 723 627 616 598 598 595 595 584 581 581 580 577 577 577 574 574 564 564 552 551 550 547 547 547 547 537 536 535 534 534 323 292 289 286 286 283 282 281 281 270 269 268 268 268 267 267 248 129 122 121 121 120 120 114 113 113 112 111 110 109 16 13 12 11 11 11 10 9 4 4 1 1 0 
ADD1@324#42982435 1208 1027 1008 1007 1004 1004 1001 998 997 997 997 930 927 926 926 763 723 627 616 598 598 595 595 584 581 581 580 577 577 577 574 574 564 564 552 551 550 547 547 547 547 537 536 535 534 534 323 292 289 286 286 283 282 281 281 270 269 268 268 268 267 267 248 129 122 121 121 120 120 114 113 113 112 111 110 109 16 13 12 11 11 11 10 9 4 4 1 1 0 
ADD1@309#12742435 1208 1027 1008 1007 1004 1004 1001 998 997 997 997 930 927 926 926 763 723 627 616 598 598 595 595 584 581 581 580 577 577 577 574 574 564 564 552 551 550 547 547 547 547 537 536 535 534 534 323 292 289 286 286 283 282 281 281 270 269 268 268 268 267 267 248 129 122 121 121 120 120 114 113 113 112 111 110 109 16 13 12 11 11 11 10 9 4 4 1 1 0 
ADD1@341#24412435 1208 1027 1008 1007 1004 1004 1001 998 997 997 997 930 927 926 926 763 723 627 616 598 598 595 595 584 581 581 580 577 577 577 574 574 564 564 552 551 550 547 547 547 547 537 536 535 534 534 323 292 289 286 286 283 282 281 281 270 269 268 268 268 267 267 248 129 122 121 121 120 120 114 113 113 112 111 110 109 16 13 12 11 11 11 10 9 4 4 1 1 0 
ADD1@303#19002435 1208 1027 1008 1007 1004 1004 1001 998 997 997 997 930 927 926 926 763 723 627 616 598 598 595 595 584 581 581 580 577 577 577 574 574 564 564 552 551 550 547 547 547 547 537 536 535 534 534 323 292 289 286 286 283 282 281 281 270 269 268 268 268 267 267 248 129 122 121 121 120 120 114 113 113 112 111 110 109 16 13 12 11 11 11 10 9 4 4 1 1 0 
ADD1@321#110592435 1208 1027 1008 1007 1004 1004 1001 998 997 997 997 930 927 926 926 763 723 627 616 598 598 595 595 584 581 581 580 577 577 577 574 574 564 564 552 551 550 547 547 547 547 537 536 535 534 534 323 292 289 286 286 283 282 281 281 270 269 268 268 268 267 267 248 129 122 121 121 120 120 114 113 113 112 111 110 109 16 13 12 11 11 11 10 9 4 4 1 1 0 0 
ADD1@338#6002435 1208 1027 1008 1007 1004 1004 1001 998 997 997 997 930 927 926 926 763 723 627 616 598 598 595 595 584 581 581 580 577 577 577 574 574 564 564 552 551 550 547 547 547 547 537 536 535 534 534 323 292 289 286 286 283 282 281 281 270 269 268 268 268 267 267 248 129 122 121 121 120 120 114 113 113 112 111 110 109 16 13 12 11 11 11 10 9 4 4 1 1 0 
ADD1@304#6782435 1208 1027 1008 1007 1004 1004 1001 998 997 997 997 930 927 926 926 763 723 627 616 598 598 595 595 584 581 581 580 577 577 577 574 574 564 564 552 551 550 547 547 547 547 537 536 535 534 534 323 292 289 286 286 283 282 281 281 270 269 268 268 268 267 267 248 129 122 121 121 120 120 114 113 113 112 111 110 109 16 13 12 11 11 11 10 9 4 4 1 1 0 
ADD1@316#69192435 1208 1027 1008 1007 1004 1004 1001 998 997 997 997 930 927 926 926 763 723 627 616 598 598 595 595 584 581 581 580 577 577 577 574 574 564 564 552 551 550 547 547 547 547 537 536 535 534 534 323 292 289 286 286 283 282 281 281 270 269 268 268 268 267 267 248 129 122 121 121 120 120 114 113 113 112 111 110 109 16 13 12 11 11 11 10 9 4 4 1 1 0 
ADD1@339#24532435 1208 1027 1008 1007 1004 1004 1001 998 997 997 997 930 927 926 926 763 723 627 616 598 598 595 595 584 581 581 580 577 577 577 574 574 564 564 552 551 550 547 547 547 547 537 536 535 534 534 323 292 289 286 286 283 282 281 281 270 269 268 268 268 267 267 248 129 122 121 121 120 120 114 113 113 112 111 110 109 16 13 12 11 11 11 10 9 4 4 1 1 0 
ADD1@312#21212435 1208 1027 1008 1007 1004 1004 1001 998 997 997 997 930 927 926 926 763 723 627 616 598 598 595 595 584 581 581 580 577 577 577 574 574 564 564 552 551 550 547 547 547 547 537 536 535 534 534 323 292 289 286 286 283 282 281 281 270 269 268 268 268 267 267 248 129 122 121 121 120 120 114 113 113 112 111 110 109 16 13 12 11 11 11 10 9 4 4 1 1 0 
ADD1@328#21002435 1208 1027 1008 1007 1004 1004 1001 998 997 997 997 930 927 926 926 763 723 627 616 598 598 595 595 584 581 581 580 577 577 577 574 574 564 564 552 551 550 547 547 547 547 537 536 535 534 534 323 292 289 286 286 283 282 281 281 270 269 268 268 268 267 267 248 129 122 121 121 120 120 114 113 113 112 111 110 109 16 13 12 11 11 11 10 9 4 4 1 1 0 
ADD1@307#12702435 1208 1027 1008 1007 1004 1004 1001 998 997 997 997 930 927 926 926 763 723 627 616 598 598 595 595 584 581 581 580 577 577 577 574 574 564 564 552 551 550 547 547 547 547 537 536 535 534 534 323 292 289 286 286 283 282 281 281 270 269 268 268 268 267 267 248 129 122 121 121 120 120 114 113 113 112 111 110 109 16 13 12 11 11 11 10 9 4 4 1 1 0 
ADD1@345#25462435 1208 1027 1008 1007 1004 1004 1001 998 997 997 997 930 927 926 926 763 723 627 616 598 598 595 595 584 581 581 580 577 577 577 574 574 564 564 552 551 550 547 547 547 547 537 536 535 534 534 323 292 289 286 286 283 282 281 281 270 269 268 268 268 267 267 248 129 122 121 121 120 120 114 113 113 112 111 110 109 16 13 12 11 11 11 10 9 4 4 1 1 0 
ADD1@305#12652435 1208 1027 1008 1007 1004 1004 1001 998 997 997 997 930 927 926 926 763 723 627 616 598 598 595 595 584 581 581 580 577 577 577 574 574 564 564 552 551 550 547 547 547 547 537 536 535 534 534 323 292 289 286 286 283 282 281 281 270 269 268 268 268 267 267 248 129 122 121 121 120 120 114 113 113 112 111 110 109 16 13 12 11 11 11 10 9 4 4 1 1 0 
ADD1@333#6402435 1208 1027 1008 1007 1004 1004 1001 998 997 997 997 930 927 926 926 763 723 627 616 598 598 595 595 584 581 581 580 577 577 577 574 574 564 564 552 551 550 547 547 547 547 537 536 535 534 534 323 292 289 286 286 283 282 281 281 270 269 268 268 268 267 267 248 129 122 121 121 120 120 114 113 113 112 111 110 109 16 13 12 11 11 11 10 9 4 4 1 1 0 
ADD1@334#11712435 1208 1027 1008 1007 1004 1004 1001 998 997 997 997 930 927 926 926 763 723 627 616 598 598 595 595 584 581 581 580 577 577 577 574 574 564 564 552 551 550 547 547 547 547 537 536 535 534 534 323 292 289 286 286 283 282 281 281 270 269 268 268 268 267 267 248 129 122 121 121 120 120 114 113 113 112 111 110 109 16 13 12 11 11 11 10 9 4 4 1 1 0 
ADD1@325#26872435 1208 1027 1008 1007 1004 1004 1001 998 997 997 997 930 927 926 926 763 723 627 616 598 598 595 595 584 581 581 580 577 577 577 574 574 564 564 552 551 550 547 547 547 547 537 536 535 534 534 323 292 289 286 286 283 282 281 281 270 269 268 268 268 267 267 248 129 122 121 121 120 120 114 113 113 112 111 110 109 16 13 12 11 11 11 10 9 4 4 1 1 0 
ADD1@340#25462435 1208 1027 1008 1007 1004 1004 1001 998 997 997 997 930 927 926 926 763 723 627 616 598 598 595 595 584 581 581 580 577 577 577 574 574 564 564 552 551 550 547 547 547 547 537 536 535 534 534 323 292 289 286 286 283 282 281 281 270 269 268 268 268 267 267 248 129 122 121 121 120 120 114 113 113 112 111 110 109 16 13 12 11 11 11 10 9 4 4 1 1 0 
ADD1@342#19492435 1208 1027 1008 1007 1004 1004 1001 998 997 997 997 930 927 926 926 763 723 627 616 598 598 595 595 584 581 581 580 577 577 577 574 574 564 564 552 551 550 547 547 547 547 537 536 535 534 534 323 292 289 286 286 283 282 281 281 270 269 268 268 268 267 267 248 129 122 121 121 120 120 114 113 113 112 111 110 109 16 13 12 11 11 11 10 9 4 4 1 1 0 
ADD1@343#17532435 1208 1027 1008 1007 1004 1004 1001 998 997 997 997 930 927 926 926 763 723 627 616 598 598 595 595 584 581 581 580 577 577 577 574 574 564 564 552 551 550 547 547 547 547 537 536 535 534 534 323 292 289 286 286 283 282 281 281 270 269 268 268 268 267 267 248 129 122 121 121 120 120 114 113 113 112 111 110 109 16 13 12 11 11 11 10 9 4 4 1 1 0 
ADD1@306#12482435 1208 1027 1008 1007 1004 1004 1001 998 997 997 997 930 927 926 926 763 723 627 616 598 598 595 595 584 581 581 580 577 577 577 574 574 564 564 552 551 550 547 547 547 547 537 536 535 534 534 323 292 289 286 286 283 282 281 281 270 269 268 268 268 267 267 248 129 122 121 121 120 120 114 113 113 112 111 110 109 16 13 12 11 11 11 10 9 4 4 1 1 0 
ADD1@330#13592435 1208 1027 1008 1007 1004 1004 1001 998 997 997 997 930 927 926 926 763 723 627 616 598 598 595 595 584 581 581 580 577 577 577 574 574 564 564 552 551 550 547 547 547 547 537 536 535 534 534 323 292 289 286 286 283 282 281 281 270 269 268 268 268 267 267 248 129 122 121 121 120 120 114 113 113 112 111 110 109 16 13 12 11 11 11 10 9 4 4 1 1 0 
ADD1@329#11532435 1208 1027 1008 1007 1004 1004 1001 998 997 997 997 930 927 926 926 763 723 627 616 598 598 595 595 584 581 581 580 577 577 577 574 574 564 564 552 551 550 547 547 547 547 537 536 535 534 534 323 292 289 286 286 283 282 281 281 270 269 268 268 268 267 267 248 129 122 121 121 120 120 114 113 113 112 111 110 109 16 13 12 11 11 11 10 9 4 4 1 1 0 
ADD1@320#35832435 1208 1027 1008 1007 1004 1004 1001 998 997 997 997 930 927 926 926 763 723 627 616 598 598 595 595 584 581 581 580 577 577 577 574 574 564 564 552 551 550 547 547 547 547 537 536 535 534 534 323 292 289 286 286 283 282 281 281 270 269 268 268 268 267 267 248 129 122 121 121 120 120 114 113 113 112 111 110 109 16 13 12 11 11 11 10 9 4 4 1 1 0 0 
ADD1@318#107082435 1208 1027 1008 1007 1004 1004 1001 998 997 997 997 930 927 926 926 763 723 627 616 598 598 595 595 584 581 581 580 577 577 577 574 574 564 564 552 551 550 547 547 547 547 537 536 535 534 534 323 292 289 286 286 283 282 281 281 270 269 268 268 268 267 267 248 129 122 121 121 120 120 114 113 113 112 111 110 109 16 13 12 11 11 11 10 9 4 4 1 1 0 
ADD1@322#65002435 1208 1027 1008 1007 1004 1004 1001 998 997 997 997 930 927 926 926 763 723 627 616 598 598 595 595 584 581 581 580 577 577 577 574 574 564 564 552 551 550 547 547 547 547 537 536 535 534 534 323 292 289 286 286 283 282 281 281 270 269 268 268 268 267 267 248 129 122 121 121 120 120 114 113 113 112 111 110 109 16 13 12 11 11 11 10 9 4 4 1 1 0 
ADD1@332#5592435 1208 1027 1008 1007 1004 1004 1001 998 997 997 997 930 927 926 926 763 723 627 616 598 598 595 595 584 581 581 580 577 577 577 574 574 564 564 552 551 550 547 547 547 547 537 536 535 534 534 323 292 289 286 286 283 282 281 281 270 269 268 268 268 267 267 248 129 122 121 121 120 120 114 113 113 112 111 110 109 16 13 12 11 11 11 10 9 4 4 1 1 0 
ADD1@344#23282435 1208 1027 1008 1007 1004 1004 1001 998 997 997 997 930 927 926 926 763 723 627 616 598 598 595 595 584 581 581 580 577 577 577 574 574 564 564 552 551 550 547 547 547 547 537 536 535 534 534 323 292 289 286 286 283 282 281 281 270 269 268 268 268 267 267 248 129 122 121 121 120 120 114 113 113 112 111 110 109 16 13 12 11 11 11 10 9 4 4 1 1 0 
ADD1@311#12652435 1208 1027 1008 1007 1004 1004 1001 998 997 997 997 930 927 926 926 763 723 627 616 598 598 595 595 584 581 581 580 577 577 577 574 574 564 564 552 551 550 547 547 547 547 537 536 535 534 534 323 292 289 286 286 283 282 281 281 270 269 268 268 268 267 267 248 129 122 121 121 120 120 114 113 113 112 111 110 109 16 13 12 11 11 11 10 9 4 4 1 1 0 
ADD1@335#15092435 1208 1027 1008 1007 1004 1004 1001 998 997 997 997 930 927 926 926 763 723 627 616 598 598 595 595 584 581 581 580 577 577 577 574 574 564 564 552 551 550 547 547 547 547 537 536 535 534 534 323 292 289 286 286 283 282 281 281 270 269 268 268 268 267 267 248 129 122 121 121 120 120 114 113 113 112 111 110 109 16 13 12 11 11 11 10 9 4 4 1 1 0 0 
ADD2@338#6002435 1208 1027 1008 1007 1004 1004 1001 998 997 997 997 930 927 926 926 763 723 627 616 598 598 595 595 584 581 581 580 577 577 577 574 574 564 564 552 551 550 547 547 547 547 537 536 535 534 534 323 292 289 286 286 283 282 281 281 270 269 268 268 268 267 267 248 129 122 121 121 120 120 114 113 113 112 111 110 109 16 13 12 11 11 11 10 9 4 4 4 1 1 0 
ADD2@333#6402435 1208 1027 1008 1007 1004 1004 1001 998 997 997 997 930 927 926 926 763 723 627 616 598 598 595 595 584 581 581 580 577 577 577 574 574 564 564 552 551 550 547 547 547 547 537 536 535 534 534 323 292 289 286 286 283 282 281 281 270 269 268 268 268 267 267 248 129 122 121 121 120 120 114 113 113 112 111 110 109 16 13 12 11 11 11 10 9 4 4 1 1 1 0 
ADD2@310#12652435 1208 1027 1008 1007 1004 1004 1001 998 997 997 997 930 927 926 926 763 723 627 616 598 598 595 595 584 581 581 580 577 577 577 574 574 564 564 552 551 550 547 547 547 547 537 536 535 534 534 323 292 289 286 286 283 282 281 281 270 269 268 268 268 267 267 248 129 122 121 121 120 120 114 113 113 112 111 110 109 16 13 12 11 11 11 10 9 4 4 1 1 0 0 
ADD2@337#5672435 1208 1027 1008 1007 1004 1004 1001 998 997 997 997 930 927 926 926 763 723 627 616 598 598 595 595 584 581 581 580 577 577 577 574 574 564 564 552 551 550 547 547 547 547 537 536 535 534 534 323 292 289 286 286 283 282 281 281 270 269 268 268 268 267 267 248 129 122 121 121 120 120 114 113 113 112 111 110 109 16 13 12 11 11 11 10 9 4 4 1 1 0 
ADD2@313#42792435 1208 1027 1008 1007 1004 1004 1001 998 997 997 997 930 927 926 926 763 723 627 616 598 598 595 595 584 581 581 580 577 577 577 574 574 564 564 552 551 550 547 547 547 547 537 536 535 534 534 323 292 289 286 286 283 282 281 281 270 269 268 268 268 267 267 248 129 122 121 121 120 120 114 113 113 112 111 110 109 16 13 12 11 11 11 10 9 4 4 1 1 0 
ADD2@314#65452435 1208 1027 1008 1007 1004 1004 1001 998 997 997 997 930 927 926 926 763 723 627 616 598 598 595 595 584 581 581 580 577 577 577 574 574 564 564 552 551 550 547 547 547 547 537 536 535 534 534 323 292 289 286 286 283 282 281 281 270 269 268 268 268 267 267 248 129 122 121 121 120 120 114 113 113 112 111 110 109 16 13 12 11 11 11 10 9 4 4 1 1 0 
ADD2@327#22432435 1208 1027 1008 1007 1004 1004 1001 998 997 997 997 930 927 926 926 763 723 627 616 598 598 595 595 584 581 581 580 577 577 577 574 574 564 564 552 551 550 547 547 547 547 537 536 535 534 534 323 292 289 286 286 283 282 281 281 270 269 268 268 268 267 267 248 129 122 121 121 120 120 114 113 113 112 111 110 109 16 13 12 11 11 11 10 9 4 4 1 1 0 
ADD2@317#57892435 1208 1027 1008 1007 1004 1004 1001 998 997 997 997 930 927 926 926 763 723 627 616 598 598 595 595 584 581 581 580 577 577 577 574 574 564 564 552 551 550 547 547 547 547 537 536 535 534 534 323 292 289 286 286 283 282 281 281 270 269 268 268 268 267 267 248 129 122 121 121 120 120 114 113 113 112 111 110 109 16 13 12 11 11 11 10 9 4 4 1 1 0 
ADD2@308#12482435 1208 1027 1008 1007 1004 1004 1001 998 997 997 997 930 927 926 926 763 723 627 616 598 598 595 595 584 581 581 580 577 577 577 574 574 564 564 552 551 550 547 547 547 547 537 536 535 534 534 323 292 289 286 286 283 282 281 281 270 269 268 268 268 267 267 248 129 122 121 121 120 120 114 113 113 112 111 110 109 16 13 12 11 11 11 10 9 4 4 1 1 0 
ADD2@324#42982435 1208 1027 1008 1007 1004 1004 1001 998 997 997 997 930 927 926 926 763 723 627 616 598 598 595 595 584 581 581 580 577 577 577 574 574 564 564 552 551 550 547 547 547 547 537 536 535 534 534 323 292 289 286 286 283 282 281 281 270 269 268 268 268 267 267 248 129 122 121 121 120 120 114 113 113 112 111 110 109 16 13 12 11 11 11 10 9 4 4 1 1 0 
ADD2@309#12742435 1208 1027 1008 1007 1004 1004 1001 998 997 997 997 930 927 926 926 763 723 627 616 598 598 595 595 584 581 581 580 577 577 577 574 574 564 564 552 551 550 547 547 547 547 537 536 535 534 534 323 292 289 286 286 283 282 281 281 270 269 268 268 268 267 267 248 129 122 121 121 120 120 114 113 113 112 111 110 109 16 13 12 11 11 11 10 9 4 4 1 1 0 
ADD2@341#24412435 1208 1027 1008 1007 1004 1004 1001 998 997 997 997 930 927 926 926 763 723 627 616 598 598 595 595 584 581 581 580 577 577 577 574 574 564 564 552 551 550 547 547 547 547 537 536 535 534 534 323 292 289 286 286 283 282 281 281 270 269 268 268 268 267 267 248 129 122 121 121 120 120 114 113 113 112 111 110 109 16 13 12 11 11 11 10 9 4 4 1 1 0 
ADD2@303#19002435 1208 1027 1008 1007 1004 1004 1001 998 997 997 997 930 927 926 926 763 723 627 616 598 598 595 595 584 581 581 580 577 577 577 574 574 564 564 552 551 550 547 547 547 547 537 536 535 534 534 323 292 289 286 286 283 282 281 281 270 269 268 268 268 267 267 248 129 122 121 121 120 120 114 113 113 112 111 110 109 16 13 12 11 11 11 10 9 4 4 1 1 0 0 
ADD2@321#110592435 1208 1027 1008 1007 1004 1004 1001 998 997 997 997 930 927 926 926 763 723 627 616 598 598 595 595 584 581 581 580 577 577 577 574 574 564 564 552 551 550 547 547 547 547 537 536 535 534 534 323 292 289 286 286 283 282 281 281 270 269 268 268 268 267 267 248 129 122 121 121 120 120 114 113 113 112 111 110 109 16 13 12 11 11 11 10 9 4 4 1 1 0 0 
ADD2@304#6782435 1208 1027 1008 1007 1004 1004 1001 998 997 997 997 930 927 926 926 763 723 627 616 598 598 595 595 584 581 581 580 577 577 577 574 574 564 564 552 551 550 547 547 547 547 537 536 535 534 534 323 292 289 286 286 283 282 281 281 270 269 268 268 268 267 267 248 129 122 121 121 120 120 114 113 113 112 111 110 109 16 13 12 11 11 11 10 9 4 4 1 1 0 
ADD2@316#69192435 1208 1027 1008 1007 1004 1004 1001 998 997 997 997 930 927 926 926 763 723 627 616 598 598 595 595 584 581 581 580 577 577 577 574 574 564 564 552 551 550 547 547 547 547 537 536 535 534 534 323 292 289 286 286 283 282 281 281 270 269 268 268 268 267 267 248 129 122 121 121 120 120 114 113 113 112 111 110 109 16 13 12 11 11 11 10 9 4 4 1 1 0 
ADD2@339#24532435 1208 1027 1008 1007 1004 1004 1001 998 997 997 997 930 927 926 926 763 723 627 616 598 598 595 595 584 581 581 580 577 577 577 574 574 564 564 552 551 550 547 547 547 547 537 536 535 534 534 323 292 289 286 286 283 282 281 281 270 269 268 268 268 267 267 248 129 122 121 121 120 120 114 113 113 112 111 110 109 16 13 12 11 11 11 10 9 4 4 1 1 0 
ADD2@312#21212435 1208 1027 1008 1007 1004 1004 1001 998 997 997 997 930 927 926 926 763 723 627 616 598 598 595 595 584 581 581 580 577 577 577 574 574 564 564 552 551 550 547 547 547 547 537 536 535 534 534 323 292 289 286 286 283 282 281 281 270 269 268 268 268 267 267 248 129 122 121 121 120 120 114 113 113 112 111 110 109 16 13 12 11 11 11 10 9 4 4 1 1 0 
ADD2@328#21002435 1208 1027 1008 1007 1004 1004 1001 998 997 997 997 930 927 926 926 763 723 627 616 598 598 595 595 584 581 581 580 577 577 577 574 574 564 564 552 551 550 547 547 547 547 537 536 535 534 534 323 292 289 286 286 283 282 281 281 270 269 268 268 268 267 267 248 129 122 121 121 120 120 114 113 113 112 111 110 109 16 13 12 11 11 11 10 9 4 4 1 1 0 
ADD2@307#12702435 1208 1027 1008 1007 1004 1004 1001 998 997 997 997 930 927 926 926 763 723 627 616 598 598 595 595 584 581 581 580 577 577 577 574 574 564 564 552 551 550 547 547 547 547 537 536 535 534 534 323 292 289 286 286 283 282 281 281 270 269 268 268 268 267 267 248 129 122 121 121 120 120 114 113 113 112 111 110 109 16 13 12 11 11 11 10 9 4 4 1 1 0 
ADD2@345#25462435 1208 1027 1008 1007 1004 1004 1001 998 997 997 997 930 927 926 926 763 723 627 616 598 598 595 595 584 581 581 580 577 577 577 574 574 564 564 552 551 550 547 547 547 547 537 536 535 534 534 323 292 289 286 286 283 282 281 281 270 269 268 268 268 267 267 248 129 122 121 121 120 120 114 113 113 112 111 110 109 16 13 12 11 11 11 10 9 4 4 1 1 0 
ADD2@305#12652435 1208 1027 1008 1007 1004 1004 1001 998 997 997 997 930 927 926 926 763 723 627 616 598 598 595 595 584 581 581 580 577 577 577 574 574 564 564 552 551 550 547 547 547 547 537 536 535 534 534 323 292 289 286 286 283 282 281 281 270 269 268 268 268 267 267 248 129 122 121 121 120 120 114 113 113 112 111 110 109 16 13 12 11 11 11 10 9 4 4 1 1 0 0 
ADD2@334#11712435 1208 1027 1008 1007 1004 1004 1001 998 997 997 997 930 927 926 926 763 723 627 616 598 598 595 595 584 581 581 580 577 577 577 574 574 564 564 552 551 550 547 547 547 547 537 536 535 534 534 323 292 289 286 286 283 282 281 281 270 269 268 268 268 267 267 248 129 122 121 121 120 120 114 113 113 112 111 110 109 16 13 12 11 11 11 10 9 4 4 1 1 0 
ADD2@325#26872435 1208 1027 1008 1007 1004 1004 1001 998 997 997 997 930 927 926 926 763 723 627 616 598 598 595 595 584 581 581 580 577 577 577 574 574 564 564 552 551 550 547 547 547 547 537 536 535 534 534 323 292 289 286 286 283 282 281 281 270 269 268 268 268 267 267 248 129 122 121 121 120 120 114 113 113 112 111 110 109 16 13 12 11 11 11 10 9 4 4 1 1 0 
ADD2@340#25462435 1208 1027 1008 1007 1004 1004 1001 998 997 997 997 930 927 926 926 763 723 627 616 598 598 595 595 584 581 581 580 577 577 577 574 574 564 564 552 551 550 547 547 547 547 537 536 535 534 534 323 292 289 286 286 283 282 281 281 270 269 268 268 268 267 267 248 129 122 121 121 120 120 114 113 113 112 111 110 109 16 13 12 11 11 11 10 9 4 4 1 1 0 
ADD2@342#19492435 1208 1027 1008 1007 1004 1004 1001 998 997 997 997 930 927 926 926 763 723 627 616 598 598 595 595 584 581 581 580 577 577 577 574 574 564 564 552 551 550 547 547 547 547 537 536 535 534 534 323 292 289 286 286 283 282 281 281 270 269 268 268 268 267 267 248 129 122 121 121 120 120 114 113 113 112 111 110 109 16 13 12 11 11 11 10 9 4 4 1 1 0 
ADD2@343#17532435 1208 1027 1008 1007 1004 1004 1001 998 997 997 997 930 927 926 926 763 723 627 616 598 598 595 595 584 581 581 580 577 577 577 574 574 564 564 552 551 550 547 547 547 547 537 536 535 534 534 323 292 289 286 286 283 282 281 281 270 269 268 268 268 267 267 248 129 122 121 121 120 120 114 113 113 112 111 110 109 16 13 12 11 11 11 10 9 4 4 1 1 0 
ADD2@306#12482435 1208 1027 1008 1007 1004 1004 1001 998 997 997 997 930 927 926 926 763 723 627 616 598 598 595 595 584 581 581 580 577 577 577 574 574 564 564 552 551 550 547 547 547 547 537 536 535 534 534 323 292 289 286 286 283 282 281 281 270 269 268 268 268 267 267 248 129 122 121 121 120 120 114 113 113 112 111 110 109 16 13 12 11 11 11 10 9 4 4 1 1 0 
ADD2@330#13592435 1208 1027 1008 1007 1004 1004 1001 998 997 997 997 930 927 926 926 763 723 627 616 598 598 595 595 584 581 581 580 577 577 577 574 574 564 564 552 551 550 547 547 547 547 537 536 535 534 534 323 292 289 286 286 283 282 281 281 270 269 268 268 268 267 267 248 129 122 121 121 120 120 114 113 113 112 111 110 109 16 13 12 11 11 11 10 9 4 4 1 1 0 0 
ADD2@329#11532435 1208 1027 1008 1007 1004 1004 1001 998 997 997 997 930 927 926 926 763 723 627 616 598 598 595 595 584 581 581 580 577 577 577 574 574 564 564 552 551 550 547 547 547 547 537 536 535 534 534 323 292 289 286 286 283 282 281 281 270 269 268 268 268 267 267 248 129 122 121 121 120 120 114 113 113 112 111 110 109 16 13 12 11 11 11 10 9 4 4 1 1 0 
ADD2@320#35832435 1208 1027 1008 1007 1004 1004 1001 998 997 997 997 930 927 926 926 763 723 627 616 598 598 595 595 584 581 581 580 577 577 577 574 574 564 564 552 551 550 547 547 547 547 537 536 535 534 534 323 292 289 286 286 283 282 281 281 270 269 268 268 268 267 267 248 129 122 121 121 120 120 114 113 113 112 111 110 109 16 13 12 11 11 11 10 9 4 4 1 1 0 0 
ADD2@318#107082435 1208 1027 1008 1007 1004 1004 1001 998 997 997 997 930 927 926 926 763 723 627 616 598 598 595 595 584 581 581 580 577 577 577 574 574 564 564 552 551 550 547 547 547 547 537 536 535 534 534 323 292 289 286 286 283 282 281 281 270 269 268 268 268 267 267 248 129 122 121 121 120 120 114 113 113 112 111 110 109 16 13 12 11 11 11 10 9 4 4 1 1 0 
ADD2@322#65002435 1208 1027 1008 1007 1004 1004 1001 998 997 997 997 930 927 926 926 763 723 627 616 598 598 595 595 584 581 581 580 577 577 577 574 574 564 564 552 551 550 547 547 547 547 537 536 535 534 534 323 292 289 286 286 283 282 281 281 270 269 268 268 268 267 267 248 129 122 121 121 120 120 114 113 113 112 111 110 109 16 13 12 11 11 11 10 9 4 4 1 1 0 
ADD2@332#5592435 1208 1027 1008 1007 1004 1004 1001 998 997 997 997 930 927 926 926 763 723 627 616 598 598 595 595 584 581 581 580 577 577 577 574 574 564 564 552 551 550 547 547 547 547 537 536 535 534 534 323 292 289 286 286 283 282 281 281 270 269 268 268 268 267 267 248 129 122 121 121 120 120 114 113 113 112 111 110 109 16 13 12 11 11 11 10 9 4 4 1 1 0 
ADD2@344#23282435 1208 1027 1008 1007 1004 1004 1001 998 997 997 997 930 927 926 926 763 723 627 616 598 598 595 595 584 581 581 580 577 577 577 574 574 564 564 552 551 550 547 547 547 547 537 536 535 534 534 323 292 289 286 286 283 282 281 281 270 269 268 268 268 267 267 248 129 122 121 121 120 120 114 113 113 112 111 110 109 16 13 12 11 11 11 10 9 4 4 1 1 0 
ADD2@311#12652435 1208 1027 1008 1007 1004 1004 1001 998 997 997 997 930 927 926 926 763 723 627 616 598 598 595 595 584 581 581 580 577 577 577 574 574 564 564 552 551 550 547 547 547 547 537 536 535 534 534 323 292 289 286 286 283 282 281 281 270 269 268 268 268 267 267 248 129 122 121 121 120 120 114 113 113 112 111 110 109 16 13 12 11 11 11 10 9 4 4 1 1 0 0 
ADD2@335#15092435 1208 1027 1008 1007 1004 1004 1001 998 997 997 997 930 927 926 926 763 723 627 616 598 598 595 595 584 581 581 580 577 577 577 574 574 564 564 552 551 550 547 547 547 547 537 536 535 534 534 323 292 289 286 286 283 282 281 281 270 269 268 268 268 267 267 248 129 122 121 121 120 120 114 113 113 112 111 110 109 16 13 12 11 11 11 10 9 4 4 1 1 0 0 
ADD5@327#22432435 1208 1027 1008 1007 1004 1004 1001 998 997 997 997 930 927 926 926 763 723 627 616 598 598 595 595 584 581 581 580 577 577 577 574 574 564 564 552 551 550 547 547 547 547 537 536 535 534 534 323 292 289 286 286 283 282 281 281 270 269 268 268 268 267 267 248 129 122 121 121 120 120 114 113 113 112 111 110 109 16 13 12 11 11 11 10 9 4 4 1 10 
ADD5@328#21002435 1208 1027 1008 1007 1004 1004 1001 998 997 997 997 930 927 926 926 763 723 627 616 598 598 595 595 584 581 581 580 577 577 577 574 574 564 564 552 551 550 547 547 547 547 537 536 535 534 534 323 292 289 286 286 283 282 281 281 270 269 268 268 268 267 267 248 129 122 121 121 120 120 114 113 113 112 111 110 109 16 13 12 11 11 11 10 9 4 4 1 10 
ADD5@338#6002435 1208 1027 1008 1007 1004 1004 1001 998 997 997 997 930 927 926 926 763 723 627 616 598 598 595 595 584 581 581 580 577 577 577 574 574 564 564 552 551 550 547 547 547 547 537 536 535 534 534 323 292 289 286 286 283 282 281 281 270 269 268 268 268 267 267 248 129 122 121 121 120 120 114 113 113 112 111 110 109 16 13 12 11 11 11 10 9 4 4 4 3 3 2 1 1 0 
ADD5@339#24532435 1208 1027 1008 1007 1004 1004 1001 998 997 997 997 930 927 926 926 763 723 627 616 598 598 595 595 584 581 581 580 577 577 577 574 574 564 564 552 551 550 547 547 547 547 537 536 535 534 534 323 292 289 286 286 283 282 281 281 270 269 268 268 268 267 267 248 129 122 121 121 120 120 114 113 113 112 111 110 109 16 13 12 11 11 11 10 9 4 4 1 5 4 
ADD5@341#24412435 1208 1027 1008 1007 1004 1004 1001 998 997 997 997 930 927 926 926 763 723 627 616 598 598 595 595 584 581 581 580 577 577 577 574 574 564 564 552 551 550 547 547 547 547 537 536 535 534 534 323 292 289 286 286 283 282 281 281 270 269 268 268 268 267 267 248 129 122 121 121 120 120 114 113 113 112 111 110 109 16 13 12 11 11 11 10 9 4 4 1 5 
ADD5@344#23282435 1208 1027 1008 1007 1004 1004 1001 998 997 997 997 930 927 926 926 763 723 627 616 598 598 595 595 584 581 581 580 577 577 577 574 574 564 564 552 551 550 547 547 547 547 537 536 535 534 534 323 292 289 286 286 283 282 281 281 270 269 268 268 268 267 267 248 129 122 121 121 120 120 114 113 113 112 111 110 109 16 13 12 11 11 11 10 9 4 4 1 5 
ADD5@310#12652435 1208 1027 1008 1007 1004 1004 1001 998 997 997 997 930 927 926 926 763 723 627 616 598 598 595 595 584 581 581 580 577 577 577 574 574 564 564 552 551 550 547 547 547 547 537 536 535 534 534 323 292 289 286 286 283 282 281 281 270 269 268 268 268 267 267 248 129 122 121 121 120 120 114 113 113 112 111 110 109 16 13 12 11 11 11 10 9 4 4 1 1 1 0 
ADD5@308#12482435 1208 1027 1008 1007 1004 1004 1001 998 997 997 997 930 927 926 926 763 723 627 616 598 598 595 595 584 581 581 580 577 577 577 574 574 564 564 552 551 550 547 547 547 547 537 536 535 534 534 323 292 289 286 286 283 282 281 281 270 269 268 268 268 267 267 248 129 122 121 121 120 120 114 113 113 112 111 110 109 16 13 12 11 11 11 10 9 4 4 1 1 1 0 
ADD5@305#12652435 1208 1027 1008 1007 1004 1004 1001 998 997 997 997 930 927 926 926 763 723 627 616 598 598 595 595 584 581 581 580 577 577 577 574 574 564 564 552 551 550 547 547 547 547 537 536 535 534 534 323 292 289 286 286 283 282 281 281 270 269 268 268 268 267 267 248 129 122 121 121 120 120 114 113 113 112 111 110 109 16 13 12 11 11 11 10 9 4 4 1 1 1 0 
ADD5@333#6402435 1208 1027 1008 1007 1004 1004 1001 998 997 997 997 930 927 926 926 763 723 627 616 598 598 595 595 584 581 581 580 577 577 577 574 574 564 564 552 551 550 547 547 547 547 537 536 535 534 534 323 292 289 286 286 283 282 281 281 270 269 268 268 268 267 267 248 129 122 121 121 120 120 114 113 113 112 111 110 109 16 13 12 11 11 11 10 9 4 4 1 0 0 0 0 
ADD5@306#12482435 1208 1027 1008 1007 1004 1004 1001 998 997 997 997 930 927 926 926 763 723 627 616 598 598 595 595 584 581 581 580 577 577 577 574 574 564 564 552 551 550 547 547 547 547 537 536 535 534 534 323 292 289 286 286 283 282 281 281 270 269 268 268 268 267 267 248 129 122 121 121 120 120 114 113 113 112 111 110 109 16 13 12 11 11 11 10 9 4 4 1 1 1 0 
ADD5@320#35832435 1208 1027 1008 1007 1004 1004 1001 998 997 997 997 930 927 926 926 763 723 627 616 598 598 595 595 584 581 581 580 577 577 577 574 574 564 564 552 551 550 547 547 547 547 537 536 535 534 534 323 292 289 286 286 283 282 281 281 270 269 268 268 268 267 267 248 129 122 121 121 120 120 114 113 113 112 111 110 109 16 13 12 11 11 11 10 9 4 4 1 1 1 0 
ADD5@311#12652435 1208 1027 1008 1007 1004 1004 1001 998 997 997 997 930 927 926 926 763 723 627 616 598 598 595 595 584 581 581 580 577 577 577 574 574 564 564 552 551 550 547 547 547 547 537 536 535 534 534 323 292 289 286 286 283 282 281 281 270 269 268 268 268 267 267 248 129 122 121 121 120 120 114 113 113 112 111 110 109 16 13 12 11 11 11 10 9 4 4 1 1 1 0 
ADD5@337#5672435 1208 1027 1008 1007 1004 1004 1001 998 997 997 997 930 927 926 926 763 723 627 616 598 598 595 595 584 581 581 580 577 577 577 574 574 564 564 552 551 550 547 547 547 547 537 536 535 534 534 323 292 289 286 286 283 282 281 281 270 269 268 268 268 267 267 248 129 122 121 121 120 120 114 113 113 112 111 110 109 16 13 12 11 11 11 10 9 4 4 
ADD5@313#42792435 1208 1027 1008 1007 1004 1004 1001 998 997 997 997 930 927 926 926 763 723 627 616 598 598 595 595 584 581 581 580 577 577 577 574 574 564 564 552 551 550 547 547 547 547 537 536 535 534 534 323 292 289 286 286 283 282 281 281 270 269 268 268 268 267 267 248 129 122 121 121 120 120 114 113 113 112 111 110 109 16 13 12 11 11 11 10 9 4 4 1 1 0 
ADD5@314#65452435 1208 1027 1008 1007 1004 1004 1001 998 997 997 997 930 927 926 926 763 723 627 616 598 598 595 595 584 581 581 580 577 577 577 574 574 564 564 552 551 550 547 547 547 547 537 536 535 534 534 323 292 289 286 286 283 282 281 281 270 269 268 268 268 267 267 248 129 122 121 121 120 120 114 113 113 112 111 110 109 16 13 12 11 11 11 10 9 4 4 1 1 0 
ADD5@317#57892435 1208 1027 1008 1007 1004 1004 1001 998 997 997 997 930 927 926 926 763 723 627 616 598 598 595 595 584 581 581 580 577 577 577 574 574 564 564 552 551 550 547 547 547 547 537 536 535 534 534 323 292 289 286 286 283 282 281 281 270 269 268 268 268 267 267 248 129 122 121 121 120 120 114 113 113 112 111 110 109 16 13 12 11 11 11 10 9 4 4 1 1 0 
ADD5@324#42982435 1208 1027 1008 1007 1004 1004 1001 998 997 997 997 930 927 926 926 763 723 627 616 598 598 595 595 584 581 581 580 577 577 577 574 574 564 564 552 551 550 547 547 547 547 537 536 535 534 534 323 292 289 286 286 283 282 281 281 270 269 268 268 268 267 267 248 129 122 121 121 120 120 114 113 113 112 111 110 109 16 13 12 11 11 11 10 9 4 4 1 1 0 
ADD5@309#12742435 1208 1027 1008 1007 1004 1004 1001 998 997 997 997 930 927 926 926 763 723 627 616 598 598 595 595 584 581 581 580 577 577 577 574 574 564 564 552 551 550 547 547 547 547 537 536 535 534 534 323 292 289 286 286 283 282 281 281 270 269 268 268 268 267 267 248 129 122 121 121 120 120 114 113 113 112 111 110 109 16 13 12 11 11 11 10 9 4 4 1 1 0 
ADD5@303#19002435 1208 1027 1008 1007 1004 1004 1001 998 997 997 997 930 927 926 926 763 723 627 616 598 598 595 595 584 581 581 580 577 577 577 574 574 564 564 552 551 550 547 547 547 547 537 536 535 534 534 323 292 289 286 286 283 282 281 281 270 269 268 268 268 267 267 248 129 122 121 121 120 120 114 113 113 112 111 110 109 16 13 12 11 11 11 10 9 4 4 1 1 0 0 
ADD5@321#110592435 1208 1027 1008 1007 1004 1004 1001 998 997 997 997 930 927 926 926 763 723 627 616 598 598 595 595 584 581 581 580 577 577 577 574 574 564 564 552 551 550 547 547 547 547 537 536 535 534 534 323 292 289 286 286 283 282 281 281 270 269 268 268 268 267 267 248 129 122 121 121 120 120 114 113 113 112 111 110 109 16 13 12 11 11 11 10 9 4 4 1 1 0 0 
ADD5@304#6782435 1208 1027 1008 1007 1004 1004 1001 998 997 997 997 930 927 926 926 763 723 627 616 598 598 595 595 584 581 581 580 577 577 577 574 574 564 564 552 551 550 547 547 547 547 537 536 535 534 534 323 292 289 286 286 283 282 281 281 270 269 268 268 268 267 267 248 129 122 121 121 120 120 114 113 113 112 111 110 109 16 13 12 11 11 11 10 9 4 4 1 1 0 
ADD5@316#69192435 1208 1027 1008 1007 1004 1004 1001 998 997 997 997 930 927 926 926 763 723 627 616 598 598 595 595 584 581 581 580 577 577 577 574 574 564 564 552 551 550 547 547 547 547 537 536 535 534 534 323 292 289 286 286 283 282 281 281 270 269 268 268 268 267 267 248 129 122 121 121 120 120 114 113 113 112 111 110 109 16 13 12 11 11 11 10 9 4 4 1 1 0 
ADD5@312#21212435 1208 1027 1008 1007 1004 1004 1001 998 997 997 997 930 927 926 926 763 723 627 616 598 598 595 595 584 581 581 580 577 577 577 574 574 564 564 552 551 550 547 547 547 547 537 536 535 534 534 323 292 289 286 286 283 282 281 281 270 269 268 268 268 267 267 248 129 122 121 121 120 120 114 113 113 112 111 110 109 16 13 12 11 11 11 10 9 4 4 1 1 0 
ADD5@307#12702435 1208 1027 1008 1007 1004 1004 1001 998 997 997 997 930 927 926 926 763 723 627 616 598 598 595 595 584 581 581 580 577 577 577 574 574 564 564 552 551 550 547 547 547 547 537 536 535 534 534 323 292 289 286 286 283 282 281 281 270 269 268 268 268 267 267 248 129 122 121 121 120 120 114 113 113 112 111 110 109 16 13 12 11 11 11 10 9 4 4 1 1 0 0 
ADD5@345#25462435 1208 1027 1008 1007 1004 1004 1001 998 997 997 997 930 927 926 926 763 723 627 616 598 598 595 595 584 581 581 580 577 577 577 574 574 564 564 552 551 550 547 547 547 547 537 536 535 534 534 323 292 289 286 286 283 282 281 281 270 269 268 268 268 267 267 248 129 122 121 121 120 120 114 113 113 112 111 110 109 16 13 12 11 11 11 10 9 4 4 1 1 0 
ADD5@334#11712435 1208 1027 1008 1007 1004 1004 1001 998 997 997 997 930 927 926 926 763 723 627 616 598 598 595 595 584 581 581 580 577 577 577 574 574 564 564 552 551 550 547 547 547 547 537 536 535 534 534 323 292 289 286 286 283 282 281 281 270 269 268 268 268 267 267 248 129 122 121 121 120 120 114 113 113 112 111 110 109 16 13 12 11 11 11 10 9 4 4 1 1 0 
ADD5@325#26872435 1208 1027 1008 1007 1004 1004 1001 998 997 997 997 930 927 926 926 763 723 627 616 598 598 595 595 584 581 581 580 577 577 577 574 574 564 564 552 551 550 547 547 547 547 537 536 535 534 534 323 292 289 286 286 283 282 281 281 270 269 268 268 268 267 267 248 129 122 121 121 120 120 114 113 113 112 111 110 109 16 13 12 11 11 11 10 9 4 4 1 1 0 
ADD5@340#25462435 1208 1027 1008 1007 1004 1004 1001 998 997 997 997 930 927 926 926 763 723 627 616 598 598 595 595 584 581 581 580 577 577 577 574 574 564 564 552 551 550 547 547 547 547 537 536 535 534 534 323 292 289 286 286 283 282 281 281 270 269 268 268 268 267 267 248 129 122 121 121 120 120 114 113 113 112 111 110 109 16 13 12 11 11 11 10 9 4 4 1 1 0 
ADD5@342#19492435 1208 1027 1008 1007 1004 1004 1001 998 997 997 997 930 927 926 926 763 723 627 616 598 598 595 595 584 581 581 580 577 577 577 574 574 564 564 552 551 550 547 547 547 547 537 536 535 534 534 323 292 289 286 286 283 282 281 281 270 269 268 268 268 267 267 248 129 122 121 121 120 120 114 113 113 112 111 110 109 16 13 12 11 11 11 10 9 4 4 1 1 0 
ADD5@343#17532435 1208 1027 1008 1007 1004 1004 1001 998 997 997 997 930 927 926 926 763 723 627 616 598 598 595 595 584 581 581 580 577 577 577 574 574 564 564 552 551 550 547 547 547 547 537 536 535 534 534 323 292 289 286 286 283 282 281 281 270 269 268 268 268 267 267 248 129 122 121 121 120 120 114 113 113 112 111 110 109 16 13 12 11 11 11 10 9 4 4 1 1 0 
ADD5@330#13592435 1208 1027 1008 1007 1004 1004 1001 998 997 997 997 930 927 926 926 763 723 627 616 598 598 595 595 584 581 581 580 577 577 577 574 574 564 564 552 551 550 547 547 547 547 537 536 535 534 534 323 292 289 286 286 283 282 281 281 270 269 268 268 268 267 267 248 129 122 121 121 120 120 114 113 113 112 111 110 109 16 13 12 11 11 11 10 9 4 4 1 1 0 0 
ADD5@329#11532435 1208 1027 1008 1007 1004 1004 1001 998 997 997 997 930 927 926 926 763 723 627 616 598 598 595 595 584 581 581 580 577 577 577 574 574 564 564 552 551 550 547 547 547 547 537 536 535 534 534 323 292 289 286 286 283 282 281 281 270 269 268 268 268 267 267 248 129 122 121 121 120 120 114 113 113 112 111 110 109 16 13 12 11 11 11 10 9 4 4 1 1 0 
ADD5@318#107082435 1208 1027 1008 1007 1004 1004 1001 998 997 997 997 930 927 926 926 763 723 627 616 598 598 595 595 584 581 581 580 577 577 577 574 574 564 564 552 551 550 547 547 547 547 537 536 535 534 534 323 292 289 286 286 283 282 281 281 270 269 268 268 268 267 267 248 129 122 121 121 120 120 114 113 113 112 111 110 109 16 13 12 11 11 11 10 9 4 4 1 1 0 
ADD5@322#65002435 1208 1027 1008 1007 1004 1004 1001 998 997 997 997 930 927 926 926 763 723 627 616 598 598 595 595 584 581 581 580 577 577 577 574 574 564 564 552 551 550 547 547 547 547 537 536 535 534 534 323 292 289 286 286 283 282 281 281 270 269 268 268 268 267 267 248 129 122 121 121 120 120 114 113 113 112 111 110 109 16 13 12 11 11 11 10 9 4 4 1 1 0 
ADD5@332#5592435 1208 1027 1008 1007 1004 1004 1001 998 997 997 997 930 927 926 926 763 723 627 616 598 598 595 595 584 581 581 580 577 577 577 574 574 564 564 552 551 550 547 547 547 547 537 536 535 534 534 323 292 289 286 286 283 282 281 281 270 269 268 268 268 267 267 248 129 122 121 121 120 120 114 113 113 112 111 110 109 16 13 12 11 11 11 10 9 4 4 1 1 0 
ADD5@335#15092435 1208 1027 1008 1007 1004 1004 1001 998 997 997 997 930 927 926 926 763 723 627 616 598 598 595 595 584 581 581 580 577 577 577 574 574 564 564 552 551 550 547 547 547 547 537 536 535 534 534 323 292 289 286 286 283 282 281 281 270 269 268 268 268 267 267 248 129 122 121 121 120 120 114 113 113 112 111 110 109 16 13 12 11 11 11 10 9 4 4 1 1 0 0 
ADD10@327#22432435 1208 1027 1008 1007 1004 1004 1001 998 997 997 997 930 927 926 926 763 723 627 616 598 598 595 595 584 581 581 580 577 577 577 574 574 564 564 552 551 550 547 547 547 547 537 536 535 534 534 323 292 289 286 286 283 282 281 281 270 269 268 268 268 267 267 248 129 122 121 121 120 120 114 113 113 112 111 110 109 16 13 12 11 11 11 10 9 4 23 20 20 19 
ADD10@328#21002435 1208 1027 1008 1007 1004 1004 1001 998 997 997 997 930 927 926 926 763 723 627 616 598 598 595 595 584 581 581 580 577 577 577 574 574 564 564 552 551 550 547 547 547 547 537 536 535 534 534 323 292 289 286 286 283 282 281 281 270 269 268 268 268 267 267 248 129 122 121 121 120 120 114 113 113 112 111 110 109 16 13 12 11 11 11 10 9 4 23 20 20 19 
ADD10@341#24412435 1208 1027 1008 1007 1004 1004 1001 998 997 997 997 930 927 926 926 763 723 627 616 598 598 595 595 584 581 581 580 577 577 577 574 574 564 564 552 551 550 547 547 547 547 537 536 535 534 534 323 292 289 286 286 283 282 281 281 270 269 268 268 268 267 267 248 129 122 121 121 120 120 114 113 113 112 111 110 109 16 13 12 11 11 11 10 9 4 13 10 10 9 
ADD10@339#24532435 1208 1027 1008 1007 1004 1004 1001 998 997 997 997 930 927 926 926 763 723 627 616 598 598 595 595 584 581 581 580 577 577 577 574 574 564 564 552 551 550 547 547 547 547 537 536 535 534 534 323 292 289 286 286 283 282 281 281 270 269 268 268 268 267 267 248 129 122 121 121 120 120 114 113 113 112 111 110 109 16 13 12 11 11 11 10 9 4 13 10 10 9 
ADD10@344#23282435 1208 1027 1008 1007 1004 1004 1001 998 997 997 997 930 927 926 926 763 723 627 616 598 598 595 595 584 581 581 580 577 577 577 574 574 564 564 552 551 550 547 547 547 547 537 536 535 534 534 323 292 289 286 286 283 282 281 281 270 269 268 268 268 267 267 248 129 122 121 121 120 120 114 113 113 112 111 110 109 16 13 12 11 11 11 10 9 4 13 10 10 9 
ADD10@338#6002435 1208 1027 1008 1007 1004 1004 1001 998 997 997 997 930 927 926 926 763 723 627 616 598 598 595 595 584 581 581 580 577 577 577 574 574 564 564 552 551 550 547 547 547 547 537 536 535 534 534 323 292 289 286 286 283 282 281 281 270 269 268 268 268 267 267 248 129 122 121 121 120 120 114 113 113 112 111 110 109 16 13 12 11 11 10 7 4 4 4 4 4 4 3 3 3 3 2 1 1 0 
ADD10@333#6402435 1208 1027 1008 1007 1004 1004 1001 998 997 997 997 930 927 926 926 763 723 627 616 598 598 595 595 584 581 581 580 577 577 577 574 574 564 564 552 551 550 547 547 547 547 537 536 535 534 534 323 292 289 286 286 283 282 281 281 270 269 268 268 268 267 267 248 129 122 121 121 120 120 114 113 113 112 111 110 109 16 13 12 11 9 9 9 8 5 4 4 4 4 4 4 1 1 0 
ADD10@310#12652435 1208 1027 1008 1007 1004 1004 1001 998 997 997 997 930 927 926 926 763 723 627 616 598 598 595 595 584 581 581 580 577 577 577 574 574 564 564 552 551 550 547 547 547 547 537 536 535 534 534 323 292 289 286 286 283 282 281 281 270 269 268 268 268 267 267 248 129 122 121 121 120 120 114 113 113 112 111 110 109 16 13 12 11 11 11 10 9 4 4 4 1 1 0 
ADD10@305#12652435 1208 1027 1008 1007 1004 1004 1001 998 997 997 997 930 927 926 926 763 723 627 616 598 598 595 595 584 581 581 580 577 577 577 574 574 564 564 552 551 550 547 547 547 547 537 536 535 534 534 323 292 289 286 286 283 282 281 281 270 269 268 268 268 267 267 248 129 122 121 121 120 120 114 113 113 112 111 110 109 16 13 12 11 11 11 10 9 4 4 4 1 1 0 
ADD10@320#35832435 1208 1027 1008 1007 1004 1004 1001 998 997 997 997 930 927 926 926 763 723 627 616 598 598 595 595 584 581 581 580 577 577 577 574 574 564 564 552 551 550 547 547 547 547 537 536 535 534 534 323 292 289 286 286 283 282 281 281 270 269 268 268 268 267 267 248 129 122 121 121 120 120 114 113 113 112 111 110 109 16 13 12 11 11 11 10 9 4 4 4 1 1 0 
ADD10@311#12652435 1208 1027 1008 1007 1004 1004 1001 998 997 997 997 930 927 926 926 763 723 627 616 598 598 595 595 584 581 581 580 577 577 577 574 574 564 564 552 551 550 547 547 547 547 537 536 535 534 534 323 292 289 286 286 283 282 281 281 270 269 268 268 268 267 267 248 129 122 121 121 120 120 114 113 113 112 111 110 109 16 13 12 11 11 11 10 9 4 4 4 1 1 0 
ADD10@308#12482435 1208 1027 1008 1007 1004 1004 1001 998 997 997 997 930 927 926 926 763 723 627 616 598 598 595 595 584 581 581 580 577 577 577 574 574 564 564 552 551 550 547 547 547 547 537 536 535 534 534 323 292 289 286 286 283 282 281 281 270 269 268 268 268 267 267 248 129 122 121 121 120 120 114 113 113 112 111 110 109 16 13 12 11 11 11 10 9 4 4 1 1 1 0 
ADD10@306#12482435 1208 1027 1008 1007 1004 1004 1001 998 997 997 997 930 927 926 926 763 723 627 616 598 598 595 595 584 581 581 580 577 577 577 574 574 564 564 552 551 550 547 547 547 547 537 536 535 534 534 323 292 289 286 286 283 282 281 281 270 269 268 268 268 267 267 248 129 122 121 121 120 120 114 113 113 112 111 110 109 16 13 12 11 11 11 10 9 4 4 1 1 1 0 
ADD10@337#5672435 1208 1027 1008 1007 1004 1004 1001 998 997 997 997 930 927 926 926 763 723 627 616 598 598 595 595 584 581 581 580 577 577 577 574 574 564 564 552 551 550 547 547 547 547 537 536 535 534 534 323 292 289 286 286 283 282 281 281 270 269 268 268 268 267 267 248 129 122 121 121 120 120 114 113 113 112 111 110 109 16 13 12 11 11 11 10 9 4 4 1 1 0 
ADD10@313#42792435 1208 1027 1008 1007 1004 1004 1001 998 997 997 997 930 927 926 926 763 723 627 616 598 598 595 595 584 581 581 580 577 577 577 574 574 564 564 552 551 550 547 547 547 547 537 536 535 534 534 323 292 289 286 286 283 282 281 281 270 269 268 268 268 267 267 248 129 122 121 121 120 120 114 113 113 112 111 110 109 16 13 12 11 11 11 10 9 4 4 1 1 0 
ADD10@314#65452435 1208 1027 1008 1007 1004 1004 1001 998 997 997 997 930 927 926 926 763 723 627 616 598 598 595 595 584 581 581 580 577 577 577 574 574 564 564 552 551 550 547 547 547 547 537 536 535 534 534 323 292 289 286 286 283 282 281 281 270 269 268 268 268 267 267 248 129 122 121 121 120 120 114 113 113 112 111 110 109 16 13 12 11 11 11 10 9 4 4 1 1 0 
ADD10@317#57892435 1208 1027 1008 1007 1004 1004 1001 998 997 997 997 930 927 926 926 763 723 627 616 598 598 595 595 584 581 581 580 577 577 577 574 574 564 564 552 551 550 547 547 547 547 537 536 535 534 534 323 292 289 286 286 283 282 281 281 270 269 268 268 268 267 267 248 129 122 121 121 120 120 114 113 113 112 111 110 109 16 13 12 11 11 11 10 9 4 4 1 1 0 
ADD10@324#42982435 1208 1027 1008 1007 1004 1004 1001 998 997 997 997 930 927 926 926 763 723 627 616 598 598 595 595 584 581 581 580 577 577 577 574 574 564 564 552 551 550 547 547 547 547 537 536 535 534 534 323 292 289 286 286 283 282 281 281 270 269 268 268 268 267 267 248 129 122 121 121 120 120 114 113 113 112 111 110 109 16 13 12 11 11 11 10 9 4 4 1 1 0 
ADD10@309#12742435 1208 1027 1008 1007 1004 1004 1001 998 997 997 997 930 927 926 926 763 723 627 616 598 598 595 595 584 581 581 580 577 577 577 574 574 564 564 552 551 550 547 547 547 547 537 536 535 534 534 323 292 289 286 286 283 282 281 281 270 269 268 268 268 267 267 248 129 122 121 121 120 120 114 113 113 112 111 110 109 16 13 12 11 11 11 10 9 4 4 1 1 0 
ADD10@303#19002435 1208 1027 1008 1007 1004 1004 1001 998 997 997 997 930 927 926 926 763 723 627 616 598 598 595 595 584 581 581 580 577 577 577 574 574 564 564 552 551 550 547 547 547 547 537 536 535 534 534 323 292 289 286 286 283 282 281 281 270 269 268 268 268 267 267 248 129 122 121 121 120 120 114 113 113 112 111 110 109 16 13 12 11 11 11 10 9 4 4 1 1 0 0 
ADD10@321#110592435 1208 1027 1008 1007 1004 1004 1001 998 997 997 997 930 927 926 926 763 723 627 616 598 598 595 595 584 581 581 580 577 577 577 574 574 564 564 552 551 550 547 547 547 547 537 536 535 534 534 323 292 289 286 286 283 282 281 281 270 269 268 268 268 267 267 248 129 122 121 121 120 120 114 113 113 112 111 110 109 16 13 12 11 11 11 10 9 4 4 1 1 0 0 
ADD10@304#6782435 1208 1027 1008 1007 1004 1004 1001 998 997 997 997 930 927 926 926 763 723 627 616 598 598 595 595 584 581 581 580 577 577 577 574 574 564 564 552 551 550 547 547 547 547 537 536 535 534 534 323 292 289 286 286 283 282 281 281 270 269 268 268 268 267 267 248 129 122 121 121 120 120 114 113 113 112 111 110 109 16 13 12 11 11 11 10 9 4 4 1 1 0 
ADD10@316#69192435 1208 1027 1008 1007 1004 1004 1001 998 997 997 997 930 927 926 926 763 723 627 616 598 598 595 595 584 581 581 580 577 577 577 574 574 564 564 552 551 550 547 547 547 547 537 536 535 534 534 323 292 289 286 286 283 282 281 281 270 269 268 268 268 267 267 248 129 122 121 121 120 120 114 113 113 112 111 110 109 16 13 12 11 11 11 10 9 4 4 1 1 0 
ADD10@312#21212435 1208 1027 1008 1007 1004 1004 1001 998 997 997 997 930 927 926 926 763 723 627 616 598 598 595 595 584 581 581 580 577 577 577 574 574 564 564 552 551 550 547 547 547 547 537 536 535 534 534 323 292 289 286 286 283 282 281 281 270 269 268 268 268 267 267 248 129 122 121 121 120 120 114 113 113 112 111 110 109 16 13 12 11 11 11 10 9 4 4 1 1 0 
ADD10@307#12702435 1208 1027 1008 1007 1004 1004 1001 998 997 997 997 930 927 926 926 763 723 627 616 598 598 595 595 584 581 581 580 577 577 577 574 574 564 564 552 551 550 547 547 547 547 537 536 535 534 534 323 292 289 286 286 283 282 281 281 270 269 268 268 268 267 267 248 129 122 121 121 120 120 114 113 113 112 111 110 109 16 13 12 11 11 11 10 9 4 4 1 1 0 0 
ADD10@345#25462435 1208 1027 1008 1007 1004 1004 1001 998 997 997 997 930 927 926 926 763 723 627 616 598 598 595 595 584 581 581 580 577 577 577 574 574 564 564 552 551 550 547 547 547 547 537 536 535 534 534 323 292 289 286 286 283 282 281 281 270 269 268 268 268 267 267 248 129 122 121 121 120 120 114 113 113 112 111 110 109 16 13 12 11 11 11 10 9 4 4 1 1 0 
ADD10@334#11712435 1208 1027 1008 1007 1004 1004 1001 998 997 997 997 930 927 926 926 763 723 627 616 598 598 595 595 584 581 581 580 577 577 577 574 574 564 564 552 551 550 547 547 547 547 537 536 535 534 534 323 292 289 286 286 283 282 281 281 270 269 268 268 268 267 267 248 129 122 121 121 120 120 114 113 113 112 111 110 109 16 13 12 11 11 11 10 9 4 4 1 1 0 
ADD10@325#26872435 1208 1027 1008 1007 1004 1004 1001 998 997 997 997 930 927 926 926 763 723 627 616 598 598 595 595 584 581 581 580 577 577 577 574 574 564 564 552 551 550 547 547 547 547 537 536 535 534 534 323 292 289 286 286 283 282 281 281 270 269 268 268 268 267 267 248 129 122 121 121 120 120 114 113 113 112 111 110 109 16 13 12 11 11 11 10 9 4 4 1 1 0 
ADD10@340#25462435 1208 1027 1008 1007 1004 1004 1001 998 997 997 997 930 927 926 926 763 723 627 616 598 598 595 595 584 581 581 580 577 577 577 574 574 564 564 552 551 550 547 547 547 547 537 536 535 534 534 323 292 289 286 286 283 282 281 281 270 269 268 268 268 267 267 248 129 122 121 121 120 120 114 113 113 112 111 110 109 16 13 12 11 11 11 10 9 4 4 1 1 0 
ADD10@342#19492435 1208 1027 1008 1007 1004 1004 1001 998 997 997 997 930 927 926 926 763 723 627 616 598 598 595 595 584 581 581 580 577 577 577 574 574 564 564 552 551 550 547 547 547 547 537 536 535 534 534 323 292 289 286 286 283 282 281 281 270 269 268 268 268 267 267 248 129 122 121 121 120 120 114 113 113 112 111 110 109 16 13 12 11 11 11 10 9 4 4 1 1 0 
ADD10@343#17532435 1208 1027 1008 1007 1004 1004 1001 998 997 997 997 930 927 926 926 763 723 627 616 598 598 595 595 584 581 581 580 577 577 577 574 574 564 564 552 551 550 547 547 547 547 537 536 535 534 534 323 292 289 286 286 283 282 281 281 270 269 268 268 268 267 267 248 129 122 121 121 120 120 114 113 113 112 111 110 109 16 13 12 11 11 11 10 9 4 4 1 1 0 
ADD10@330#13592435 1208 1027 1008 1007 1004 1004 1001 998 997 997 997 930 927 926 926 763 723 627 616 598 598 595 595 584 581 581 580 577 577 577 574 574 564 564 552 551 550 547 547 547 547 537 536 535 534 534 323 292 289 286 286 283 282 281 281 270 269 268 268 268 267 267 248 129 122 121 121 120 120 114 113 113 112 111 110 109 16 13 12 11 11 11 10 9 4 4 1 1 0 0 
ADD10@329#11532435 1208 1027 1008 1007 1004 1004 1001 998 997 997 997 930 927 926 926 763 723 627 616 598 598 595 595 584 581 581 580 577 577 577 574 574 564 564 552 551 550 547 547 547 547 537 536 535 534 534 323 292 289 286 286 283 282 281 281 270 269 268 268 268 267 267 248 129 122 121 121 120 120 114 113 113 112 111 110 109 16 13 12 11 11 11 10 9 4 4 1 1 0 
ADD10@318#107082435 1208 1027 1008 1007 1004 1004 1001 998 997 997 997 930 927 926 926 763 723 627 616 598 598 595 595 584 581 581 580 577 577 577 574 574 564 564 552 551 550 547 547 547 547 537 536 535 534 534 323 292 289 286 286 283 282 281 281 270 269 268 268 268 267 267 248 129 122 121 121 120 120 114 113 113 112 111 110 109 16 13 12 11 11 11 10 9 4 4 1 1 0 
ADD10@322#65002435 1208 1027 1008 1007 1004 1004 1001 998 997 997 997 930 927 926 926 763 723 627 616 598 598 595 595 584 581 581 580 577 577 577 574 574 564 564 552 551 550 547 547 547 547 537 536 535 534 534 323 292 289 286 286 283 282 281 281 270 269 268 268 268 267 267 248 129 122 121 121 120 120 114 113 113 112 111 110 109 16 13 12 11 11 11 10 9 4 4 1 1 0 
ADD10@332#5592435 1208 1027 1008 1007 1004 1004 1001 998 997 997 997 930 927 926 926 763 723 627 616 598 598 595 595 584 581 581 580 577 577 577 574 574 564 564 552 551 550 547 547 547 547 537 536 535 534 534 323 292 289 286 286 283 282 281 281 270 269 268 268 268 267 267 248 129 122 121 121 120 120 114 113 113 112 111 110 109 16 13 12 11 11 11 10 9 4 4 1 1 0 
ADD10@335#15092435 1208 1027 1008 1007 1004 1004 1001 998 997 997 997 930 927 926 926 763 723 627 616 598 598 595 595 584 581 581 580 577 577 577 574 574 564 564 552 551 550 547 547 547 547 537 536 535 534 534 323 292 289 286 286 283 282 281 281 270 269 268 268 268 267 267 248 129 122 121 121 120 120 114 113 113 112 111 110 109 16 13 12 11 11 11 10 9 4 4 1 1 0 0 
ADD20@338#6002435 1208 1027 1008 1007 1004 1004 1001 998 997 997 997 930 927 926 926 763 723 627 616 598 598 595 595 584 581 581 580 577 577 577 574 574 564 564 552 551 550 547 547 547 547 537 536 535 534 534 323 292 289 286 286 283 282 281 281 270 269 268 268 268 267 250 237 214 207 206 203 202 197 197 197 196 196 195 194 193 192 192 189 134 103 78 75 65 63 54 48 48 27 27 26 26 25 25 24 23 20 15 14 11 10 0 0 
ADD20@327#22432435 1208 1027 1008 1007 1004 1004 1001 998 997 997 997 930 927 926 926 763 723 627 616 598 598 595 595 584 581 581 580 577 577 577 574 574 564 564 552 551 550 547 547 547 547 537 536 535 534 534 323 292 289 286 286 283 282 281 281 270 269 268 268 268 267 267 248 129 122 121 121 120 120 114 113 113 112 111 110 147 54 51 50 49 49 49 48 47 42 42 39 39 38 
ADD20@333#6402435 1208 1027 1008 1007 1004 1004 1001 998 997 997 997 930 927 926 926 763 723 627 616 598 598 595 595 584 581 581 580 577 577 577 574 574 564 564 552 551 550 547 547 547 547 537 536 535 534 534 323 292 289 286 286 283 282 281 281 270 269 268 268 268 267 267 248 129 122 121 121 120 120 114 113 113 112 16 15 14 13 12 12 12 9 8 8 5 5 2 1 1 0 0 0 0 0 0 0 0 0 0 0 
ADD20@341#24412435 1208 1027 1008 1007 1004 1004 1001 998 997 997 997 930 927 926 926 763 723 627 616 598 598 595 595 584 581 581 580 577 577 577 574 574 564 564 552 551 550 547 547 547 547 537 536 535 534 534 323 292 289 286 286 283 282 281 281 270 269 268 268 268 267 267 248 129 122 121 121 120 120 114 113 113 112 111 110 129 36 33 32 31 31 31 30 29 24 24 21 21 20 
ADD20@339#24532435 1208 1027 1008 1007 1004 1004 1001 998 997 997 997 930 927 926 926 763 723 627 616 598 598 595 595 584 581 581 580 577 577 577 574 574 564 564 552 551 550 547 547 547 547 537 536 535 534 534 323 292 289 286 286 283 282 281 281 270 269 268 268 268 267 267 248 129 122 121 121 120 120 114 113 113 112 111 110 127 34 31 30 29 29 29 28 27 22 22 19 19 18 
ADD20@328#21002435 1208 1027 1008 1007 1004 1004 1001 998 997 997 997 930 927 926 926 763 723 627 616 598 598 595 595 584 581 581 580 577 577 577 574 574 564 564 552 551 550 547 547 547 547 537 536 535 534 534 323 292 289 286 286 283 282 281 281 270 269 268 268 268 267 267 248 129 122 121 121 120 120 114 113 113 112 119 118 117 24 21 20 19 19 19 18 17 12 12 9 9 8 
ADD20@310#12652435 1208 1027 1008 1007 1004 1004 1001 998 997 997 997 930 927 926 926 763 723 627 616 598 598 595 595 584 581 581 580 577 577 577 574 574 564 564 552 551 550 547 547 547 547 537 536 535 534 534 323 292 289 286 286 283 282 281 281 270 269 268 268 268 267 267 248 129 122 121 121 120 120 114 113 113 112 111 110 110 109 16 13 12 11 11 11 10 9 4 4 1 1 0 
ADD20@305#12652435 1208 1027 1008 1007 1004 1004 1001 998 997 997 997 930 927 926 926 763 723 627 616 598 598 595 595 584 581 581 580 577 577 577 574 574 564 564 552 551 550 547 547 547 547 537 536 535 534 534 323 292 289 286 286 283 282 281 281 270 269 268 268 268 267 267 248 129 122 121 121 120 120 114 113 113 112 111 110 110 109 16 13 12 11 11 11 10 9 4 4 1 1 0 
ADD20@311#12652435 1208 1027 1008 1007 1004 1004 1001 998 997 997 997 930 927 926 926 763 723 627 616 598 598 595 595 584 581 581 580 577 577 577 574 574 564 564 552 551 550 547 547 547 547 537 536 535 534 534 323 292 289 286 286 283 282 281 281 270 269 268 268 268 267 267 248 129 122 121 121 120 120 114 113 113 112 111 110 110 109 16 13 12 11 11 11 10 9 4 4 1 1 0 
ADD20@342#19492435 1208 1027 1008 1007 1004 1004 1001 998 997 997 997 930 927 926 926 763 723 627 616 598 598 595 595 584 581 581 580 577 577 577 574 574 564 564 552 551 550 547 547 547 547 537 536 535 534 534 323 292 289 286 286 283 282 281 281 270 269 268 268 268 267 267 248 129 122 121 121 120 120 114 113 113 112 115 114 113 20 17 16 15 15 15 14 13 8 8 5 5 4 
ADD20@344#23282435 1208 1027 1008 1007 1004 1004 1001 998 997 997 997 930 927 926 926 763 723 627 616 598 598 595 595 584 581 581 580 577 577 577 574 574 564 564 552 551 550 547 547 547 547 537 536 535 534 534 323 292 289 286 286 283 282 281 281 270 269 268 268 268 267 267 248 129 122 121 121 120 120 114 113 113 112 114 113 112 19 16 15 14 14 14 13 12 7 7 4 4 3 
ADD20@320#35832435 1208 1027 1008 1007 1004 1004 1001 998 997 997 997 930 927 926 926 763 723 627 616 598 598 595 595 584 581 581 580 577 577 577 574 574 564 564 552 551 550 547 547 547 547 537 536 535 534 534 323 292 289 286 286 283 282 281 281 270 269 268 268 268 267 267 248 129 122 121 121 120 120 114 113 113 112 112 111 110 17 14 13 12 12 12 11 10 5 5 2 2 1 
ADD20@332#5592435 1208 1027 1008 1007 1004 1004 1001 998 997 997 997 930 927 926 926 763 723 627 616 598 598 595 595 584 581 581 580 577 577 577 574 574 564 564 552 551 550 547 547 547 547 537 536 535 534 534 323 292 289 286 286 283 282 281 281 270 269 268 268 268 267 267 248 129 122 121 121 120 120 114 113 113 112 111 110 109 16 13 12 11 11 11 10 9 9 6 6 5 
ADD20@337#5672435 1208 1027 1008 1007 1004 1004 1001 998 997 997 997 930 927 926 926 763 723 627 616 598 598 595 595 584 581 581 580 577 577 577 574 574 564 564 552 551 550 547 547 547 547 537 536 535 534 534 323 292 289 286 286 283 282 281 281 270 269 268 268 268 267 267 248 129 122 121 121 120 120 114 113 113 112 111 110 109 16 13 12 11 11 11 10 10 7 7 6 
ADD20@308#12482435 1208 1027 1008 1007 1004 1004 1001 998 997 997 997 930 927 926 926 763 723 627 616 598 598 595 595 584 581 581 580 577 577 577 574 574 564 564 552 551 550 547 547 547 547 537 536 535 534 534 323 292 289 286 286 283 282 281 281 270 269 268 268 268 267 267 248 129 122 121 121 120 120 114 113 113 112 111 110 109 16 13 12 11 11 11 10 9 4 4 4 1 1 0 
ADD20@306#12482435 1208 1027 1008 1007 1004 1004 1001 998 997 997 997 930 927 926 926 763 723 627 616 598 598 595 595 584 581 581 580 577 577 577 574 574 564 564 552 551 550 547 547 547 547 537 536 535 534 534 323 292 289 286 286 283 282 281 281 270 269 268 268 268 267 267 248 129 122 121 121 120 120 114 113 113 112 111 110 109 16 13 12 11 11 11 10 9 4 4 4 1 1 0 
ADD20@313#42792435 1208 1027 1008 1007 1004 1004 1001 998 997 997 997 930 927 926 926 763 723 627 616 598 598 595 595 584 581 581 580 577 577 577 574 574 564 564 552 551 550 547 547 547 547 537 536 535 534 534 323 292 289 286 286 283 282 281 281 270 269 268 268 268 267 267 248 129 122 121 121 120 120 114 113 113 112 111 110 109 16 13 12 11 11 11 10 9 4 4 1 1 0 
ADD20@314#65452435 1208 1027 1008 1007 1004 1004 1001 998 997 997 997 930 927 926 926 763 723 627 616 598 598 595 595 584 581 581 580 577 577 577 574 574 564 564 552 551 550 547 547 547 547 537 536 535 534 534 323 292 289 286 286 283 282 281 281 270 269 268 268 268 267 267 248 129 122 121 121 120 120 114 113 113 112 111 110 109 16 13 12 11 11 11 10 9 4 4 1 1 0 
ADD20@317#57892435 1208 1027 1008 1007 1004 1004 1001 998 997 997 997 930 927 926 926 763 723 627 616 598 598 595 595 584 581 581 580 577 577 577 574 574 564 564 552 551 550 547 547 547 547 537 536 535 534 534 323 292 289 286 286 283 282 281 281 270 269 268 268 268 267 267 248 129 122 121 121 120 120 114 113 113 112 111 110 109 16 13 12 11 11 11 10 9 4 4 1 1 0 
ADD20@324#42982435 1208 1027 1008 1007 1004 1004 1001 998 997 997 997 930 927 926 926 763 723 627 616 598 598 595 595 584 581 581 580 577 577 577 574 574 564 564 552 551 550 547 547 547 547 537 536 535 534 534 323 292 289 286 286 283 282 281 281 270 269 268 268 268 267 267 248 129 122 121 121 120 120 114 113 113 112 111 110 109 16 13 12 11 11 11 10 9 4 4 1 1 0 
ADD20@309#12742435 1208 1027 1008 1007 1004 1004 1001 998 997 997 997 930 927 926 926 763 723 627 616 598 598 595 595 584 581 581 580 577 577 577 574 574 564 564 552 551 550 547 547 547 547 537 536 535 534 534 323 292 289 286 286 283 282 281 281 270 269 268 268 268 267 267 248 129 122 121 121 120 120 114 113 113 112 111 110 109 16 13 12 11 11 11 10 9 4 4 1 1 0 
ADD20@303#19002435 1208 1027 1008 1007 1004 1004 1001 998 997 997 997 930 927 926 926 763 723 627 616 598 598 595 595 584 581 581 580 577 577 577 574 574 564 564 552 551 550 547 547 547 547 537 536 535 534 534 323 292 289 286 286 283 282 281 281 270 269 268 268 268 267 267 248 129 122 121 121 120 120 114 113 113 112 111 110 109 16 13 12 11 11 11 10 9 4 4 1 1 0 0 
ADD20@321#110592435 1208 1027 1008 1007 1004 1004 1001 998 997 997 997 930 927 926 926 763 723 627 616 598 598 595 595 584 581 581 580 577 577 577 574 574 564 564 552 551 550 547 547 547 547 537 536 535 534 534 323 292 289 286 286 283 282 281 281 270 269 268 268 268 267 267 248 129 122 121 121 120 120 114 113 113 112 111 110 109 16 13 12 11 11 11 10 9 4 4 1 1 0 0 
ADD20@304#6782435 1208 1027 1008 1007 1004 1004 1001 998 997 997 997 930 927 926 926 763 723 627 616 598 598 595 595 584 581 581 580 577 577 577 574 574 564 564 552 551 550 547 547 547 547 537 536 535 534 534 323 292 289 286 286 283 282 281 281 270 269 268 268 268 267 267 248 129 122 121 121 120 120 114 113 113 112 111 110 109 16 13 12 11 11 11 10 9 4 4 1 1 0 
ADD20@316#69192435 1208 1027 1008 1007 1004 1004 1001 998 997 997 997 930 927 926 926 763 723 627 616 598 598 595 595 584 581 581 580 577 577 577 574 574 564 564 552 551 550 547 547 547 547 537 536 535 534 534 323 292 289 286 286 283 282 281 281 270 269 268 268 268 267 267 248 129 122 121 121 120 120 114 113 113 112 111 110 109 16 13 12 11 11 11 10 9 4 4 1 1 0 
ADD20@312#21212435 1208 1027 1008 1007 1004 1004 1001 998 997 997 997 930 927 926 926 763 723 627 616 598 598 595 595 584 581 581 580 577 577 577 574 574 564 564 552 551 550 547 547 547 547 537 536 535 534 534 323 292 289 286 286 283 282 281 281 270 269 268 268 268 267 267 248 129 122 121 121 120 120 114 113 113 112 111 110 109 16 13 12 11 11 11 10 9 4 4 1 1 0 
ADD20@307#12702435 1208 1027 1008 1007 1004 1004 1001 998 997 997 997 930 927 926 926 763 723 627 616 598 598 595 595 584 581 581 580 577 577 577 574 574 564 564 552 551 550 547 547 547 547 537 536 535 534 534 323 292 289 286 286 283 282 281 281 270 269 268 268 268 267 267 248 129 122 121 121 120 120 114 113 113 112 111 110 109 16 13 12 11 11 11 10 9 4 4 1 1 0 0 
ADD20@345#25462435 1208 1027 1008 1007 1004 1004 1001 998 997 997 997 930 927 926 926 763 723 627 616 598 598 595 595 584 581 581 580 577 577 577 574 574 564 564 552 551 550 547 547 547 547 537 536 535 534 534 323 292 289 286 286 283 282 281 281 270 269 268 268 268 267 267 248 129 122 121 121 120 120 114 113 113 112 111 110 109 16 13 12 11 11 11 10 9 4 4 1 1 0 
ADD20@334#11712435 1208 1027 1008 1007 1004 1004 1001 998 997 997 997 930 927 926 926 763 723 627 616 598 598 595 595 584 581 581 580 577 577 577 574 574 564 564 552 551 550 547 547 547 547 537 536 535 534 534 323 292 289 286 286 283 282 281 281 270 269 268 268 268 267 267 248 129 122 121 121 120 120 114 113 113 112 111 110 109 16 13 12 11 11 11 10 9 4 4 1 1 0 
ADD20@325#26872435 1208 1027 1008 1007 1004 1004 1001 998 997 997 997 930 927 926 926 763 723 627 616 598 598 595 595 584 581 581 580 577 577 577 574 574 564 564 552 551 550 547 547 547 547 537 536 535 534 534 323 292 289 286 286 283 282 281 281 270 269 268 268 268 267 267 248 129 122 121 121 120 120 114 113 113 112 111 110 109 16 13 12 11 11 11 10 9 4 4 1 1 0 
ADD20@340#25462435 1208 1027 1008 1007 1004 1004 1001 998 997 997 997 930 927 926 926 763 723 627 616 598 598 595 595 584 581 581 580 577 577 577 574 574 564 564 552 551 550 547 547 547 547 537 536 535 534 534 323 292 289 286 286 283 282 281 281 270 269 268 268 268 267 267 248 129 122 121 121 120 120 114 113 113 112 111 110 109 16 13 12 11 11 11 10 9 4 4 1 1 0 
ADD20@343#17532435 1208 1027 1008 1007 1004 1004 1001 998 997 997 997 930 927 926 926 763 723 627 616 598 598 595 595 584 581 581 580 577 577 577 574 574 564 564 552 551 550 547 547 547 547 537 536 535 534 534 323 292 289 286 286 283 282 281 281 270 269 268 268 268 267 267 248 129 122 121 121 120 120 114 113 113 112 111 110 109 16 13 12 11 11 11 10 9 4 4 1 1 0 
ADD20@330#13592435 1208 1027 1008 1007 1004 1004 1001 998 997 997 997 930 927 926 926 763 723 627 616 598 598 595 595 584 581 581 580 577 577 577 574 574 564 564 552 551 550 547 547 547 547 537 536 535 534 534 323 292 289 286 286 283 282 281 281 270 269 268 268 268 267 267 248 129 122 121 121 120 120 114 113 113 112 111 110 109 16 13 12 11 11 11 10 9 4 4 1 1 0 0 
ADD20@329#11532435 1208 1027 1008 1007 1004 1004 1001 998 997 997 997 930 927 926 926 763 723 627 616 598 598 595 595 584 581 581 580 577 577 577 574 574 564 564 552 551 550 547 547 547 547 537 536 535 534 534 323 292 289 286 286 283 282 281 281 270 269 268 268 268 267 267 248 129 122 121 121 120 120 114 113 113 112 111 110 109 16 13 12 11 11 11 10 9 4 4 1 1 0 
ADD20@318#107082435 1208 1027 1008 1007 1004 1004 1001 998 997 997 997 930 927 926 926 763 723 627 616 598 598 595 595 584 581 581 580 577 577 577 574 574 564 564 552 551 550 547 547 547 547 537 536 535 534 534 323 292 289 286 286 283 282 281 281 270 269 268 268 268 267 267 248 129 122 121 121 120 120 114 113 113 112 111 110 109 16 13 12 11 11 11 10 9 4 4 1 1 0 
ADD20@322#65002435 1208 1027 1008 1007 1004 1004 1001 998 997 997 997 930 927 926 926 763 723 627 616 598 598 595 595 584 581 581 580 577 577 577 574 574 564 564 552 551 550 547 547 547 547 537 536 535 534 534 323 292 289 286 286 283 282 281 281 270 269 268 268 268 267 267 248 129 122 121 121 120 120 114 113 113 112 111 110 109 16 13 12 11 11 11 10 9 4 4 1 1 0 
ADD20@335#15092435 1208 1027 1008 1007 1004 1004 1001 998 997 997 997 930 927 926 926 763 723 627 616 598 598 595 595 584 581 581 580 577 577 577 574 574 564 564 552 551 550 547 547 547 547 537 536 535 534 534 323 292 289 286 286 283 282 281 281 270 269 268 268 268 267 267 248 129 122 121 121 120 120 114 113 113 112 111 110 109 16 13 12 11 11 11 10 9 4 4 1 1 0 0 
ADD50@338#6002435 1208 1027 1008 1007 1004 1004 1001 998 997 997 997 930 927 926 926 763 723 627 616 598 598 595 595 584 581 581 580 577 577 577 574 574 564 564 552 551 550 547 547 547 375 372 369 369 363 363 360 359 359 325 322 319 318 317 317 305 304 303 303 303 303 241 238 235 234 231 230 229 229 165 156 156 143 138 137 134 133 127 126 125 125 125 122 122 122 122 122 117 116 115 114 113 113 112 111 110 109 108 107 106 105 103 102 101 100 99 98 97 96 90 89 88 88 71 60 50 49 34 28 28 27 26 25 24 24 23 20 1 1 0 
ADD50@333#6402435 1208 1027 1008 1007 1004 1004 1001 998 997 997 997 930 927 926 926 763 723 627 616 598 598 595 595 584 581 581 580 577 577 577 574 574 564 564 552 551 550 547 547 547 547 537 536 535 498 498 497 497 496 496 495 291 270 268 267 266 265 264 259 252 251 251 250 250 210 142 97 96 96 96 95 95 94 93 77 74 73 72 71 61 60 60 59 58 58 57 56 56 55 55 55 55 55 55 55 55 55 55 55 55 55 55 55 55 55 55 46 43 42 41 40 39 38 35 34 33 25 25 24 15 14 11 5 5 4 3 
ADD50@327#22432435 1208 1027 1008 1007 1004 1004 1001 998 997 997 997 930 927 926 926 763 723 627 616 598 598 595 595 584 581 581 580 577 577 577 574 574 564 564 552 551 550 547 547 547 547 537 536 535 584 584 343 310 306 305 302 302 302 301 294 293 288 288 288 287 284 263 177 176 175 175 174 173 78 75 60 59 58 58 57 54 53 52 48 48 38 35 34 33 32 
ADD50@339#24532435 1208 1027 1008 1007 1004 1004 1001 998 997 997 997 930 927 926 926 763 723 627 616 598 598 595 595 584 581 581 580 577 577 577 574 574 564 564 552 551 550 547 547 547 547 537 536 535 559 559 348 317 314 311 311 308 307 306 306 295 294 293 293 293 292 292 273 154 147 146 146 145 145 139 138 138 137 136 135 134 41 38 37 36 36 36 35 34 29 29 26 26 25 
ADD50@341#24412435 1208 1027 1008 1007 1004 1004 1001 998 997 997 997 930 927 926 926 763 723 627 616 598 598 595 595 584 581 581 580 577 577 577 574 574 564 564 552 551 550 547 547 547 547 537 536 535 559 559 318 285 281 280 277 277 277 276 269 268 263 263 263 262 259 238 152 151 150 150 149 148 53 50 35 34 33 33 32 29 28 27 23 23 13 10 9 8 7 
ADD50@328#21002435 1208 1027 1008 1007 1004 1004 1001 998 997 997 997 930 927 926 926 763 723 627 616 598 598 595 595 584 581 581 580 577 577 577 574 574 564 564 552 551 550 547 547 547 547 537 536 535 548 548 335 304 303 302 299 296 295 294 294 283 282 281 281 281 280 280 261 142 135 134 134 133 133 127 126 126 125 124 123 122 29 26 25 24 24 24 23 22 17 17 14 14 13 
ADD50@316#69192435 1208 1027 1008 1007 1004 1004 1001 998 997 997 997 930 927 926 926 763 723 627 616 598 598 595 595 584 581 581 580 577 577 577 574 574 564 564 552 551 550 547 547 547 547 537 536 535 534 535 535 324 293 290 287 287 284 283 282 282 271 270 269 269 269 268 268 249 130 123 122 122 121 121 115 114 114 113 112 111 110 17 14 13 12 12 12 11 10 5 5 2 2 1 
ADD50@310#12652435 1208 1027 1008 1007 1004 1004 1001 998 997 997 997 930 927 926 926 763 723 627 616 598 598 595 595 584 581 581 580 577 577 577 574 574 564 564 552 551 550 547 547 547 547 537 536 535 535 534 534 323 292 289 286 286 283 282 281 281 270 269 268 268 268 267 267 248 129 122 121 121 120 120 114 113 113 112 111 110 109 16 13 12 11 11 11 10 9 4 4 1 1 0 
ADD50@305#12652435 1208 1027 1008 1007 1004 1004 1001 998 997 997 997 930 927 926 926 763 723 627 616 598 598 595 595 584 581 581 580 577 577 577 574 574 564 564 552 551 550 547 547 547 547 537 536 535 535 534 534 323 292 289 286 286 283 282 281 281 270 269 268 268 268 267 267 248 129 122 121 121 120 120 114 113 113 112 111 110 109 16 13 12 11 11 11 10 9 4 4 1 1 0 
ADD50@311#12652435 1208 1027 1008 1007 1004 1004 1001 998 997 997 997 930 927 926 926 763 723 627 616 598 598 595 595 584 581 581 580 577 577 577 574 574 564 564 552 551 550 547 547 547 547 537 536 535 535 534 534 323 292 289 286 286 283 282 281 281 270 269 268 268 268 267 267 248 129 122 121 121 120 120 114 113 113 112 111 110 109 16 13 12 11 11 11 10 9 4 4 1 1 0 
ADD50@342#19492435 1208 1027 1008 1007 1004 1004 1001 998 997 997 997 930 927 926 926 763 723 627 616 598 598 595 595 584 581 581 580 577 577 577 574 574 564 564 552 551 550 547 547 547 547 537 536 535 541 541 330 299 296 293 293 290 289 288 288 277 276 275 275 275 274 274 255 136 129 128 128 127 127 121 120 120 119 118 117 116 23 20 19 18 18 18 17 16 11 11 8 8 7 
ADD50@344#23282435 1208 1027 1008 1007 1004 1004 1001 998 997 997 997 930 927 926 926 763 723 627 616 598 598 595 595 584 581 581 580 577 577 577 574 574 564 564 552 551 550 547 547 547 547 537 536 535 540 540 327 296 295 294 291 288 287 286 286 275 274 273 273 273 272 272 253 134 127 126 126 125 125 119 118 118 117 116 115 114 21 18 17 16 16 16 15 14 9 9 6 6 5 
ADD50@308#12482435 1208 1027 1008 1007 1004 1004 1001 998 997 997 997 930 927 926 926 763 723 627 616 598 598 595 595 584 581 581 580 577 577 577 574 574 564 564 552 551 550 547 547 547 547 537 536 535 534 534 323 292 289 286 286 283 282 281 281 270 269 268 268 268 267 267 248 129 122 121 121 120 120 114 113 113 113 112 111 110 109 16 13 12 11 11 11 10 9 4 4 1 1 0 
ADD50@306#12482435 1208 1027 1008 1007 1004 1004 1001 998 997 997 997 930 927 926 926 763 723 627 616 598 598 595 595 584 581 581 580 577 577 577 574 574 564 564 552 551 550 547 547 547 547 537 536 535 534 534 323 292 289 286 286 283 282 281 281 270 269 268 268 268 267 267 248 129 122 121 121 120 120 114 113 113 113 112 111 110 109 16 13 12 11 11 11 10 9 4 4 1 1 0 
ADD50@320#35832435 1208 1027 1008 1007 1004 1004 1001 998 997 997 997 930 927 926 926 763 723 627 616 598 598 595 595 584 581 581 580 577 577 577 574 574 564 564 552 551 550 547 547 547 547 537 536 535 535 535 324 293 290 287 287 284 283 282 282 271 270 269 269 269 268 268 249 130 123 122 122 121 121 115 114 114 113 112 111 110 17 14 13 12 12 12 11 10 5 5 2 2 1 
ADD50@337#5672435 1208 1027 1008 1007 1004 1004 1001 998 997 997 997 930 927 926 926 763 723 627 616 598 598 595 595 584 581 581 580 577 577 577 574 574 564 564 552 551 550 547 547 547 547 537 536 535 534 534 323 292 289 286 286 283 282 281 281 270 269 268 268 268 267 267 248 129 122 121 121 120 120 114 113 113 112 111 110 109 16 13 12 11 11 11 10 9 4 4 1 1 0 
ADD50@313#42792435 1208 1027 1008 1007 1004 1004 1001 998 997 997 997 930 927 926 926 763 723 627 616 598 598 595 595 584 581 581 580 577 577 577 574 574 564 564 552 551 550 547 547 547 547 537 536 535 534 534 323 292 289 286 286 283 282 281 281 270 269 268 268 268 267 267 248 129 122 121 121 120 120 114 113 113 112 111 110 109 16 13 12 11 11 11 10 9 4 4 1 1 0 
ADD50@314#65452435 1208 1027 1008 1007 1004 1004 1001 998 997 997 997 930 927 926 926 763 723 627 616 598 598 595 595 584 581 581 580 577 577 577 574 574 564 564 552 551 550 547 547 547 547 537 536 535 534 534 323 292 289 286 286 283 282 281 281 270 269 268 268 268 267 267 248 129 122 121 121 120 120 114 113 113 112 111 110 109 16 13 12 11 11 11 10 9 4 4 1 1 0 
ADD50@317#57892435 1208 1027 1008 1007 1004 1004 1001 998 997 997 997 930 927 926 926 763 723 627 616 598 598 595 595 584 581 581 580 577 577 577 574 574 564 564 552 551 550 547 547 547 547 537 536 535 534 534 323 292 289 286 286 283 282 281 281 270 269 268 268 268 267 267 248 129 122 121 121 120 120 114 113 113 112 111 110 109 16 13 12 11 11 11 10 9 4 4 1 1 0 
ADD50@324#42982435 1208 1027 1008 1007 1004 1004 1001 998 997 997 997 930 927 926 926 763 723 627 616 598 598 595 595 584 581 581 580 577 577 577 574 574 564 564 552 551 550 547 547 547 547 537 536 535 534 534 323 292 289 286 286 283 282 281 281 270 269 268 268 268 267 267 248 129 122 121 121 120 120 114 113 113 112 111 110 109 16 13 12 11 11 11 10 9 4 4 1 1 0 
ADD50@309#12742435 1208 1027 1008 1007 1004 1004 1001 998 997 997 997 930 927 926 926 763 723 627 616 598 598 595 595 584 581 581 580 577 577 577 574 574 564 564 552 551 550 547 547 547 547 537 536 535 534 534 323 292 289 286 286 283 282 281 281 270 269 268 268 268 267 267 248 129 122 121 121 120 120 114 113 113 112 111 110 109 16 13 12 11 11 11 10 9 4 4 1 1 0 
ADD50@303#19002435 1208 1027 1008 1007 1004 1004 1001 998 997 997 997 930 927 926 926 763 723 627 616 598 598 595 595 584 581 581 580 577 577 577 574 574 564 564 552 551 550 547 547 547 547 537 536 535 534 534 323 292 289 286 286 283 282 281 281 270 269 268 268 268 267 267 248 129 122 121 121 120 120 114 113 113 112 111 110 109 16 13 12 11 11 11 10 9 4 4 1 1 0 0 
ADD50@321#110592435 1208 1027 1008 1007 1004 1004 1001 998 997 997 997 930 927 926 926 763 723 627 616 598 598 595 595 584 581 581 580 577 577 577 574 574 564 564 552 551 550 547 547 547 547 537 536 535 534 534 323 292 289 286 286 283 282 281 281 270 269 268 268 268 267 267 248 129 122 121 121 120 120 114 113 113 112 111 110 109 16 13 12 11 11 11 10 9 4 4 1 1 0 0 
ADD50@304#6782435 1208 1027 1008 1007 1004 1004 1001 998 997 997 997 930 927 926 926 763 723 627 616 598 598 595 595 584 581 581 580 577 577 577 574 574 564 564 552 551 550 547 547 547 547 537 536 535 534 534 323 292 289 286 286 283 282 281 281 270 269 268 268 268 267 267 248 129 122 121 121 120 120 114 113 113 112 111 110 109 16 13 12 11 11 11 10 9 4 4 1 1 0 
ADD50@312#21212435 1208 1027 1008 1007 1004 1004 1001 998 997 997 997 930 927 926 926 763 723 627 616 598 598 595 595 584 581 581 580 577 577 577 574 574 564 564 552 551 550 547 547 547 547 537 536 535 534 534 323 292 289 286 286 283 282 281 281 270 269 268 268 268 267 267 248 129 122 121 121 120 120 114 113 113 112 111 110 109 16 13 12 11 11 11 10 9 4 4 1 1 0 
ADD50@307#12702435 1208 1027 1008 1007 1004 1004 1001 998 997 997 997 930 927 926 926 763 723 627 616 598 598 595 595 584 581 581 580 577 577 577 574 574 564 564 552 551 550 547 547 547 547 537 536 535 534 534 323 292 289 286 286 283 282 281 281 270 269 268 268 268 267 267 248 129 122 121 121 120 120 114 113 113 112 111 110 109 16 13 12 11 11 11 10 9 4 4 1 1 0 0 
ADD50@345#25462435 1208 1027 1008 1007 1004 1004 1001 998 997 997 997 930 927 926 926 763 723 627 616 598 598 595 595 584 581 581 580 577 577 577 574 574 564 564 552 551 550 547 547 547 547 537 536 535 534 534 323 292 289 286 286 283 282 281 281 270 269 268 268 268 267 267 248 129 122 121 121 120 120 114 113 113 112 111 110 109 16 13 12 11 11 11 10 9 4 4 1 1 0 
ADD50@334#11712435 1208 1027 1008 1007 1004 1004 1001 998 997 997 997 930 927 926 926 763 723 627 616 598 598 595 595 584 581 581 580 577 577 577 574 574 564 564 552 551 550 547 547 547 547 537 536 535 534 534 323 292 289 286 286 283 282 281 281 270 269 268 268 268 267 267 248 129 122 121 121 120 120 114 113 113 112 111 110 109 16 13 12 11 11 11 10 9 4 4 1 1 0 
ADD50@325#26872435 1208 1027 1008 1007 1004 1004 1001 998 997 997 997 930 927 926 926 763 723 627 616 598 598 595 595 584 581 581 580 577 577 577 574 574 564 564 552 551 550 547 547 547 547 537 536 535 534 534 323 292 289 286 286 283 282 281 281 270 269 268 268 268 267 267 248 129 122 121 121 120 120 114 113 113 112 111 110 109 16 13 12 11 11 11 10 9 4 4 1 1 0 
ADD50@340#25462435 1208 1027 1008 1007 1004 1004 1001 998 997 997 997 930 927 926 926 763 723 627 616 598 598 595 595 584 581 581 580 577 577 577 574 574 564 564 552 551 550 547 547 547 547 537 536 535 534 534 323 292 289 286 286 283 282 281 281 270 269 268 268 268 267 267 248 129 122 121 121 120 120 114 113 113 112 111 110 109 16 13 12 11 11 11 10 9 4 4 1 1 0 
ADD50@343#17532435 1208 1027 1008 1007 1004 1004 1001 998 997 997 997 930 927 926 926 763 723 627 616 598 598 595 595 584 581 581 580 577 577 577 574 574 564 564 552 551 550 547 547 547 547 537 536 535 534 534 323 292 289 286 286 283 282 281 281 270 269 268 268 268 267 267 248 129 122 121 121 120 120 114 113 113 112 111 110 109 16 13 12 11 11 11 10 9 4 4 1 1 0 
ADD50@330#13592435 1208 1027 1008 1007 1004 1004 1001 998 997 997 997 930 927 926 926 763 723 627 616 598 598 595 595 584 581 581 580 577 577 577 574 574 564 564 552 551 550 547 547 547 547 537 536 535 534 534 323 292 289 286 286 283 282 281 281 270 269 268 268 268 267 267 248 129 122 121 121 120 120 114 113 113 112 111 110 109 16 13 12 11 11 11 10 9 4 4 1 1 0 0 
ADD50@329#11532435 1208 1027 1008 1007 1004 1004 1001 998 997 997 997 930 927 926 926 763 723 627 616 598 598 595 595 584 581 581 580 577 577 577 574 574 564 564 552 551 550 547 547 547 547 537 536 535 534 534 323 292 289 286 286 283 282 281 281 270 269 268 268 268 267 267 248 129 122 121 121 120 120 114 113 113 112 111 110 109 16 13 12 11 11 11 10 9 4 4 1 1 0 
ADD50@318#107082435 1208 1027 1008 1007 1004 1004 1001 998 997 997 997 930 927 926 926 763 723 627 616 598 598 595 595 584 581 581 580 577 577 577 574 574 564 564 552 551 550 547 547 547 547 537 536 535 534 534 323 292 289 286 286 283 282 281 281 270 269 268 268 268 267 267 248 129 122 121 121 120 120 114 113 113 112 111 110 109 16 13 12 11 11 11 10 9 4 4 1 1 0 
ADD50@322#65002435 1208 1027 1008 1007 1004 1004 1001 998 997 997 997 930 927 926 926 763 723 627 616 598 598 595 595 584 581 581 580 577 577 577 574 574 564 564 552 551 550 547 547 547 547 537 536 535 534 534 323 292 289 286 286 283 282 281 281 270 269 268 268 268 267 267 248 129 122 121 121 120 120 114 113 113 112 111 110 109 16 13 12 11 11 11 10 9 4 4 1 1 0 
ADD50@332#5592435 1208 1027 1008 1007 1004 1004 1001 998 997 997 997 930 927 926 926 763 723 627 616 598 598 595 595 584 581 581 580 577 577 577 574 574 564 564 552 551 550 547 547 547 547 537 536 535 534 534 323 292 289 286 286 283 282 281 281 270 269 268 268 268 267 267 248 129 122 121 121 120 120 114 113 113 112 111 110 109 16 13 12 11 11 11 10 9 4 4 1 1 0 
ADD50@335#15092435 1208 1027 1008 1007 1004 1004 1001 998 997 997 997 930 927 926 926 763 723 627 616 598 598 595 595 584 581 581 580 577 577 577 574 574 564 564 552 551 550 547 547 547 547 537 536 535 534 534 323 292 289 286 286 283 282 281 281 270 269 268 268 268 267 267 248 129 122 121 121 120 120 114 113 113 112 111 110 109 16 13 12 11 11 11 10 9 4 4 1 1 0 0 
