Unperturbed 2435 1208 1027 1008 1007 1004 1004 1001 998 997 997 997 930 927 926 926 763 723 627 616 598 598 595 595 584 581 581 580 577 577 577 574 574 564 564 552 551 550 547 547 547 547 537 536 535 534 534 323 292 289 286 286 283 282 281 281 270 269 268 268 268 267 267 248 129 122 121 121 120 120 114 113 113 112 111 110 109 16 13 12 11 11 11 10 9 4 4 1 1 0 
338 2435 1208 1027 1008 1007 1004 1004 1001 998 997 997 997 930 927 926 926 763 723 627 616 598 598 595 595 584 581 581 580 577 577 577 574 574 564 564 552 551 550 547 547 547 547 537 536 535 534 534 323 292 289 286 286 283 282 281 281 270 269 268 268 268 267 250 237 214 207 206 203 202 197 197 197 196 196 195 194 193 192 192 189 134 103 78 75 65 63 54 48 48 27 27 26 26 25 25 24 23 20 15 14 11 10 0 0 
327 2435 1208 1027 1008 1007 1004 1004 1001 998 997 997 997 930 927 926 926 763 723 627 616 598 598 595 595 584 581 581 580 577 577 577 574 574 564 564 552 551 550 547 547 547 547 537 536 535 534 534 323 292 289 286 286 283 282 281 281 270 269 268 268 268 267 267 248 129 122 121 121 120 120 114 113 113 112 111 110 147 54 51 50 49 49 49 48 47 42 42 39 39 38 
333 2435 1208 1027 1008 1007 1004 1004 1001 998 997 997 997 930 927 926 926 763 723 627 616 598 598 595 595 584 581 581 580 577 577 577 574 574 564 564 552 551 550 547 547 547 547 537 536 535 534 534 323 292 289 286 286 283 282 281 281 270 269 268 268 268 267 267 248 129 122 121 121 120 120 114 113 113 112 16 15 14 13 12 12 12 9 8 8 5 5 2 1 1 0 0 0 0 0 0 0 0 0 0 0 
341 2435 1208 1027 1008 1007 1004 1004 1001 998 997 997 997 930 927 926 926 763 723 627 616 598 598 595 595 584 581 581 580 577 577 577 574 574 564 564 552 551 550 547 547 547 547 537 536 535 534 534 323 292 289 286 286 283 282 281 281 270 269 268 268 268 267 267 248 129 122 121 121 120 120 114 113 113 112 111 110 129 36 33 32 31 31 31 30 29 24 24 21 21 20 
339 2435 1208 1027 1008 1007 1004 1004 1001 998 997 997 997 930 927 926 926 763 723 627 616 598 598 595 595 584 581 581 580 577 577 577 574 574 564 564 552 551 550 547 547 547 547 537 536 535 534 534 323 292 289 286 286 283 282 281 281 270 269 268 268 268 267 267 248 129 122 121 121 120 120 114 113 113 112 111 110 127 34 31 30 29 29 29 28 27 22 22 19 19 18 
328 2435 1208 1027 1008 1007 1004 1004 1001 998 997 997 997 930 927 926 926 763 723 627 616 598 598 595 595 584 581 581 580 577 577 577 574 574 564 564 552 551 550 547 547 547 547 537 536 535 534 534 323 292 289 286 286 283 282 281 281 270 269 268 268 268 267 267 248 129 122 121 121 120 120 114 113 113 112 119 118 117 24 21 20 19 19 19 18 17 12 12 9 9 8 
310 2435 1208 1027 1008 1007 1004 1004 1001 998 997 997 997 930 927 926 926 763 723 627 616 598 598 595 595 584 581 581 580 577 577 577 574 574 564 564 552 551 550 547 547 547 547 537 536 535 534 534 323 292 289 286 286 283 282 281 281 270 269 268 268 268 267 267 248 129 122 121 121 120 120 114 113 113 112 111 110 110 109 16 13 12 11 11 11 10 9 4 4 1 1 0 
305 2435 1208 1027 1008 1007 1004 1004 1001 998 997 997 997 930 927 926 926 763 723 627 616 598 598 595 595 584 581 581 580 577 577 577 574 574 564 564 552 551 550 547 547 547 547 537 536 535 534 534 323 292 289 286 286 283 282 281 281 270 269 268 268 268 267 267 248 129 122 121 121 120 120 114 113 113 112 111 110 110 109 16 13 12 11 11 11 10 9 4 4 1 1 0 
311 2435 1208 1027 1008 1007 1004 1004 1001 998 997 997 997 930 927 926 926 763 723 627 616 598 598 595 595 584 581 581 580 577 577 577 574 574 564 564 552 551 550 547 547 547 547 537 536 535 534 534 323 292 289 286 286 283 282 281 281 270 269 268 268 268 267 267 248 129 122 121 121 120 120 114 113 113 112 111 110 110 109 16 13 12 11 11 11 10 9 4 4 1 1 0 
342 2435 1208 1027 1008 1007 1004 1004 1001 998 997 997 997 930 927 926 926 763 723 627 616 598 598 595 595 584 581 581 580 577 577 577 574 574 564 564 552 551 550 547 547 547 547 537 536 535 534 534 323 292 289 286 286 283 282 281 281 270 269 268 268 268 267 267 248 129 122 121 121 120 120 114 113 113 112 115 114 113 20 17 16 15 15 15 14 13 8 8 5 5 4 
344 2435 1208 1027 1008 1007 1004 1004 1001 998 997 997 997 930 927 926 926 763 723 627 616 598 598 595 595 584 581 581 580 577 577 577 574 574 564 564 552 551 550 547 547 547 547 537 536 535 534 534 323 292 289 286 286 283 282 281 281 270 269 268 268 268 267 267 248 129 122 121 121 120 120 114 113 113 112 114 113 112 19 16 15 14 14 14 13 12 7 7 4 4 3 
320 2435 1208 1027 1008 1007 1004 1004 1001 998 997 997 997 930 927 926 926 763 723 627 616 598 598 595 595 584 581 581 580 577 577 577 574 574 564 564 552 551 550 547 547 547 547 537 536 535 534 534 323 292 289 286 286 283 282 281 281 270 269 268 268 268 267 267 248 129 122 121 121 120 120 114 113 113 112 112 111 110 17 14 13 12 12 12 11 10 5 5 2 2 1 
332 2435 1208 1027 1008 1007 1004 1004 1001 998 997 997 997 930 927 926 926 763 723 627 616 598 598 595 595 584 581 581 580 577 577 577 574 574 564 564 552 551 550 547 547 547 547 537 536 535 534 534 323 292 289 286 286 283 282 281 281 270 269 268 268 268 267 267 248 129 122 121 121 120 120 114 113 113 112 111 110 109 16 13 12 11 11 11 10 9 9 6 6 5 
337 2435 1208 1027 1008 1007 1004 1004 1001 998 997 997 997 930 927 926 926 763 723 627 616 598 598 595 595 584 581 581 580 577 577 577 574 574 564 564 552 551 550 547 547 547 547 537 536 535 534 534 323 292 289 286 286 283 282 281 281 270 269 268 268 268 267 267 248 129 122 121 121 120 120 114 113 113 112 111 110 109 16 13 12 11 11 11 10 10 7 7 6 
308 2435 1208 1027 1008 1007 1004 1004 1001 998 997 997 997 930 927 926 926 763 723 627 616 598 598 595 595 584 581 581 580 577 577 577 574 574 564 564 552 551 550 547 547 547 547 537 536 535 534 534 323 292 289 286 286 283 282 281 281 270 269 268 268 268 267 267 248 129 122 121 121 120 120 114 113 113 112 111 110 109 16 13 12 11 11 11 10 9 4 4 4 1 1 0 
306 2435 1208 1027 1008 1007 1004 1004 1001 998 997 997 997 930 927 926 926 763 723 627 616 598 598 595 595 584 581 581 580 577 577 577 574 574 564 564 552 551 550 547 547 547 547 537 536 535 534 534 323 292 289 286 286 283 282 281 281 270 269 268 268 268 267 267 248 129 122 121 121 120 120 114 113 113 112 111 110 109 16 13 12 11 11 11 10 9 4 4 4 1 1 0 
313 2435 1208 1027 1008 1007 1004 1004 1001 998 997 997 997 930 927 926 926 763 723 627 616 598 598 595 595 584 581 581 580 577 577 577 574 574 564 564 552 551 550 547 547 547 547 537 536 535 534 534 323 292 289 286 286 283 282 281 281 270 269 268 268 268 267 267 248 129 122 121 121 120 120 114 113 113 112 111 110 109 16 13 12 11 11 11 10 9 4 4 1 1 0 
314 2435 1208 1027 1008 1007 1004 1004 1001 998 997 997 997 930 927 926 926 763 723 627 616 598 598 595 595 584 581 581 580 577 577 577 574 574 564 564 552 551 550 547 547 547 547 537 536 535 534 534 323 292 289 286 286 283 282 281 281 270 269 268 268 268 267 267 248 129 122 121 121 120 120 114 113 113 112 111 110 109 16 13 12 11 11 11 10 9 4 4 1 1 0 
317 2435 1208 1027 1008 1007 1004 1004 1001 998 997 997 997 930 927 926 926 763 723 627 616 598 598 595 595 584 581 581 580 577 577 577 574 574 564 564 552 551 550 547 547 547 547 537 536 535 534 534 323 292 289 286 286 283 282 281 281 270 269 268 268 268 267 267 248 129 122 121 121 120 120 114 113 113 112 111 110 109 16 13 12 11 11 11 10 9 4 4 1 1 0 
324 2435 1208 1027 1008 1007 1004 1004 1001 998 997 997 997 930 927 926 926 763 723 627 616 598 598 595 595 584 581 581 580 577 577 577 574 574 564 564 552 551 550 547 547 547 547 537 536 535 534 534 323 292 289 286 286 283 282 281 281 270 269 268 268 268 267 267 248 129 122 121 121 120 120 114 113 113 112 111 110 109 16 13 12 11 11 11 10 9 4 4 1 1 0 
309 2435 1208 1027 1008 1007 1004 1004 1001 998 997 997 997 930 927 926 926 763 723 627 616 598 598 595 595 584 581 581 580 577 577 577 574 574 564 564 552 551 550 547 547 547 547 537 536 535 534 534 323 292 289 286 286 283 282 281 281 270 269 268 268 268 267 267 248 129 122 121 121 120 120 114 113 113 112 111 110 109 16 13 12 11 11 11 10 9 4 4 1 1 0 
303 2435 1208 1027 1008 1007 1004 1004 1001 998 997 997 997 930 927 926 926 763 723 627 616 598 598 595 595 584 581 581 580 577 577 577 574 574 564 564 552 551 550 547 547 547 547 537 536 535 534 534 323 292 289 286 286 283 282 281 281 270 269 268 268 268 267 267 248 129 122 121 121 120 120 114 113 113 112 111 110 109 16 13 12 11 11 11 10 9 4 4 1 1 0 0 
321 2435 1208 1027 1008 1007 1004 1004 1001 998 997 997 997 930 927 926 926 763 723 627 616 598 598 595 595 584 581 581 580 577 577 577 574 574 564 564 552 551 550 547 547 547 547 537 536 535 534 534 323 292 289 286 286 283 282 281 281 270 269 268 268 268 267 267 248 129 122 121 121 120 120 114 113 113 112 111 110 109 16 13 12 11 11 11 10 9 4 4 1 1 0 0 
304 2435 1208 1027 1008 1007 1004 1004 1001 998 997 997 997 930 927 926 926 763 723 627 616 598 598 595 595 584 581 581 580 577 577 577 574 574 564 564 552 551 550 547 547 547 547 537 536 535 534 534 323 292 289 286 286 283 282 281 281 270 269 268 268 268 267 267 248 129 122 121 121 120 120 114 113 113 112 111 110 109 16 13 12 11 11 11 10 9 4 4 1 1 0 
316 2435 1208 1027 1008 1007 1004 1004 1001 998 997 997 997 930 927 926 926 763 723 627 616 598 598 595 595 584 581 581 580 577 577 577 574 574 564 564 552 551 550 547 547 547 547 537 536 535 534 534 323 292 289 286 286 283 282 281 281 270 269 268 268 268 267 267 248 129 122 121 121 120 120 114 113 113 112 111 110 109 16 13 12 11 11 11 10 9 4 4 1 1 0 
312 2435 1208 1027 1008 1007 1004 1004 1001 998 997 997 997 930 927 926 926 763 723 627 616 598 598 595 595 584 581 581 580 577 577 577 574 574 564 564 552 551 550 547 547 547 547 537 536 535 534 534 323 292 289 286 286 283 282 281 281 270 269 268 268 268 267 267 248 129 122 121 121 120 120 114 113 113 112 111 110 109 16 13 12 11 11 11 10 9 4 4 1 1 0 
307 2435 1208 1027 1008 1007 1004 1004 1001 998 997 997 997 930 927 926 926 763 723 627 616 598 598 595 595 584 581 581 580 577 577 577 574 574 564 564 552 551 550 547 547 547 547 537 536 535 534 534 323 292 289 286 286 283 282 281 281 270 269 268 268 268 267 267 248 129 122 121 121 120 120 114 113 113 112 111 110 109 16 13 12 11 11 11 10 9 4 4 1 1 0 0 
345 2435 1208 1027 1008 1007 1004 1004 1001 998 997 997 997 930 927 926 926 763 723 627 616 598 598 595 595 584 581 581 580 577 577 577 574 574 564 564 552 551 550 547 547 547 547 537 536 535 534 534 323 292 289 286 286 283 282 281 281 270 269 268 268 268 267 267 248 129 122 121 121 120 120 114 113 113 112 111 110 109 16 13 12 11 11 11 10 9 4 4 1 1 0 
334 2435 1208 1027 1008 1007 1004 1004 1001 998 997 997 997 930 927 926 926 763 723 627 616 598 598 595 595 584 581 581 580 577 577 577 574 574 564 564 552 551 550 547 547 547 547 537 536 535 534 534 323 292 289 286 286 283 282 281 281 270 269 268 268 268 267 267 248 129 122 121 121 120 120 114 113 113 112 111 110 109 16 13 12 11 11 11 10 9 4 4 1 1 0 
325 2435 1208 1027 1008 1007 1004 1004 1001 998 997 997 997 930 927 926 926 763 723 627 616 598 598 595 595 584 581 581 580 577 577 577 574 574 564 564 552 551 550 547 547 547 547 537 536 535 534 534 323 292 289 286 286 283 282 281 281 270 269 268 268 268 267 267 248 129 122 121 121 120 120 114 113 113 112 111 110 109 16 13 12 11 11 11 10 9 4 4 1 1 0 
340 2435 1208 1027 1008 1007 1004 1004 1001 998 997 997 997 930 927 926 926 763 723 627 616 598 598 595 595 584 581 581 580 577 577 577 574 574 564 564 552 551 550 547 547 547 547 537 536 535 534 534 323 292 289 286 286 283 282 281 281 270 269 268 268 268 267 267 248 129 122 121 121 120 120 114 113 113 112 111 110 109 16 13 12 11 11 11 10 9 4 4 1 1 0 
343 2435 1208 1027 1008 1007 1004 1004 1001 998 997 997 997 930 927 926 926 763 723 627 616 598 598 595 595 584 581 581 580 577 577 577 574 574 564 564 552 551 550 547 547 547 547 537 536 535 534 534 323 292 289 286 286 283 282 281 281 270 269 268 268 268 267 267 248 129 122 121 121 120 120 114 113 113 112 111 110 109 16 13 12 11 11 11 10 9 4 4 1 1 0 
330 2435 1208 1027 1008 1007 1004 1004 1001 998 997 997 997 930 927 926 926 763 723 627 616 598 598 595 595 584 581 581 580 577 577 577 574 574 564 564 552 551 550 547 547 547 547 537 536 535 534 534 323 292 289 286 286 283 282 281 281 270 269 268 268 268 267 267 248 129 122 121 121 120 120 114 113 113 112 111 110 109 16 13 12 11 11 11 10 9 4 4 1 1 0 0 
329 2435 1208 1027 1008 1007 1004 1004 1001 998 997 997 997 930 927 926 926 763 723 627 616 598 598 595 595 584 581 581 580 577 577 577 574 574 564 564 552 551 550 547 547 547 547 537 536 535 534 534 323 292 289 286 286 283 282 281 281 270 269 268 268 268 267 267 248 129 122 121 121 120 120 114 113 113 112 111 110 109 16 13 12 11 11 11 10 9 4 4 1 1 0 
318 2435 1208 1027 1008 1007 1004 1004 1001 998 997 997 997 930 927 926 926 763 723 627 616 598 598 595 595 584 581 581 580 577 577 577 574 574 564 564 552 551 550 547 547 547 547 537 536 535 534 534 323 292 289 286 286 283 282 281 281 270 269 268 268 268 267 267 248 129 122 121 121 120 120 114 113 113 112 111 110 109 16 13 12 11 11 11 10 9 4 4 1 1 0 
322 2435 1208 1027 1008 1007 1004 1004 1001 998 997 997 997 930 927 926 926 763 723 627 616 598 598 595 595 584 581 581 580 577 577 577 574 574 564 564 552 551 550 547 547 547 547 537 536 535 534 534 323 292 289 286 286 283 282 281 281 270 269 268 268 268 267 267 248 129 122 121 121 120 120 114 113 113 112 111 110 109 16 13 12 11 11 11 10 9 4 4 1 1 0 
335 2435 1208 1027 1008 1007 1004 1004 1001 998 997 997 997 930 927 926 926 763 723 627 616 598 598 595 595 584 581 581 580 577 577 577 574 574 564 564 552 551 550 547 547 547 547 537 536 535 534 534 323 292 289 286 286 283 282 281 281 270 269 268 268 268 267 267 248 129 122 121 121 120 120 114 113 113 112 111 110 109 16 13 12 11 11 11 10 9 4 4 1 1 0 0 
