Unperturbed 2435 1208 1027 1008 1007 1004 1004 1001 998 997 997 997 930 927 926 926 763 723 627 616 598 598 595 595 584 581 581 580 577 577 577 574 574 564 564 552 551 550 547 547 547 547 537 536 535 534 534 323 292 289 286 286 283 282 281 281 270 269 268 268 268 267 267 248 129 122 121 121 120 120 114 113 113 112 111 110 109 16 13 12 11 11 11 10 9 4 4 1 1 0 
342 2435 1656 1635 1572 1640 1639 1651 1639 1644 1649 1716 1711 1711 1735 1735 1735 1734 1733 1782 1839 1858 1858 1857 1856 1855 1844 1875 1901 1900 1900 1900 1920 1917 1919 1919 1934 1933 1933 1930 1930 1936 1936 1936 1716 1697 1692 1695 1691 1690 1688 1669 1663 1658 1657 1656 1655 1655 1655 1636 1486 1473 1452 1451 1441 1440 1439 1439 1438 1435 1427 1427 1262 1221 1205 1205 1205 1205 1205 1205 1202 1202 1192 
327 2435 1678 1691 1569 1475 1466 1457 1457 1458 1458 1452 1451 1451 1452 1452 1452 1369 1356 1341 1330 1329 1328 1323 1324 1325 1325 1324 1324 1324 1325 1325 1324 1323 1322 1322 1323 1322 1319 1318 1317 1311 1312 1312 1306 1305 1304 1301 1302 1301 1301 1302 1299 1203 1228 1161 1141 1142 1138 1134 1133 1132 1132 1132 1132 1131 1127 1126 1126 1126 1126 1125 1124 1124 1125 1118 1112 1111 1111 1111 1111 1112 1112 
328 2435 1588 1565 1452 1432 1431 1399 1398 1399 1372 1370 1364 1365 1365 1364 1365 1364 1365 1366 1365 1366 1362 1361 1362 1361 1360 1359 1296 1286 1280 1280 1279 1280 1277 1278 1277 1274 1270 1265 1262 1261 1260 1261 1259 1259 1260 1245 1243 1078 1055 1054 1054 1054 1044 1048 1045 1045 1039 1040 1041 1042 1025 998 1004 1001 1000 1000 993 992 992 991 990 989 990 990 982 984 980 980 979 970 971 971 970 970 
316 2435 1466 1189 1160 1145 1144 1144 1144 1134 1133 1134 1134 1135 1135 1135 1136 1129 1127 1126 1126 1125 1122 1122 1026 1022 1021 1020 1021 1021 1021 1020 1016 1015 995 987 986 986 986 986 986 986 962 959 959 956 956 953 950 949 949 764 735 723 723 725 726 726 727 725 726 725 725 722 718 718 717 716 699 609 600 599 600 600 600 590 589 588 588 588 587 586 585 585 568 558 558 555 555 554 
341 2435 1480 1140 1106 1115 1126 1125 1119 1099 1099 1097 1094 1094 1109 1125 1124 1124 1134 1136 1132 1132 1129 1129 1120 1039 1039 1039 1026 1026 982 913 893 889 889 881 882 884 876 877 877 877 914 898 897 896 896 894 898 897 897 897 764 767 773 772 771 767 766 763 768 781 792 799 799 795 795 715 679 676 668 666 667 665 665 664 663 653 642 641 641 640 639 639 633 632 629 628 627 
344 2435 1424 1194 1174 1173 1169 1169 1166 1165 1164 1162 1058 1061 1056 1055 1054 1051 1051 1050 1040 912 871 831 818 818 811 810 810 810 809 795 794 793 791 790 789 784 783 783 783 782 781 782 779 779 779 776 776 778 609 578 579 578 578 577 576 568 567 570 568 574 574 557 476 512 532 526 525 498 497 527 524 555 555 553 547 542 540 534 535 539 538 540 537 
312 2435 1210 890 855 854 854 853 852 851 835 792 786 780 779 779 778 777 776 776 772 772 772 771 770 770 770 770 770 769 633 630 629 628 628 628 627 627 626 625 625 624 600 599 596 595 592 592 554 553 553 553 553 553 553 552 551 551 545 540 539 538 537 537 537 536 535 532 532 418 418 418 415 414 408 408 408 408 210 162 161 161 161 161 161 161 160 160 137 137 137 136 136 136 136 136 136 135 128 127 126 123 118 118 118 118 118 118 117 49 30 27 26 25 25 20 19 19 19 19 19 19 18 17 17 16 16 16 16 16 16 16 16 16 16 15 10 2 2 2 2 2 2 1 1 1 0 
308 2435 1277 1130 1121 1109 1100 1074 1073 1072 1072 1067 1064 1063 1063 1062 1061 1060 1027 994 992 989 980 967 961 960 957 957 957 956 955 954 953 952 951 945 945 945 924 459 317 300 299 298 298 297 296 293 293 188 182 182 170 170 167 166 162 159 158 158 158 144 137 136 135 134 134 133 133 132 129 129 57 44 43 42 41 36 30 24 24 23 23 23 10 9 9 6 5 5 0 0 
306 2435 1277 1130 1121 1109 1100 1074 1073 1072 1072 1067 1064 1063 1063 1062 1061 1060 1027 994 992 989 980 967 961 960 957 957 957 956 955 954 953 952 951 945 945 945 924 459 317 300 299 298 298 297 296 293 293 188 182 182 170 170 167 166 162 159 158 158 158 144 137 136 135 134 134 133 133 132 129 129 57 44 43 42 41 36 30 24 24 23 23 23 10 9 9 6 5 5 0 0 
310 2435 1277 1130 1109 1081 1078 1075 1074 1071 1066 1065 1064 1063 1062 1062 1061 1060 1010 1008 1007 1004 992 992 989 988 988 987 968 961 953 953 950 948 947 946 945 945 945 924 499 465 465 464 463 463 462 461 459 454 453 452 451 407 343 331 330 180 171 170 170 169 165 165 164 114 96 90 90 82 82 81 81 75 75 75 74 74 26 25 24 21 21 18 18 13 7 6 5 1 1 0 0 0 
305 2435 1277 1130 1109 1081 1078 1075 1074 1071 1066 1065 1064 1063 1062 1062 1061 1060 1010 1008 1007 1004 992 992 989 988 988 987 968 961 953 953 950 948 947 946 945 945 945 924 499 465 465 464 463 463 462 461 459 454 453 452 451 407 343 331 330 180 171 170 170 169 165 165 164 114 96 90 90 82 82 81 81 75 75 75 74 74 26 25 24 21 21 18 18 13 7 6 5 1 1 0 0 0 
311 2435 1277 1130 1109 1081 1078 1075 1074 1071 1066 1065 1064 1063 1062 1062 1061 1060 1010 1008 1007 1004 992 992 989 988 988 987 968 961 953 953 950 948 947 946 945 945 945 924 499 465 465 464 463 463 462 461 459 454 453 452 451 407 343 331 330 180 171 170 170 169 165 165 164 114 96 90 90 82 82 81 81 75 75 75 74 74 26 25 24 21 21 18 18 13 7 6 5 1 1 0 0 0 
303 2435 1208 1012 991 983 982 982 981 980 979 979 978 978 978 977 977 912 909 903 903 903 789 786 786 786 786 753 663 659 658 657 654 654 654 653 653 652 652 625 624 621 621 620 612 611 611 611 610 609 608 607 606 605 394 369 365 364 363 363 363 363 362 362 362 361 360 360 360 354 351 351 351 351 332 213 206 205 205 204 204 199 199 198 197 197 196 126 112 109 109 108 106 100 100 99 99 99 98 98 98 97 97 96 95 94 
309 2435 1242 1130 1129 1128 1125 1124 1124 953 944 943 943 942 920 906 906 903 903 903 902 901 900 899 896 896 895 798 793 792 791 791 788 786 785 782 778 778 772 772 772 772 771 770 769 769 562 314 307 304 294 294 293 292 292 291 291 121 117 112 105 104 104 104 103 102 71 61 60 59 59 44 43 42 41 41 36 36 36 32 32 29 25 24 24 15 10 9 8 8 7 2 1 1 
338 2435 1208 1027 1008 1007 1004 1004 1003 1003 1000 999 998 997 997 997 997 930 927 926 926 779 776 776 775 775 649 644 644 639 638 637 637 636 633 633 632 632 622 567 553 553 553 547 546 546 545 544 544 541 541 537 537 534 534 534 534 533 532 321 290 289 288 287 284 283 283 282 281 271 270 269 269 268 267 267 267 248 129 122 121 121 117 114 114 113 113 112 111 110 109 108 107 107 18 15 14 13 13 13 12 11 6 6 6 3 3 0 
335 2435 1208 1027 1008 1007 1004 1004 1001 998 997 997 997 997 997 930 927 926 926 926 763 723 627 616 598 598 598 595 595 595 584 581 581 580 580 577 577 577 577 577 574 574 564 564 564 552 551 550 547 547 547 547 547 547 537 536 535 534 534 534 534 534 323 292 289 286 286 286 283 282 281 281 281 270 269 268 268 268 267 267 267 248 129 122 121 121 121 121 120 120 120 114 113 113 112 111 110 109 109 16 13 12 11 11 11 11 11 10 9 4 4 1 1 1 0 0 
321 2435 1208 1031 1015 1014 1011 1010 1010 1010 1010 1010 1010 1009 826 683 661 661 661 658 657 656 655 643 642 642 642 600 590 587 579 578 578 578 578 578 578 570 564 561 560 559 559 558 558 557 556 553 545 544 536 535 534 534 534 534 534 534 534 534 534 328 312 309 308 308 286 283 283 283 283 283 278 278 278 277 276 276 276 275 150 142 128 127 126 125 124 124 123 122 122 121 120 119 19 16 16 16 15 15 15 11 10 9 9 8 7 4 4 3 2 1 
339 2435 1274 1084 1071 1070 1067 1067 1060 1056 1054 1054 1011 1008 1007 1007 862 845 776 731 719 709 705 707 707 706 706 705 709 712 708 708 707 707 707 700 695 701 701 700 700 694 691 691 691 448 396 389 388 387 387 386 379 379 380 377 370 369 369 290 288 280 275 274 272 271 272 272 272 237 237 205 200 197 197 197 196 184 182 181 
333 2435 1208 1027 1008 1007 1004 1004 1001 998 997 997 997 930 927 927 926 926 926 926 763 723 627 616 598 598 595 595 584 581 581 580 580 577 577 577 577 574 574 564 564 552 551 550 547 547 547 547 547 537 536 535 534 534 534 534 323 292 289 286 286 283 282 281 281 271 270 269 268 268 267 267 267 267 248 151 150 150 149 148 147 146 146 146 45 33 32 31 26 26 25 25 25 18 18 15 13 12 12 11 3 3 2 1 0 0 
313 2435 1208 1027 1008 1007 1004 1004 1001 1001 998 997 997 997 804 676 672 671 671 643 643 642 641 640 639 639 638 638 602 578 570 564 564 564 563 563 562 559 559 559 558 557 557 556 555 554 554 553 545 544 536 535 534 534 534 534 323 292 289 286 286 283 282 281 281 270 269 268 268 268 267 267 248 129 122 121 121 120 120 114 113 113 112 111 110 110 109 16 13 12 11 11 11 10 9 4 4 1 1 0 
330 2435 1208 1027 1008 1007 1007 1004 1004 1001 1001 998 997 997 997 930 927 926 926 926 763 723 627 616 598 598 595 595 584 581 581 580 580 577 577 577 574 574 564 564 552 551 551 550 547 547 547 547 547 537 536 535 534 534 323 292 289 289 286 286 283 282 281 281 281 270 269 268 268 268 268 267 267 267 248 129 122 121 121 120 120 114 113 113 112 111 110 109 16 13 12 11 11 11 10 9 4 4 4 1 1 0 
318 2435 1208 1027 1008 1007 1004 1004 1001 998 997 997 997 930 927 926 926 926 763 744 636 635 622 612 612 601 600 600 599 599 598 598 598 595 587 586 586 586 586 576 573 552 552 551 551 550 547 537 536 535 534 534 534 323 292 289 286 286 286 283 282 282 282 281 281 271 270 269 268 268 267 267 248 129 122 121 121 120 120 114 113 113 112 112 111 111 110 109 21 16 16 16 16 16 13 12 12 11 11 10 9 4 4 4 4 1 
337 2435 1208 1027 1008 1007 1004 1004 1001 998 997 997 930 927 926 926 763 723 627 616 598 598 591 583 580 580 580 577 577 577 574 574 564 564 552 551 550 549 549 549 549 539 538 537 536 536 404 402 401 398 398 398 369 229 115 93 92 92 89 65 64 64 60 59 59 59 59 46 46 46 43 42 41 38 37 29 28 28 
325 2435 1208 1028 1007 1005 1004 1003 1002 1002 1002 1001 1001 913 912 911 911 827 824 823 687 686 679 678 678 678 678 645 621 617 613 612 612 611 606 605 604 604 603 602 602 391 360 358 356 354 353 342 341 340 340 340 339 339 321 202 196 196 193 192 192 192 191 109 106 106 105 105 104 103 102 101 100 100 99 98 
329 2435 1208 1027 1008 1007 1004 1004 1001 998 997 997 930 927 926 926 763 723 627 616 598 595 595 584 581 581 580 577 577 574 564 564 552 551 550 547 547 547 547 537 536 535 535 324 293 290 287 287 284 283 283 272 271 270 270 270 269 269 250 131 124 123 123 122 116 115 114 113 20 17 16 15 15 15 14 13 8 8 5 4 
332 2435 1208 1027 1008 1007 1004 1004 1001 998 997 997 930 927 927 764 724 628 617 598 597 597 594 586 585 584 584 584 584 581 581 571 571 559 558 557 554 554 554 554 544 543 542 542 331 300 299 298 298 295 294 294 283 282 281 281 281 280 280 261 164 163 163 162 161 160 159 58 46 45 45 44 43 43 43 36 30 24 23 22 21 21 20 19 
334 2435 1208 1027 1008 1007 1004 1004 1001 998 997 997 930 927 926 926 763 723 627 616 598 598 595 595 584 581 581 580 577 577 577 574 574 564 564 552 551 550 547 547 537 536 535 534 534 323 292 289 286 286 283 282 281 270 269 268 268 267 267 248 129 122 121 121 120 120 114 113 113 112 111 110 109 16 13 12 11 11 11 10 9 4 4 1 1 0 
343 2435 1208 1027 1008 1007 1004 1004 1001 998 997 997 997 930 927 926 926 763 723 627 616 598 595 584 581 581 580 577 577 577 574 564 552 551 550 547 547 547 547 537 536 535 534 534 323 292 289 286 286 283 282 281 281 270 269 268 268 268 267 267 248 129 122 121 121 120 120 114 113 113 112 111 110 109 16 13 12 11 11 11 10 9 4 4 1 1 0 
307 2435 1208 1027 1008 1007 1004 1004 1001 1000 1000 997 997 804 676 672 671 643 643 642 641 640 640 639 638 602 598 597 587 586 564 564 564 563 562 561 558 557 556 555 554 553 548 545 535 535 534 534 534 323 292 289 285 284 284 281 281 270 269 268 268 268 267 267 248 129 122 122 121 120 120 114 114 113 112 111 110 109 12 11 10 10 10 7 7 6 3 2 1 1 0 
314 2435 1208 1027 1008 1007 1004 1004 1001 998 997 997 997 930 927 926 926 763 723 627 616 598 598 595 595 584 581 581 580 577 577 577 574 574 564 564 552 551 550 547 547 547 547 537 536 535 534 534 323 292 289 286 286 283 282 281 281 270 269 268 268 268 267 267 248 129 122 121 121 120 120 114 113 113 112 111 110 109 16 13 12 11 11 11 10 9 4 4 1 1 0 
317 2435 1208 1027 1008 1007 1004 1004 1001 998 997 997 997 930 927 926 926 763 723 627 616 598 598 595 595 584 581 581 580 577 577 577 574 574 564 564 552 551 550 547 547 547 547 537 536 535 534 534 323 292 289 286 286 283 282 281 281 270 269 268 268 268 267 267 248 129 122 121 121 120 120 114 113 113 112 111 110 109 16 13 12 11 11 11 10 9 4 4 1 1 0 
324 2435 1208 1027 1008 1007 1004 1004 1001 998 997 997 997 930 927 926 926 763 723 627 616 598 598 595 595 584 581 581 580 577 577 577 574 574 564 564 552 551 550 547 547 547 547 537 536 535 534 534 323 292 289 286 286 283 282 281 281 270 269 268 268 268 267 267 248 129 122 121 121 120 120 114 113 113 112 111 110 109 16 13 12 11 11 11 10 9 4 4 1 1 0 
304 2435 1208 1027 1008 1007 1004 1004 1001 998 997 997 997 930 927 926 926 763 723 627 616 598 598 595 595 584 581 581 580 577 577 577 574 574 564 564 552 551 550 547 547 547 547 537 536 535 534 534 323 292 289 286 286 283 282 281 281 270 269 268 268 268 267 267 248 129 122 121 121 120 120 114 113 113 112 111 110 109 16 13 12 11 11 11 10 9 4 4 1 1 0 
345 2435 1208 1027 1008 1007 1004 1004 1001 998 997 997 997 930 927 926 926 763 723 627 616 598 598 595 595 584 581 581 580 577 577 577 574 574 564 564 552 551 550 547 547 547 547 537 536 535 534 534 323 292 289 286 286 283 282 281 281 270 269 268 268 268 267 267 248 129 122 121 121 120 120 114 113 113 112 111 110 109 16 13 12 11 11 11 10 9 4 4 1 1 0 
340 2435 1208 1027 1008 1007 1004 1004 1001 998 997 997 997 930 927 926 926 763 723 627 616 598 598 595 595 584 581 581 580 577 577 577 574 574 564 564 552 551 550 547 547 547 547 537 536 535 534 534 323 292 289 286 286 283 282 281 281 270 269 268 268 268 267 267 248 129 122 121 121 120 120 114 113 113 112 111 110 109 16 13 12 11 11 11 10 9 4 4 1 1 0 
322 2435 1208 1027 1008 1007 1004 1004 1001 998 997 997 997 930 927 926 926 763 723 627 616 598 598 595 595 584 581 581 580 577 577 577 574 574 564 564 552 551 550 547 547 547 547 537 536 535 534 534 323 292 289 286 286 283 282 281 281 270 269 268 268 268 267 267 248 129 122 121 121 120 120 114 113 113 112 111 110 109 16 13 12 11 11 11 10 9 4 4 1 1 0 
