Unperturbed 2435 1208 1027 1008 1007 1004 1004 1001 998 997 997 997 930 927 926 926 763 723 627 616 598 598 595 595 584 581 581 580 577 577 577 574 574 564 564 552 551 550 547 547 547 547 537 536 535 534 534 323 292 289 286 286 283 282 281 281 270 269 268 268 268 267 267 248 129 122 121 121 120 120 114 113 113 112 111 110 109 16 13 12 11 11 11 10 9 4 4 1 1 0 
327 2435 1208 1027 1008 1007 1004 1004 1001 998 997 997 997 930 927 926 926 763 723 627 616 598 598 595 595 584 581 581 580 577 577 577 574 574 564 564 552 551 550 547 547 547 547 537 536 535 534 534 323 292 289 286 286 283 282 281 281 270 269 268 268 268 267 267 248 129 122 121 121 120 120 114 113 113 112 111 110 109 16 13 12 11 11 11 10 9 4 23 20 20 19 
328 2435 1208 1027 1008 1007 1004 1004 1001 998 997 997 997 930 927 926 926 763 723 627 616 598 598 595 595 584 581 581 580 577 577 577 574 574 564 564 552 551 550 547 547 547 547 537 536 535 534 534 323 292 289 286 286 283 282 281 281 270 269 268 268 268 267 267 248 129 122 121 121 120 120 114 113 113 112 111 110 109 16 13 12 11 11 11 10 9 4 23 20 20 19 
341 2435 1208 1027 1008 1007 1004 1004 1001 998 997 997 997 930 927 926 926 763 723 627 616 598 598 595 595 584 581 581 580 577 577 577 574 574 564 564 552 551 550 547 547 547 547 537 536 535 534 534 323 292 289 286 286 283 282 281 281 270 269 268 268 268 267 267 248 129 122 121 121 120 120 114 113 113 112 111 110 109 16 13 12 11 11 11 10 9 4 13 10 10 9 
339 2435 1208 1027 1008 1007 1004 1004 1001 998 997 997 997 930 927 926 926 763 723 627 616 598 598 595 595 584 581 581 580 577 577 577 574 574 564 564 552 551 550 547 547 547 547 537 536 535 534 534 323 292 289 286 286 283 282 281 281 270 269 268 268 268 267 267 248 129 122 121 121 120 120 114 113 113 112 111 110 109 16 13 12 11 11 11 10 9 4 13 10 10 9 
344 2435 1208 1027 1008 1007 1004 1004 1001 998 997 997 997 930 927 926 926 763 723 627 616 598 598 595 595 584 581 581 580 577 577 577 574 574 564 564 552 551 550 547 547 547 547 537 536 535 534 534 323 292 289 286 286 283 282 281 281 270 269 268 268 268 267 267 248 129 122 121 121 120 120 114 113 113 112 111 110 109 16 13 12 11 11 11 10 9 4 13 10 10 9 
338 2435 1208 1027 1008 1007 1004 1004 1001 998 997 997 997 930 927 926 926 763 723 627 616 598 598 595 595 584 581 581 580 577 577 577 574 574 564 564 552 551 550 547 547 547 547 537 536 535 534 534 323 292 289 286 286 283 282 281 281 270 269 268 268 268 267 267 248 129 122 121 121 120 120 114 113 113 112 111 110 109 16 13 12 11 11 10 7 4 4 4 4 4 4 3 3 3 3 2 1 1 0 
333 2435 1208 1027 1008 1007 1004 1004 1001 998 997 997 997 930 927 926 926 763 723 627 616 598 598 595 595 584 581 581 580 577 577 577 574 574 564 564 552 551 550 547 547 547 547 537 536 535 534 534 323 292 289 286 286 283 282 281 281 270 269 268 268 268 267 267 248 129 122 121 121 120 120 114 113 113 112 111 110 109 16 13 12 11 9 9 9 8 5 4 4 4 4 4 4 1 1 0 
310 2435 1208 1027 1008 1007 1004 1004 1001 998 997 997 997 930 927 926 926 763 723 627 616 598 598 595 595 584 581 581 580 577 577 577 574 574 564 564 552 551 550 547 547 547 547 537 536 535 534 534 323 292 289 286 286 283 282 281 281 270 269 268 268 268 267 267 248 129 122 121 121 120 120 114 113 113 112 111 110 109 16 13 12 11 11 11 10 9 4 4 4 1 1 0 
305 2435 1208 1027 1008 1007 1004 1004 1001 998 997 997 997 930 927 926 926 763 723 627 616 598 598 595 595 584 581 581 580 577 577 577 574 574 564 564 552 551 550 547 547 547 547 537 536 535 534 534 323 292 289 286 286 283 282 281 281 270 269 268 268 268 267 267 248 129 122 121 121 120 120 114 113 113 112 111 110 109 16 13 12 11 11 11 10 9 4 4 4 1 1 0 
320 2435 1208 1027 1008 1007 1004 1004 1001 998 997 997 997 930 927 926 926 763 723 627 616 598 598 595 595 584 581 581 580 577 577 577 574 574 564 564 552 551 550 547 547 547 547 537 536 535 534 534 323 292 289 286 286 283 282 281 281 270 269 268 268 268 267 267 248 129 122 121 121 120 120 114 113 113 112 111 110 109 16 13 12 11 11 11 10 9 4 4 4 1 1 0 
311 2435 1208 1027 1008 1007 1004 1004 1001 998 997 997 997 930 927 926 926 763 723 627 616 598 598 595 595 584 581 581 580 577 577 577 574 574 564 564 552 551 550 547 547 547 547 537 536 535 534 534 323 292 289 286 286 283 282 281 281 270 269 268 268 268 267 267 248 129 122 121 121 120 120 114 113 113 112 111 110 109 16 13 12 11 11 11 10 9 4 4 4 1 1 0 
308 2435 1208 1027 1008 1007 1004 1004 1001 998 997 997 997 930 927 926 926 763 723 627 616 598 598 595 595 584 581 581 580 577 577 577 574 574 564 564 552 551 550 547 547 547 547 537 536 535 534 534 323 292 289 286 286 283 282 281 281 270 269 268 268 268 267 267 248 129 122 121 121 120 120 114 113 113 112 111 110 109 16 13 12 11 11 11 10 9 4 4 1 1 1 0 
306 2435 1208 1027 1008 1007 1004 1004 1001 998 997 997 997 930 927 926 926 763 723 627 616 598 598 595 595 584 581 581 580 577 577 577 574 574 564 564 552 551 550 547 547 547 547 537 536 535 534 534 323 292 289 286 286 283 282 281 281 270 269 268 268 268 267 267 248 129 122 121 121 120 120 114 113 113 112 111 110 109 16 13 12 11 11 11 10 9 4 4 1 1 1 0 
337 2435 1208 1027 1008 1007 1004 1004 1001 998 997 997 997 930 927 926 926 763 723 627 616 598 598 595 595 584 581 581 580 577 577 577 574 574 564 564 552 551 550 547 547 547 547 537 536 535 534 534 323 292 289 286 286 283 282 281 281 270 269 268 268 268 267 267 248 129 122 121 121 120 120 114 113 113 112 111 110 109 16 13 12 11 11 11 10 9 4 4 1 1 0 
313 2435 1208 1027 1008 1007 1004 1004 1001 998 997 997 997 930 927 926 926 763 723 627 616 598 598 595 595 584 581 581 580 577 577 577 574 574 564 564 552 551 550 547 547 547 547 537 536 535 534 534 323 292 289 286 286 283 282 281 281 270 269 268 268 268 267 267 248 129 122 121 121 120 120 114 113 113 112 111 110 109 16 13 12 11 11 11 10 9 4 4 1 1 0 
314 2435 1208 1027 1008 1007 1004 1004 1001 998 997 997 997 930 927 926 926 763 723 627 616 598 598 595 595 584 581 581 580 577 577 577 574 574 564 564 552 551 550 547 547 547 547 537 536 535 534 534 323 292 289 286 286 283 282 281 281 270 269 268 268 268 267 267 248 129 122 121 121 120 120 114 113 113 112 111 110 109 16 13 12 11 11 11 10 9 4 4 1 1 0 
317 2435 1208 1027 1008 1007 1004 1004 1001 998 997 997 997 930 927 926 926 763 723 627 616 598 598 595 595 584 581 581 580 577 577 577 574 574 564 564 552 551 550 547 547 547 547 537 536 535 534 534 323 292 289 286 286 283 282 281 281 270 269 268 268 268 267 267 248 129 122 121 121 120 120 114 113 113 112 111 110 109 16 13 12 11 11 11 10 9 4 4 1 1 0 
324 2435 1208 1027 1008 1007 1004 1004 1001 998 997 997 997 930 927 926 926 763 723 627 616 598 598 595 595 584 581 581 580 577 577 577 574 574 564 564 552 551 550 547 547 547 547 537 536 535 534 534 323 292 289 286 286 283 282 281 281 270 269 268 268 268 267 267 248 129 122 121 121 120 120 114 113 113 112 111 110 109 16 13 12 11 11 11 10 9 4 4 1 1 0 
309 2435 1208 1027 1008 1007 1004 1004 1001 998 997 997 997 930 927 926 926 763 723 627 616 598 598 595 595 584 581 581 580 577 577 577 574 574 564 564 552 551 550 547 547 547 547 537 536 535 534 534 323 292 289 286 286 283 282 281 281 270 269 268 268 268 267 267 248 129 122 121 121 120 120 114 113 113 112 111 110 109 16 13 12 11 11 11 10 9 4 4 1 1 0 
303 2435 1208 1027 1008 1007 1004 1004 1001 998 997 997 997 930 927 926 926 763 723 627 616 598 598 595 595 584 581 581 580 577 577 577 574 574 564 564 552 551 550 547 547 547 547 537 536 535 534 534 323 292 289 286 286 283 282 281 281 270 269 268 268 268 267 267 248 129 122 121 121 120 120 114 113 113 112 111 110 109 16 13 12 11 11 11 10 9 4 4 1 1 0 0 
321 2435 1208 1027 1008 1007 1004 1004 1001 998 997 997 997 930 927 926 926 763 723 627 616 598 598 595 595 584 581 581 580 577 577 577 574 574 564 564 552 551 550 547 547 547 547 537 536 535 534 534 323 292 289 286 286 283 282 281 281 270 269 268 268 268 267 267 248 129 122 121 121 120 120 114 113 113 112 111 110 109 16 13 12 11 11 11 10 9 4 4 1 1 0 0 
304 2435 1208 1027 1008 1007 1004 1004 1001 998 997 997 997 930 927 926 926 763 723 627 616 598 598 595 595 584 581 581 580 577 577 577 574 574 564 564 552 551 550 547 547 547 547 537 536 535 534 534 323 292 289 286 286 283 282 281 281 270 269 268 268 268 267 267 248 129 122 121 121 120 120 114 113 113 112 111 110 109 16 13 12 11 11 11 10 9 4 4 1 1 0 
316 2435 1208 1027 1008 1007 1004 1004 1001 998 997 997 997 930 927 926 926 763 723 627 616 598 598 595 595 584 581 581 580 577 577 577 574 574 564 564 552 551 550 547 547 547 547 537 536 535 534 534 323 292 289 286 286 283 282 281 281 270 269 268 268 268 267 267 248 129 122 121 121 120 120 114 113 113 112 111 110 109 16 13 12 11 11 11 10 9 4 4 1 1 0 
312 2435 1208 1027 1008 1007 1004 1004 1001 998 997 997 997 930 927 926 926 763 723 627 616 598 598 595 595 584 581 581 580 577 577 577 574 574 564 564 552 551 550 547 547 547 547 537 536 535 534 534 323 292 289 286 286 283 282 281 281 270 269 268 268 268 267 267 248 129 122 121 121 120 120 114 113 113 112 111 110 109 16 13 12 11 11 11 10 9 4 4 1 1 0 
307 2435 1208 1027 1008 1007 1004 1004 1001 998 997 997 997 930 927 926 926 763 723 627 616 598 598 595 595 584 581 581 580 577 577 577 574 574 564 564 552 551 550 547 547 547 547 537 536 535 534 534 323 292 289 286 286 283 282 281 281 270 269 268 268 268 267 267 248 129 122 121 121 120 120 114 113 113 112 111 110 109 16 13 12 11 11 11 10 9 4 4 1 1 0 0 
345 2435 1208 1027 1008 1007 1004 1004 1001 998 997 997 997 930 927 926 926 763 723 627 616 598 598 595 595 584 581 581 580 577 577 577 574 574 564 564 552 551 550 547 547 547 547 537 536 535 534 534 323 292 289 286 286 283 282 281 281 270 269 268 268 268 267 267 248 129 122 121 121 120 120 114 113 113 112 111 110 109 16 13 12 11 11 11 10 9 4 4 1 1 0 
334 2435 1208 1027 1008 1007 1004 1004 1001 998 997 997 997 930 927 926 926 763 723 627 616 598 598 595 595 584 581 581 580 577 577 577 574 574 564 564 552 551 550 547 547 547 547 537 536 535 534 534 323 292 289 286 286 283 282 281 281 270 269 268 268 268 267 267 248 129 122 121 121 120 120 114 113 113 112 111 110 109 16 13 12 11 11 11 10 9 4 4 1 1 0 
325 2435 1208 1027 1008 1007 1004 1004 1001 998 997 997 997 930 927 926 926 763 723 627 616 598 598 595 595 584 581 581 580 577 577 577 574 574 564 564 552 551 550 547 547 547 547 537 536 535 534 534 323 292 289 286 286 283 282 281 281 270 269 268 268 268 267 267 248 129 122 121 121 120 120 114 113 113 112 111 110 109 16 13 12 11 11 11 10 9 4 4 1 1 0 
340 2435 1208 1027 1008 1007 1004 1004 1001 998 997 997 997 930 927 926 926 763 723 627 616 598 598 595 595 584 581 581 580 577 577 577 574 574 564 564 552 551 550 547 547 547 547 537 536 535 534 534 323 292 289 286 286 283 282 281 281 270 269 268 268 268 267 267 248 129 122 121 121 120 120 114 113 113 112 111 110 109 16 13 12 11 11 11 10 9 4 4 1 1 0 
342 2435 1208 1027 1008 1007 1004 1004 1001 998 997 997 997 930 927 926 926 763 723 627 616 598 598 595 595 584 581 581 580 577 577 577 574 574 564 564 552 551 550 547 547 547 547 537 536 535 534 534 323 292 289 286 286 283 282 281 281 270 269 268 268 268 267 267 248 129 122 121 121 120 120 114 113 113 112 111 110 109 16 13 12 11 11 11 10 9 4 4 1 1 0 
343 2435 1208 1027 1008 1007 1004 1004 1001 998 997 997 997 930 927 926 926 763 723 627 616 598 598 595 595 584 581 581 580 577 577 577 574 574 564 564 552 551 550 547 547 547 547 537 536 535 534 534 323 292 289 286 286 283 282 281 281 270 269 268 268 268 267 267 248 129 122 121 121 120 120 114 113 113 112 111 110 109 16 13 12 11 11 11 10 9 4 4 1 1 0 
330 2435 1208 1027 1008 1007 1004 1004 1001 998 997 997 997 930 927 926 926 763 723 627 616 598 598 595 595 584 581 581 580 577 577 577 574 574 564 564 552 551 550 547 547 547 547 537 536 535 534 534 323 292 289 286 286 283 282 281 281 270 269 268 268 268 267 267 248 129 122 121 121 120 120 114 113 113 112 111 110 109 16 13 12 11 11 11 10 9 4 4 1 1 0 0 
329 2435 1208 1027 1008 1007 1004 1004 1001 998 997 997 997 930 927 926 926 763 723 627 616 598 598 595 595 584 581 581 580 577 577 577 574 574 564 564 552 551 550 547 547 547 547 537 536 535 534 534 323 292 289 286 286 283 282 281 281 270 269 268 268 268 267 267 248 129 122 121 121 120 120 114 113 113 112 111 110 109 16 13 12 11 11 11 10 9 4 4 1 1 0 
318 2435 1208 1027 1008 1007 1004 1004 1001 998 997 997 997 930 927 926 926 763 723 627 616 598 598 595 595 584 581 581 580 577 577 577 574 574 564 564 552 551 550 547 547 547 547 537 536 535 534 534 323 292 289 286 286 283 282 281 281 270 269 268 268 268 267 267 248 129 122 121 121 120 120 114 113 113 112 111 110 109 16 13 12 11 11 11 10 9 4 4 1 1 0 
322 2435 1208 1027 1008 1007 1004 1004 1001 998 997 997 997 930 927 926 926 763 723 627 616 598 598 595 595 584 581 581 580 577 577 577 574 574 564 564 552 551 550 547 547 547 547 537 536 535 534 534 323 292 289 286 286 283 282 281 281 270 269 268 268 268 267 267 248 129 122 121 121 120 120 114 113 113 112 111 110 109 16 13 12 11 11 11 10 9 4 4 1 1 0 
332 2435 1208 1027 1008 1007 1004 1004 1001 998 997 997 997 930 927 926 926 763 723 627 616 598 598 595 595 584 581 581 580 577 577 577 574 574 564 564 552 551 550 547 547 547 547 537 536 535 534 534 323 292 289 286 286 283 282 281 281 270 269 268 268 268 267 267 248 129 122 121 121 120 120 114 113 113 112 111 110 109 16 13 12 11 11 11 10 9 4 4 1 1 0 
335 2435 1208 1027 1008 1007 1004 1004 1001 998 997 997 997 930 927 926 926 763 723 627 616 598 598 595 595 584 581 581 580 577 577 577 574 574 564 564 552 551 550 547 547 547 547 537 536 535 534 534 323 292 289 286 286 283 282 281 281 270 269 268 268 268 267 267 248 129 122 121 121 120 120 114 113 113 112 111 110 109 16 13 12 11 11 11 10 9 4 4 1 1 0 0 
