aggregate data per location for random rate = 0.1 and with Perturbator = NEGB
Exploration Boolean Negation
37 perturbation point.
NEGB : negation of boolean value.
7 datasets
Picked up in the data set provided by Weka.
IndexLoc   #Success   #Failure   #Exception #CallAllExecs      AvgCallPerExec     #Perturbations AvgPerturbationPerExec   #Execs     #Tasks     %Success                   
1          35         0          0          0                  0,00               0              0,00                     35         7          NaN                        
2          35         0          0          350                10,00              42             1,20                     35         7          -------------------- 100,00
3          35         0          0          0                  0,00               0              0,00                     35         7          NaN                        
31         35         0          0          0                  0,00               0              0,00                     35         7          NaN                        
32         35         0          0          0                  0,00               0              0,00                     35         7          NaN                        
51         35         0          0          0                  0,00               0              0,00                     35         7          NaN                        
52         35         0          0          0                  0,00               0              0,00                     35         7          NaN                        
53         35         0          0          0                  0,00               0              0,00                     35         7          NaN                        
54         35         0          0          0                  0,00               0              0,00                     35         7          NaN                        
55         35         0          0          0                  0,00               0              0,00                     35         7          NaN                        
58         35         0          0          0                  0,00               0              0,00                     35         7          NaN                        
75         35         0          0          35                 1,00               2              0,06                     35         7          -------------------- 100,00
76         33         0          2          35                 1,00               2              0,06                     35         7          ------------------- 94,29  
82         35         0          0          0                  0,00               0              0,00                     35         7          NaN                        
83         35         0          0          0                  0,00               0              0,00                     35         7          NaN                        
84         35         0          0          0                  0,00               0              0,00                     35         7          NaN                        
86         35         0          0          350                10,00              42             1,20                     35         7          -------------------- 100,00
87         35         0          0          0                  0,00               0              0,00                     35         7          NaN                        
88         13         22         0          350                10,00              42             1,20                     35         7          -------- 37,14             
90         11         24         0          350                10,00              42             1,20                     35         7          ------- 31,43              
95         1          34         0          2339               66,83              242            6,91                     35         7          - 2,86                     
107        0          35         0          3500               100,00             360            10,29                    35         7           0,00                      
119        3          32         0          2905               83,00              298            8,51                     35         7          -- 8,57                    
124        35         0          0          0                  0,00               0              0,00                     35         7          NaN                        
128        35         0          0          0                  0,00               0              0,00                     35         7          NaN                        
140        35         0          0          0                  0,00               0              0,00                     35         7          NaN                        
143        35         0          0          35                 1,00               2              0,06                     35         7          -------------------- 100,00
144        35         0          0          0                  0,00               0              0,00                     35         7          NaN                        
145        33         0          2          35                 1,00               2              0,06                     35         7          ------------------- 94,29  
146        33         0          2          35                 1,00               2              0,06                     35         7          ------------------- 94,29  
147        35         0          0          35                 1,00               2              0,06                     35         7          -------------------- 100,00
150        35         0          0          0                  0,00               0              0,00                     35         7          NaN                        
154        35         0          0          0                  0,00               0              0,00                     35         7          NaN                        
158        35         0          0          0                  0,00               0              0,00                     35         7          NaN                        
164        35         0          0          0                  0,00               0              0,00                     35         7          NaN                        
165        35         0          0          0                  0,00               0              0,00                     35         7          NaN                        
166        35         0          0          0                  0,00               0              0,00                     35         7          NaN                        
