contains the data for the random rates analysis graph with Perturbator as perturbator.
Exploration Boolean Negation
37 perturbation point.
NEGB : negation of boolean value.
random rate : 0.001 0.005 0.01 0.05 0.1 0.15 0.2 0.25 0.3 
5 repetition
7 datasets
Picked up in the data set provided by Weka.
RandomRate Perturbator IndexLoc   #Success   #Failure   #Exception #Call      #Perturbation  %Success                   
0.0        None        1          7          0          0          0          0              -------------------- 100,00
0.001      NEGB        1          35         0          0          0          0              NaN                        
0.005      NEGB        1          35         0          0          0          0              NaN                        
0.01       NEGB        1          35         0          0          0          0              NaN                        
0.05       NEGB        1          35         0          0          0          0              NaN                        
0.1        NEGB        1          35         0          0          0          0              NaN                        
0.15       NEGB        1          35         0          0          0          0              NaN                        
0.2        NEGB        1          35         0          0          0          0              NaN                        
0.25       NEGB        1          35         0          0          0          0              NaN                        
0.3        NEGB        1          35         0          0          0          0              NaN                        
0.0        None        2          7          0          0          70         0              -------------------- 100,00
0.001      NEGB        2          35         0          0          350        0              NaN                        
0.005      NEGB        2          35         0          0          350        1              -------------------- 100,00
0.01       NEGB        2          35         0          0          350        2              -------------------- 100,00
0.05       NEGB        2          35         0          0          350        16             -------------------- 100,00
0.1        NEGB        2          35         0          0          350        42             -------------------- 100,00
0.15       NEGB        2          35         0          0          350        58             -------------------- 100,00
0.2        NEGB        2          35         0          0          350        77             -------------------- 100,00
0.25       NEGB        2          35         0          0          350        92             -------------------- 100,00
0.3        NEGB        2          35         0          0          350        106            -------------------- 100,00
0.0        None        3          7          0          0          0          0              -------------------- 100,00
0.001      NEGB        3          35         0          0          0          0              NaN                        
0.005      NEGB        3          35         0          0          0          0              NaN                        
0.01       NEGB        3          35         0          0          0          0              NaN                        
0.05       NEGB        3          35         0          0          0          0              NaN                        
0.1        NEGB        3          35         0          0          0          0              NaN                        
0.15       NEGB        3          35         0          0          0          0              NaN                        
0.2        NEGB        3          35         0          0          0          0              NaN                        
0.25       NEGB        3          35         0          0          0          0              NaN                        
0.3        NEGB        3          35         0          0          0          0              NaN                        
0.0        None        31         7          0          0          0          0              -------------------- 100,00
0.001      NEGB        31         35         0          0          0          0              NaN                        
0.005      NEGB        31         35         0          0          0          0              NaN                        
0.01       NEGB        31         35         0          0          0          0              NaN                        
0.05       NEGB        31         35         0          0          0          0              NaN                        
0.1        NEGB        31         35         0          0          0          0              NaN                        
0.15       NEGB        31         35         0          0          0          0              NaN                        
0.2        NEGB        31         35         0          0          0          0              NaN                        
0.25       NEGB        31         35         0          0          0          0              NaN                        
0.3        NEGB        31         35         0          0          0          0              NaN                        
0.0        None        32         7          0          0          0          0              -------------------- 100,00
0.001      NEGB        32         35         0          0          0          0              NaN                        
0.005      NEGB        32         35         0          0          0          0              NaN                        
0.01       NEGB        32         35         0          0          0          0              NaN                        
0.05       NEGB        32         35         0          0          0          0              NaN                        
0.1        NEGB        32         35         0          0          0          0              NaN                        
0.15       NEGB        32         35         0          0          0          0              NaN                        
0.2        NEGB        32         35         0          0          0          0              NaN                        
0.25       NEGB        32         35         0          0          0          0              NaN                        
0.3        NEGB        32         35         0          0          0          0              NaN                        
0.0        None        51         7          0          0          0          0              -------------------- 100,00
0.001      NEGB        51         35         0          0          0          0              NaN                        
0.005      NEGB        51         35         0          0          0          0              NaN                        
0.01       NEGB        51         35         0          0          0          0              NaN                        
0.05       NEGB        51         35         0          0          0          0              NaN                        
0.1        NEGB        51         35         0          0          0          0              NaN                        
0.15       NEGB        51         35         0          0          0          0              NaN                        
0.2        NEGB        51         35         0          0          0          0              NaN                        
0.25       NEGB        51         35         0          0          0          0              NaN                        
0.3        NEGB        51         35         0          0          0          0              NaN                        
0.0        None        52         7          0          0          0          0              -------------------- 100,00
0.001      NEGB        52         35         0          0          0          0              NaN                        
0.005      NEGB        52         35         0          0          0          0              NaN                        
0.01       NEGB        52         35         0          0          0          0              NaN                        
0.05       NEGB        52         35         0          0          0          0              NaN                        
0.1        NEGB        52         35         0          0          0          0              NaN                        
0.15       NEGB        52         35         0          0          0          0              NaN                        
0.2        NEGB        52         35         0          0          0          0              NaN                        
0.25       NEGB        52         35         0          0          0          0              NaN                        
0.3        NEGB        52         35         0          0          0          0              NaN                        
0.0        None        53         7          0          0          0          0              -------------------- 100,00
0.001      NEGB        53         35         0          0          0          0              NaN                        
0.005      NEGB        53         35         0          0          0          0              NaN                        
0.01       NEGB        53         35         0          0          0          0              NaN                        
0.05       NEGB        53         35         0          0          0          0              NaN                        
0.1        NEGB        53         35         0          0          0          0              NaN                        
0.15       NEGB        53         35         0          0          0          0              NaN                        
0.2        NEGB        53         35         0          0          0          0              NaN                        
0.25       NEGB        53         35         0          0          0          0              NaN                        
0.3        NEGB        53         35         0          0          0          0              NaN                        
0.0        None        54         7          0          0          0          0              -------------------- 100,00
0.001      NEGB        54         35         0          0          0          0              NaN                        
0.005      NEGB        54         35         0          0          0          0              NaN                        
0.01       NEGB        54         35         0          0          0          0              NaN                        
0.05       NEGB        54         35         0          0          0          0              NaN                        
0.1        NEGB        54         35         0          0          0          0              NaN                        
0.15       NEGB        54         35         0          0          0          0              NaN                        
0.2        NEGB        54         35         0          0          0          0              NaN                        
0.25       NEGB        54         35         0          0          0          0              NaN                        
0.3        NEGB        54         35         0          0          0          0              NaN                        
0.0        None        55         7          0          0          0          0              -------------------- 100,00
0.001      NEGB        55         35         0          0          0          0              NaN                        
0.005      NEGB        55         35         0          0          0          0              NaN                        
0.01       NEGB        55         35         0          0          0          0              NaN                        
0.05       NEGB        55         35         0          0          0          0              NaN                        
0.1        NEGB        55         35         0          0          0          0              NaN                        
0.15       NEGB        55         35         0          0          0          0              NaN                        
0.2        NEGB        55         35         0          0          0          0              NaN                        
0.25       NEGB        55         35         0          0          0          0              NaN                        
0.3        NEGB        55         35         0          0          0          0              NaN                        
0.0        None        58         7          0          0          0          0              -------------------- 100,00
0.001      NEGB        58         35         0          0          0          0              NaN                        
0.005      NEGB        58         35         0          0          0          0              NaN                        
0.01       NEGB        58         35         0          0          0          0              NaN                        
0.05       NEGB        58         35         0          0          0          0              NaN                        
0.1        NEGB        58         35         0          0          0          0              NaN                        
0.15       NEGB        58         35         0          0          0          0              NaN                        
0.2        NEGB        58         35         0          0          0          0              NaN                        
0.25       NEGB        58         35         0          0          0          0              NaN                        
0.3        NEGB        58         35         0          0          0          0              NaN                        
0.0        None        75         7          0          0          7          0              -------------------- 100,00
0.001      NEGB        75         35         0          0          35         0              NaN                        
0.005      NEGB        75         35         0          0          35         0              NaN                        
0.01       NEGB        75         35         0          0          35         0              NaN                        
0.05       NEGB        75         35         0          0          35         0              NaN                        
0.1        NEGB        75         35         0          0          35         2              -------------------- 100,00
0.15       NEGB        75         35         0          0          35         5              -------------------- 100,00
0.2        NEGB        75         35         0          0          35         6              -------------------- 100,00
0.25       NEGB        75         35         0          0          35         8              -------------------- 100,00
0.3        NEGB        75         35         0          0          35         9              -------------------- 100,00
0.0        None        76         7          0          0          7          0              -------------------- 100,00
0.001      NEGB        76         35         0          0          35         0              NaN                        
0.005      NEGB        76         35         0          0          35         0              NaN                        
0.01       NEGB        76         35         0          0          35         0              NaN                        
0.05       NEGB        76         35         0          0          35         0              NaN                        
0.1        NEGB        76         33         0          2          35         2              ------------------- 94,29  
0.15       NEGB        76         30         0          5          35         5              ------------------ 85,71   
0.2        NEGB        76         29         0          6          35         6              ----------------- 82,86    
0.25       NEGB        76         27         0          8          35         8              ---------------- 77,14     
0.3        NEGB        76         26         0          9          35         9              --------------- 74,29      
0.0        None        82         7          0          0          0          0              -------------------- 100,00
0.001      NEGB        82         35         0          0          0          0              NaN                        
0.005      NEGB        82         35         0          0          0          0              NaN                        
0.01       NEGB        82         35         0          0          0          0              NaN                        
0.05       NEGB        82         35         0          0          0          0              NaN                        
0.1        NEGB        82         35         0          0          0          0              NaN                        
0.15       NEGB        82         35         0          0          0          0              NaN                        
0.2        NEGB        82         35         0          0          0          0              NaN                        
0.25       NEGB        82         35         0          0          0          0              NaN                        
0.3        NEGB        82         35         0          0          0          0              NaN                        
0.0        None        83         7          0          0          0          0              -------------------- 100,00
0.001      NEGB        83         35         0          0          0          0              NaN                        
0.005      NEGB        83         35         0          0          0          0              NaN                        
0.01       NEGB        83         35         0          0          0          0              NaN                        
0.05       NEGB        83         35         0          0          0          0              NaN                        
0.1        NEGB        83         35         0          0          0          0              NaN                        
0.15       NEGB        83         35         0          0          0          0              NaN                        
0.2        NEGB        83         35         0          0          0          0              NaN                        
0.25       NEGB        83         35         0          0          0          0              NaN                        
0.3        NEGB        83         35         0          0          0          0              NaN                        
0.0        None        84         7          0          0          0          0              -------------------- 100,00
0.001      NEGB        84         35         0          0          0          0              NaN                        
0.005      NEGB        84         35         0          0          0          0              NaN                        
0.01       NEGB        84         35         0          0          0          0              NaN                        
0.05       NEGB        84         35         0          0          0          0              NaN                        
0.1        NEGB        84         35         0          0          0          0              NaN                        
0.15       NEGB        84         35         0          0          0          0              NaN                        
0.2        NEGB        84         35         0          0          0          0              NaN                        
0.25       NEGB        84         35         0          0          0          0              NaN                        
0.3        NEGB        84         35         0          0          0          0              NaN                        
0.0        None        86         7          0          0          70         0              -------------------- 100,00
0.001      NEGB        86         35         0          0          350        0              NaN                        
0.005      NEGB        86         35         0          0          350        1              -------------------- 100,00
0.01       NEGB        86         35         0          0          350        2              -------------------- 100,00
0.05       NEGB        86         35         0          0          350        16             -------------------- 100,00
0.1        NEGB        86         35         0          0          350        42             -------------------- 100,00
0.15       NEGB        86         35         0          0          350        58             -------------------- 100,00
0.2        NEGB        86         35         0          0          350        77             -------------------- 100,00
0.25       NEGB        86         35         0          0          350        92             -------------------- 100,00
0.3        NEGB        86         35         0          0          350        106            -------------------- 100,00
0.0        None        87         7          0          0          0          0              -------------------- 100,00
0.001      NEGB        87         35         0          0          0          0              NaN                        
0.005      NEGB        87         35         0          0          0          0              NaN                        
0.01       NEGB        87         35         0          0          0          0              NaN                        
0.05       NEGB        87         35         0          0          0          0              NaN                        
0.1        NEGB        87         35         0          0          0          0              NaN                        
0.15       NEGB        87         35         0          0          0          0              NaN                        
0.2        NEGB        87         35         0          0          0          0              NaN                        
0.25       NEGB        87         35         0          0          0          0              NaN                        
0.3        NEGB        87         35         0          0          0          0              NaN                        
0.0        None        88         7          0          0          70         0              -------------------- 100,00
0.001      NEGB        88         35         0          0          350        0              NaN                        
0.005      NEGB        88         34         1          0          350        1              -------------------- 97,14 
0.01       NEGB        88         33         2          0          350        2              ------------------- 94,29  
0.05       NEGB        88         24         11         0          350        16             -------------- 68,57       
0.1        NEGB        88         13         22         0          350        42             -------- 37,14             
0.15       NEGB        88         9          26         0          350        58             ------ 25,71               
0.2        NEGB        88         5          30         0          350        77             --- 14,29                  
0.25       NEGB        88         3          32         0          350        92             -- 8,57                    
0.3        NEGB        88         1          34         0          350        106            - 2,86                     
0.0        None        90         7          0          0          70         0              -------------------- 100,00
0.001      NEGB        90         35         0          0          350        0              NaN                        
0.005      NEGB        90         34         1          0          350        1              -------------------- 97,14 
0.01       NEGB        90         33         2          0          350        2              ------------------- 94,29  
0.05       NEGB        90         23         12         0          350        16             -------------- 65,71       
0.1        NEGB        90         11         24         0          350        42             ------- 31,43              
0.15       NEGB        90         8          27         0          350        58             ----- 22,86                
0.2        NEGB        90         5          30         0          350        77             --- 14,29                  
0.25       NEGB        90         3          32         0          350        92             -- 8,57                    
0.3        NEGB        90         2          33         0          350        106            -- 5,71                    
0.0        None        95         7          0          0          770        0              -------------------- 100,00
0.001      NEGB        95         33         2          0          3838       2              ------------------- 94,29  
0.005      NEGB        95         22         13         0          3772       16             ------------- 62,86        
0.01       NEGB        95         17         18         0          3676       36             ---------- 48,57           
0.05       NEGB        95         2          33         0          3079       143            -- 5,71                    
0.1        NEGB        95         1          34         0          2339       242            - 2,86                     
0.15       NEGB        95         0          35         0          1886       291             0,00                      
0.2        NEGB        95         0          35         0          1540       316             0,00                      
0.25       NEGB        95         0          35         0          1332       331             0,00                      
0.3        NEGB        95         0          35         0          1129       339             0,00                      
0.0        None        107        7          0          0          700        0              -------------------- 100,00
0.001      NEGB        107        35         0          0          3500       2              -------------------- 100,00
0.005      NEGB        107        26         9          0          3500       15             --------------- 74,29      
0.01       NEGB        107        20         15         0          3500       35             ------------ 57,14         
0.05       NEGB        107        5          30         0          3500       172            --- 14,29                  
0.1        NEGB        107        0          35         0          3500       360             0,00                      
0.15       NEGB        107        0          35         0          3500       544             0,00                      
0.2        NEGB        107        0          35         0          3500       712             0,00                      
0.25       NEGB        107        1          34         0          3500       872            - 2,86                     
0.3        NEGB        107        0          35         0          3500       1048            0,00                      
0.0        None        119        7          0          0          700        0              -------------------- 100,00
0.001      NEGB        119        35         0          0          3500       2              -------------------- 100,00
0.005      NEGB        119        35         0          0          3499       15             -------------------- 100,00
0.01       NEGB        119        33         2          0          3489       35             ------------------- 94,29  
0.05       NEGB        119        19         16         0          3400       163            ----------- 54,29          
0.1        NEGB        119        3          32         0          2905       298            -- 8,57                    
0.15       NEGB        119        0          35         0          2276       345             0,00                      
0.2        NEGB        119        0          35         0          1761       356             0,00                      
0.25       NEGB        119        0          35         0          1379       348             0,00                      
0.3        NEGB        119        0          35         0          1153       347             0,00                      
0.0        None        124        7          0          0          0          0              -------------------- 100,00
0.001      NEGB        124        35         0          0          0          0              NaN                        
0.005      NEGB        124        35         0          0          0          0              NaN                        
0.01       NEGB        124        35         0          0          0          0              NaN                        
0.05       NEGB        124        35         0          0          0          0              NaN                        
0.1        NEGB        124        35         0          0          0          0              NaN                        
0.15       NEGB        124        35         0          0          0          0              NaN                        
0.2        NEGB        124        35         0          0          0          0              NaN                        
0.25       NEGB        124        35         0          0          0          0              NaN                        
0.3        NEGB        124        35         0          0          0          0              NaN                        
0.0        None        128        7          0          0          0          0              -------------------- 100,00
0.001      NEGB        128        35         0          0          0          0              NaN                        
0.005      NEGB        128        35         0          0          0          0              NaN                        
0.01       NEGB        128        35         0          0          0          0              NaN                        
0.05       NEGB        128        35         0          0          0          0              NaN                        
0.1        NEGB        128        35         0          0          0          0              NaN                        
0.15       NEGB        128        35         0          0          0          0              NaN                        
0.2        NEGB        128        35         0          0          0          0              NaN                        
0.25       NEGB        128        35         0          0          0          0              NaN                        
0.3        NEGB        128        35         0          0          0          0              NaN                        
0.0        None        140        7          0          0          0          0              -------------------- 100,00
0.001      NEGB        140        35         0          0          0          0              NaN                        
0.005      NEGB        140        35         0          0          0          0              NaN                        
0.01       NEGB        140        35         0          0          0          0              NaN                        
0.05       NEGB        140        35         0          0          0          0              NaN                        
0.1        NEGB        140        35         0          0          0          0              NaN                        
0.15       NEGB        140        35         0          0          0          0              NaN                        
0.2        NEGB        140        35         0          0          0          0              NaN                        
0.25       NEGB        140        35         0          0          0          0              NaN                        
0.3        NEGB        140        35         0          0          0          0              NaN                        
0.0        None        143        7          0          0          7          0              -------------------- 100,00
0.001      NEGB        143        35         0          0          35         0              NaN                        
0.005      NEGB        143        35         0          0          35         0              NaN                        
0.01       NEGB        143        35         0          0          35         0              NaN                        
0.05       NEGB        143        35         0          0          35         0              NaN                        
0.1        NEGB        143        35         0          0          35         2              -------------------- 100,00
0.15       NEGB        143        35         0          0          35         5              -------------------- 100,00
0.2        NEGB        143        35         0          0          35         6              -------------------- 100,00
0.25       NEGB        143        35         0          0          35         8              -------------------- 100,00
0.3        NEGB        143        35         0          0          35         9              -------------------- 100,00
0.0        None        144        7          0          0          0          0              -------------------- 100,00
0.001      NEGB        144        35         0          0          0          0              NaN                        
0.005      NEGB        144        35         0          0          0          0              NaN                        
0.01       NEGB        144        35         0          0          0          0              NaN                        
0.05       NEGB        144        35         0          0          0          0              NaN                        
0.1        NEGB        144        35         0          0          0          0              NaN                        
0.15       NEGB        144        35         0          0          0          0              NaN                        
0.2        NEGB        144        35         0          0          0          0              NaN                        
0.25       NEGB        144        35         0          0          0          0              NaN                        
0.3        NEGB        144        35         0          0          0          0              NaN                        
0.0        None        145        7          0          0          7          0              -------------------- 100,00
0.001      NEGB        145        35         0          0          35         0              NaN                        
0.005      NEGB        145        35         0          0          35         0              NaN                        
0.01       NEGB        145        35         0          0          35         0              NaN                        
0.05       NEGB        145        35         0          0          35         0              NaN                        
0.1        NEGB        145        33         0          2          35         2              ------------------- 94,29  
0.15       NEGB        145        30         0          5          35         5              ------------------ 85,71   
0.2        NEGB        145        29         0          6          35         6              ----------------- 82,86    
0.25       NEGB        145        27         0          8          35         8              ---------------- 77,14     
0.3        NEGB        145        26         0          9          35         9              --------------- 74,29      
0.0        None        146        7          0          0          7          0              -------------------- 100,00
0.001      NEGB        146        35         0          0          35         0              NaN                        
0.005      NEGB        146        35         0          0          35         0              NaN                        
0.01       NEGB        146        35         0          0          35         0              NaN                        
0.05       NEGB        146        35         0          0          35         0              NaN                        
0.1        NEGB        146        33         0          2          35         2              ------------------- 94,29  
0.15       NEGB        146        30         0          5          35         5              ------------------ 85,71   
0.2        NEGB        146        29         0          6          35         6              ----------------- 82,86    
0.25       NEGB        146        27         0          8          35         8              ---------------- 77,14     
0.3        NEGB        146        26         0          9          35         9              --------------- 74,29      
0.0        None        147        7          0          0          7          0              -------------------- 100,00
0.001      NEGB        147        35         0          0          35         0              NaN                        
0.005      NEGB        147        35         0          0          35         0              NaN                        
0.01       NEGB        147        35         0          0          35         0              NaN                        
0.05       NEGB        147        35         0          0          35         0              NaN                        
0.1        NEGB        147        35         0          0          35         2              -------------------- 100,00
0.15       NEGB        147        35         0          0          35         5              -------------------- 100,00
0.2        NEGB        147        35         0          0          35         6              -------------------- 100,00
0.25       NEGB        147        35         0          0          35         8              -------------------- 100,00
0.3        NEGB        147        35         0          0          35         9              -------------------- 100,00
0.0        None        150        7          0          0          0          0              -------------------- 100,00
0.001      NEGB        150        35         0          0          0          0              NaN                        
0.005      NEGB        150        35         0          0          0          0              NaN                        
0.01       NEGB        150        35         0          0          0          0              NaN                        
0.05       NEGB        150        35         0          0          0          0              NaN                        
0.1        NEGB        150        35         0          0          0          0              NaN                        
0.15       NEGB        150        35         0          0          0          0              NaN                        
0.2        NEGB        150        35         0          0          0          0              NaN                        
0.25       NEGB        150        35         0          0          0          0              NaN                        
0.3        NEGB        150        35         0          0          0          0              NaN                        
0.0        None        154        7          0          0          0          0              -------------------- 100,00
0.001      NEGB        154        35         0          0          0          0              NaN                        
0.005      NEGB        154        35         0          0          0          0              NaN                        
0.01       NEGB        154        35         0          0          0          0              NaN                        
0.05       NEGB        154        35         0          0          0          0              NaN                        
0.1        NEGB        154        35         0          0          0          0              NaN                        
0.15       NEGB        154        35         0          0          0          0              NaN                        
0.2        NEGB        154        35         0          0          0          0              NaN                        
0.25       NEGB        154        35         0          0          0          0              NaN                        
0.3        NEGB        154        35         0          0          0          0              NaN                        
0.0        None        158        7          0          0          0          0              -------------------- 100,00
0.001      NEGB        158        35         0          0          0          0              NaN                        
0.005      NEGB        158        35         0          0          0          0              NaN                        
0.01       NEGB        158        35         0          0          0          0              NaN                        
0.05       NEGB        158        35         0          0          0          0              NaN                        
0.1        NEGB        158        35         0          0          0          0              NaN                        
0.15       NEGB        158        35         0          0          0          0              NaN                        
0.2        NEGB        158        35         0          0          0          0              NaN                        
0.25       NEGB        158        35         0          0          0          0              NaN                        
0.3        NEGB        158        35         0          0          0          0              NaN                        
0.0        None        164        7          0          0          0          0              -------------------- 100,00
0.001      NEGB        164        35         0          0          0          0              NaN                        
0.005      NEGB        164        35         0          0          0          0              NaN                        
0.01       NEGB        164        35         0          0          0          0              NaN                        
0.05       NEGB        164        35         0          0          0          0              NaN                        
0.1        NEGB        164        35         0          0          0          0              NaN                        
0.15       NEGB        164        35         0          0          0          0              NaN                        
0.2        NEGB        164        35         0          0          0          0              NaN                        
0.25       NEGB        164        35         0          0          0          0              NaN                        
0.3        NEGB        164        35         0          0          0          0              NaN                        
0.0        None        165        7          0          0          0          0              -------------------- 100,00
0.001      NEGB        165        35         0          0          0          0              NaN                        
0.005      NEGB        165        35         0          0          0          0              NaN                        
0.01       NEGB        165        35         0          0          0          0              NaN                        
0.05       NEGB        165        35         0          0          0          0              NaN                        
0.1        NEGB        165        35         0          0          0          0              NaN                        
0.15       NEGB        165        35         0          0          0          0              NaN                        
0.2        NEGB        165        35         0          0          0          0              NaN                        
0.25       NEGB        165        35         0          0          0          0              NaN                        
0.3        NEGB        165        35         0          0          0          0              NaN                        
0.0        None        166        7          0          0          0          0              -------------------- 100,00
0.001      NEGB        166        35         0          0          0          0              NaN                        
0.005      NEGB        166        35         0          0          0          0              NaN                        
0.01       NEGB        166        35         0          0          0          0              NaN                        
0.05       NEGB        166        35         0          0          0          0              NaN                        
0.1        NEGB        166        35         0          0          0          0              NaN                        
0.15       NEGB        166        35         0          0          0          0              NaN                        
0.2        NEGB        166        35         0          0          0          0              NaN                        
0.25       NEGB        166        35         0          0          0          0              NaN                        
0.3        NEGB        166        35         0          0          0          0              NaN                        
