aggregate data per location for random rate = 0.15 and with Perturbator = NEGB
Exploration Boolean Negation
37 perturbation point.
NEGB : negation of boolean value.
7 datasets
Picked up in the data set provided by Weka.
IndexLoc   #Success   #Failure   #Exception #CallAllExecs      AvgCallPerExec     #Perturbations AvgPerturbationPerExec   #Execs     #Tasks     %Success                   
1          35         0          0          0                  0,00               0              0,00                     35         7          NaN                        
2          35         0          0          350                10,00              58             1,66                     35         7          -------------------- 100,00
3          35         0          0          0                  0,00               0              0,00                     35         7          NaN                        
31         35         0          0          0                  0,00               0              0,00                     35         7          NaN                        
32         35         0          0          0                  0,00               0              0,00                     35         7          NaN                        
51         35         0          0          0                  0,00               0              0,00                     35         7          NaN                        
52         35         0          0          0                  0,00               0              0,00                     35         7          NaN                        
53         35         0          0          0                  0,00               0              0,00                     35         7          NaN                        
54         35         0          0          0                  0,00               0              0,00                     35         7          NaN                        
55         35         0          0          0                  0,00               0              0,00                     35         7          NaN                        
58         35         0          0          0                  0,00               0              0,00                     35         7          NaN                        
75         35         0          0          35                 1,00               5              0,14                     35         7          -------------------- 100,00
76         30         0          5          35                 1,00               5              0,14                     35         7          ------------------ 85,71   
82         35         0          0          0                  0,00               0              0,00                     35         7          NaN                        
83         35         0          0          0                  0,00               0              0,00                     35         7          NaN                        
84         35         0          0          0                  0,00               0              0,00                     35         7          NaN                        
86         35         0          0          350                10,00              58             1,66                     35         7          -------------------- 100,00
87         35         0          0          0                  0,00               0              0,00                     35         7          NaN                        
88         9          26         0          350                10,00              58             1,66                     35         7          ------ 25,71               
90         8          27         0          350                10,00              58             1,66                     35         7          ----- 22,86                
95         0          35         0          1886               53,89              291            8,31                     35         7           0,00                      
107        0          35         0          3500               100,00             544            15,54                    35         7           0,00                      
119        0          21         14         1616               46,17              250            7,14                     35         7           0,00                      
124        32         1          2          0                  0,00               0              0,00                     35         7          NaN                        
128        35         0          0          0                  0,00               0              0,00                     35         7          NaN                        
140        35         0          0          0                  0,00               0              0,00                     35         7          NaN                        
143        35         0          0          35                 1,00               5              0,14                     35         7          -------------------- 100,00
144        35         0          0          0                  0,00               0              0,00                     35         7          NaN                        
145        30         0          5          35                 1,00               5              0,14                     35         7          ------------------ 85,71   
146        30         0          5          35                 1,00               5              0,14                     35         7          ------------------ 85,71   
147        35         0          0          35                 1,00               5              0,14                     35         7          -------------------- 100,00
150        35         0          0          0                  0,00               0              0,00                     35         7          NaN                        
154        35         0          0          0                  0,00               0              0,00                     35         7          NaN                        
158        35         0          0          0                  0,00               0              0,00                     35         7          NaN                        
164        35         0          0          0                  0,00               0              0,00                     35         7          NaN                        
165        35         0          0          0                  0,00               0              0,00                     35         7          NaN                        
166        35         0          0          0                  0,00               0              0,00                     35         7          NaN                        
