aggregate data per location for random rate = 0.005 and with Perturbator = NEGB
Exploration Boolean Negation
37 perturbation point.
NEGB : negation of boolean value.
7 datasets
Picked up in the data set provided by Weka.
IndexLoc   #Success   #Failure   #Exception #CallAllExecs      AvgCallPerExec     #Perturbations AvgPerturbationPerExec   #Execs     #Tasks     %Success                   
1          35         0          0          0                  0,00               0              0,00                     35         7          NaN                        
2          35         0          0          350                10,00              1              0,03                     35         7          -------------------- 100,00
3          35         0          0          0                  0,00               0              0,00                     35         7          NaN                        
31         35         0          0          0                  0,00               0              0,00                     35         7          NaN                        
32         35         0          0          0                  0,00               0              0,00                     35         7          NaN                        
51         35         0          0          0                  0,00               0              0,00                     35         7          NaN                        
52         35         0          0          0                  0,00               0              0,00                     35         7          NaN                        
53         35         0          0          0                  0,00               0              0,00                     35         7          NaN                        
54         35         0          0          0                  0,00               0              0,00                     35         7          NaN                        
55         35         0          0          0                  0,00               0              0,00                     35         7          NaN                        
58         35         0          0          0                  0,00               0              0,00                     35         7          NaN                        
75         35         0          0          35                 1,00               0              0,00                     35         7          NaN                        
76         35         0          0          35                 1,00               0              0,00                     35         7          NaN                        
82         35         0          0          0                  0,00               0              0,00                     35         7          NaN                        
83         35         0          0          0                  0,00               0              0,00                     35         7          NaN                        
84         35         0          0          0                  0,00               0              0,00                     35         7          NaN                        
86         35         0          0          350                10,00              1              0,03                     35         7          -------------------- 100,00
87         35         0          0          0                  0,00               0              0,00                     35         7          NaN                        
88         34         1          0          350                10,00              1              0,03                     35         7          -------------------- 97,14 
90         34         1          0          350                10,00              1              0,03                     35         7          -------------------- 97,14 
95         22         13         0          3772               107,77             16             0,46                     35         7          ------------- 62,86        
107        26         9          0          3500               100,00             15             0,43                     35         7          --------------- 74,29      
119        35         0          0          3499               99,97              15             0,43                     35         7          -------------------- 100,00
124        19         3          13         0                  0,00               0              0,00                     35         7          NaN                        
128        35         0          0          0                  0,00               0              0,00                     35         7          NaN                        
140        35         0          0          0                  0,00               0              0,00                     35         7          NaN                        
143        35         0          0          35                 1,00               0              0,00                     35         7          NaN                        
144        35         0          0          0                  0,00               0              0,00                     35         7          NaN                        
145        35         0          0          35                 1,00               0              0,00                     35         7          NaN                        
146        35         0          0          35                 1,00               0              0,00                     35         7          NaN                        
147        35         0          0          35                 1,00               0              0,00                     35         7          NaN                        
150        35         0          0          0                  0,00               0              0,00                     35         7          NaN                        
154        35         0          0          0                  0,00               0              0,00                     35         7          NaN                        
158        35         0          0          0                  0,00               0              0,00                     35         7          NaN                        
164        35         0          0          0                  0,00               0              0,00                     35         7          NaN                        
165        35         0          0          0                  0,00               0              0,00                     35         7          NaN                        
166        35         0          0          0                  0,00               0              0,00                     35         7          NaN                        
