aggregate data per location for random rate = 0.2 and with Perturbator = 1
Exploration Plus One
130 perturbation point
PONE : plus one perturbator
7 datasets
Picked up in the data set provided by Weka.
IndexLoc   #Success   #Failure   #Exception #CallAllExecs      AvgCallPerExec     #Perturbations AvgPerturbationPerExec   #Execs     #Tasks     %Success                   
0          35         0          0          0                  0,00               0              0,00                     35         7          NaN                        
4          35         0          0          0                  0,00               0              0,00                     35         7          NaN                        
5          35         0          0          0                  0,00               0              0,00                     35         7          NaN                        
6          35         0          0          3500               100,00             712            20,34                    35         7          -------------------- 100,00
7          35         0          0          3500               100,00             712            20,34                    35         7          -------------------- 100,00
8          35         0          0          3500               100,00             712            20,34                    35         7          -------------------- 100,00
9          35         0          0          3500               100,00             712            20,34                    35         7          -------------------- 100,00
10         35         0          0          3500               100,00             712            20,34                    35         7          -------------------- 100,00
11         35         0          0          3500               100,00             712            20,34                    35         7          -------------------- 100,00
12         35         0          0          3500               100,00             712            20,34                    35         7          -------------------- 100,00
13         35         0          0          3500               100,00             712            20,34                    35         7          -------------------- 100,00
14         35         0          0          3500               100,00             712            20,34                    35         7          -------------------- 100,00
15         35         0          0          3500               100,00             712            20,34                    35         7          -------------------- 100,00
16         35         0          0          3500               100,00             712            20,34                    35         7          -------------------- 100,00
17         35         0          0          3500               100,00             712            20,34                    35         7          -------------------- 100,00
18         35         0          0          3500               100,00             712            20,34                    35         7          -------------------- 100,00
19         35         0          0          3500               100,00             712            20,34                    35         7          -------------------- 100,00
20         35         0          0          3500               100,00             712            20,34                    35         7          -------------------- 100,00
21         35         0          0          3500               100,00             712            20,34                    35         7          -------------------- 100,00
22         35         0          0          3500               100,00             712            20,34                    35         7          -------------------- 100,00
23         35         0          0          3500               100,00             712            20,34                    35         7          -------------------- 100,00
24         35         0          0          3500               100,00             712            20,34                    35         7          -------------------- 100,00
25         35         0          0          3500               100,00             712            20,34                    35         7          -------------------- 100,00
26         35         0          0          3500               100,00             712            20,34                    35         7          -------------------- 100,00
27         35         0          0          3500               100,00             712            20,34                    35         7          -------------------- 100,00
28         35         0          0          3500               100,00             712            20,34                    35         7          -------------------- 100,00
29         35         0          0          3500               100,00             712            20,34                    35         7          -------------------- 100,00
30         35         0          0          3500               100,00             712            20,34                    35         7          -------------------- 100,00
33         29         6          0          35                 1,00               6              0,17                     35         7          ----------------- 82,86    
34         29         6          0          35                 1,00               6              0,17                     35         7          ----------------- 82,86    
35         29         6          0          35                 1,00               6              0,17                     35         7          ----------------- 82,86    
36         29         0          6          35                 1,00               6              0,17                     35         7          ----------------- 82,86    
37         29         0          6          35                 1,00               6              0,17                     35         7          ----------------- 82,86    
38         29         0          6          35                 1,00               6              0,17                     35         7          ----------------- 82,86    
39         29         0          6          35                 1,00               6              0,17                     35         7          ----------------- 82,86    
40         29         0          6          35                 1,00               6              0,17                     35         7          ----------------- 82,86    
41         29         0          6          35                 1,00               6              0,17                     35         7          ----------------- 82,86    
42         29         0          6          35                 1,00               6              0,17                     35         7          ----------------- 82,86    
43         29         0          6          35                 1,00               6              0,17                     35         7          ----------------- 82,86    
44         29         0          6          35                 1,00               6              0,17                     35         7          ----------------- 82,86    
45         29         0          6          35                 1,00               6              0,17                     35         7          ----------------- 82,86    
46         29         0          6          35                 1,00               6              0,17                     35         7          ----------------- 82,86    
47         29         0          6          35                 1,00               6              0,17                     35         7          ----------------- 82,86    
48         29         0          6          35                 1,00               6              0,17                     35         7          ----------------- 82,86    
49         29         0          6          35                 1,00               6              0,17                     35         7          ----------------- 82,86    
50         29         0          6          35                 1,00               6              0,17                     35         7          ----------------- 82,86    
56         35         0          0          0                  0,00               0              0,00                     35         7          NaN                        
57         35         0          0          0                  0,00               0              0,00                     35         7          NaN                        
59         35         0          0          0                  0,00               0              0,00                     35         7          NaN                        
60         35         0          0          35                 1,00               6              0,17                     35         7          -------------------- 100,00
61         35         0          0          35                 1,00               6              0,17                     35         7          -------------------- 100,00
62         35         0          0          35                 1,00               6              0,17                     35         7          -------------------- 100,00
63         29         0          6          35                 1,00               6              0,17                     35         7          ----------------- 82,86    
64         29         0          6          35                 1,00               6              0,17                     35         7          ----------------- 82,86    
65         29         0          6          35                 1,00               6              0,17                     35         7          ----------------- 82,86    
66         29         0          6          35                 1,00               6              0,17                     35         7          ----------------- 82,86    
67         29         0          6          35                 1,00               6              0,17                     35         7          ----------------- 82,86    
68         29         0          6          35                 1,00               6              0,17                     35         7          ----------------- 82,86    
69         29         0          6          35                 1,00               6              0,17                     35         7          ----------------- 82,86    
70         29         0          6          35                 1,00               6              0,17                     35         7          ----------------- 82,86    
71         35         0          0          35                 1,00               6              0,17                     35         7          -------------------- 100,00
72         29         0          6          35                 1,00               6              0,17                     35         7          ----------------- 82,86    
73         29         0          6          35                 1,00               6              0,17                     35         7          ----------------- 82,86    
74         29         0          6          35                 1,00               6              0,17                     35         7          ----------------- 82,86    
77         35         0          0          0                  0,00               0              0,00                     35         7          NaN                        
78         35         0          0          0                  0,00               0              0,00                     35         7          NaN                        
79         35         0          0          0                  0,00               0              0,00                     35         7          NaN                        
80         35         0          0          0                  0,00               0              0,00                     35         7          NaN                        
81         35         0          0          0                  0,00               0              0,00                     35         7          NaN                        
85         35         0          0          0                  0,00               0              0,00                     35         7          NaN                        
89         6          29         0          350                10,00              77             2,20                     35         7          ---- 17,14                 
91         6          29         0          350                10,00              77             2,20                     35         7          ---- 17,14                 
92         11         24         0          350                10,00              77             2,20                     35         7          ------- 31,43              
93         18         17         0          3770               107,71             766            21,89                    35         7          ----------- 51,43          
94         35         0          0          3850               110,00             783            22,37                    35         7          -------------------- 100,00
96         0          35         0          1527               43,63              313            8,94                     35         7           0,00                      
97         0          35         0          1527               43,63              313            8,94                     35         7           0,00                      
98         0          35         0          1527               43,63              313            8,94                     35         7           0,00                      
99         0          35         0          3500               100,00             712            20,34                    35         7           0,00                      
100        0          35         0          3500               100,00             712            20,34                    35         7           0,00                      
101        35         0          0          3500               100,00             712            20,34                    35         7          -------------------- 100,00
102        35         0          0          3500               100,00             712            20,34                    35         7          -------------------- 100,00
103        35         0          0          3500               100,00             712            20,34                    35         7          -------------------- 100,00
104        0          35         0          1527               43,63              313            8,94                     35         7           0,00                      
105        0          35         0          1527               43,63              313            8,94                     35         7           0,00                      
106        0          35         0          1527               43,63              313            8,94                     35         7           0,00                      
108        7          28         0          3500               100,00             712            20,34                    35         7          ---- 20,00                 
109        3          32         0          3500               100,00             712            20,34                    35         7          -- 8,57                    
110        0          35         0          3500               100,00             712            20,34                    35         7           0,00                      
111        0          35         0          3500               100,00             712            20,34                    35         7           0,00                      
112        35         0          0          3500               100,00             712            20,34                    35         7          -------------------- 100,00
113        35         0          0          3500               100,00             712            20,34                    35         7          -------------------- 100,00
114        35         0          0          3500               100,00             712            20,34                    35         7          -------------------- 100,00
115        35         0          0          3500               100,00             712            20,34                    35         7          -------------------- 100,00
116        0          35         0          1527               43,63              313            8,94                     35         7           0,00                      
117        0          35         0          1527               43,63              313            8,94                     35         7           0,00                      
118        0          35         0          1527               43,63              313            8,94                     35         7           0,00                      
120        35         0          0          0                  0,00               0              0,00                     35         7          NaN                        
121        35         0          0          0                  0,00               0              0,00                     35         7          NaN                        
122        35         0          0          0                  0,00               0              0,00                     35         7          NaN                        
123        35         0          0          0                  0,00               0              0,00                     35         7          NaN                        
125        35         0          0          0                  0,00               0              0,00                     35         7          NaN                        
126        35         0          0          0                  0,00               0              0,00                     35         7          NaN                        
127        35         0          0          0                  0,00               0              0,00                     35         7          NaN                        
129        35         0          0          0                  0,00               0              0,00                     35         7          NaN                        
130        35         0          0          0                  0,00               0              0,00                     35         7          NaN                        
131        35         0          0          0                  0,00               0              0,00                     35         7          NaN                        
132        35         0          0          0                  0,00               0              0,00                     35         7          NaN                        
133        35         0          0          0                  0,00               0              0,00                     35         7          NaN                        
134        35         0          0          0                  0,00               0              0,00                     35         7          NaN                        
135        35         0          0          0                  0,00               0              0,00                     35         7          NaN                        
136        35         0          0          0                  0,00               0              0,00                     35         7          NaN                        
137        35         0          0          0                  0,00               0              0,00                     35         7          NaN                        
138        35         0          0          0                  0,00               0              0,00                     35         7          NaN                        
139        35         0          0          0                  0,00               0              0,00                     35         7          NaN                        
141        35         0          0          0                  0,00               0              0,00                     35         7          NaN                        
142        35         0          0          0                  0,00               0              0,00                     35         7          NaN                        
148        35         0          0          0                  0,00               0              0,00                     35         7          NaN                        
149        35         0          0          0                  0,00               0              0,00                     35         7          NaN                        
151        35         0          0          0                  0,00               0              0,00                     35         7          NaN                        
152        35         0          0          0                  0,00               0              0,00                     35         7          NaN                        
153        35         0          0          0                  0,00               0              0,00                     35         7          NaN                        
155        35         0          0          0                  0,00               0              0,00                     35         7          NaN                        
156        35         0          0          0                  0,00               0              0,00                     35         7          NaN                        
157        35         0          0          0                  0,00               0              0,00                     35         7          NaN                        
159        35         0          0          0                  0,00               0              0,00                     35         7          NaN                        
160        35         0          0          0                  0,00               0              0,00                     35         7          NaN                        
161        35         0          0          0                  0,00               0              0,00                     35         7          NaN                        
162        35         0          0          0                  0,00               0              0,00                     35         7          NaN                        
163        35         0          0          0                  0,00               0              0,00                     35         7          NaN                        
