contains the data for build a graph for analysis.
Exploration Plus One
130 perturbation point
PONE : plus one perturbator
7 datasets
Picked up in the data set provided by Weka.
Perturbator IndexLoc   #Success   #Failure   #Exception #Call      #Perturtions   %Success                   
1           0          0          0          0          0          0              NaN                        
1           4          0          0          0          0          0              NaN                        
1           5          0          0          0          0          0              NaN                        
1           6          700        0          0          70000      700            -------------------- 100,00
1           7          700        0          0          70000      700            -------------------- 100,00
1           8          700        0          0          70000      700            -------------------- 100,00
1           9          700        0          0          70000      700            -------------------- 100,00
1           10         700        0          0          70000      700            -------------------- 100,00
1           11         700        0          0          70000      700            -------------------- 100,00
1           12         700        0          0          70000      700            -------------------- 100,00
1           13         700        0          0          70000      700            -------------------- 100,00
1           14         700        0          0          70000      700            -------------------- 100,00
1           15         700        0          0          70000      700            -------------------- 100,00
1           16         700        0          0          70000      700            -------------------- 100,00
1           17         700        0          0          70000      700            -------------------- 100,00
1           18         700        0          0          70000      700            -------------------- 100,00
1           19         700        0          0          70000      700            -------------------- 100,00
1           20         700        0          0          70000      700            -------------------- 100,00
1           21         700        0          0          70000      700            -------------------- 100,00
1           22         700        0          0          70000      700            -------------------- 100,00
1           23         700        0          0          70000      700            -------------------- 100,00
1           24         700        0          0          70000      700            -------------------- 100,00
1           25         700        0          0          70000      700            -------------------- 100,00
1           26         700        0          0          70000      700            -------------------- 100,00
1           27         700        0          0          70000      700            -------------------- 100,00
1           28         700        0          0          70000      700            -------------------- 100,00
1           29         700        0          0          70000      700            -------------------- 100,00
1           30         700        0          0          70000      700            -------------------- 100,00
1           33         0          7          0          7          7               0,00                      
1           34         0          7          0          7          7               0,00                      
1           35         0          7          0          7          7               0,00                      
1           36         0          0          7          7          7               0,00                      
1           37         0          0          7          7          7               0,00                      
1           38         0          0          7          7          7               0,00                      
1           39         0          0          7          7          7               0,00                      
1           40         0          0          7          7          7               0,00                      
1           41         0          0          7          7          7               0,00                      
1           42         0          0          7          7          7               0,00                      
1           43         0          0          7          7          7               0,00                      
1           44         0          0          7          7          7               0,00                      
1           45         0          0          7          7          7               0,00                      
1           46         0          0          7          7          7               0,00                      
1           47         0          0          7          7          7               0,00                      
1           48         0          0          7          7          7               0,00                      
1           49         0          0          7          7          7               0,00                      
1           50         0          0          7          7          7               0,00                      
1           56         0          0          0          0          0              NaN                        
1           57         0          0          0          0          0              NaN                        
1           59         0          0          0          0          0              NaN                        
1           60         7          0          0          7          7              -------------------- 100,00
1           61         7          0          0          7          7              -------------------- 100,00
1           62         7          0          0          7          7              -------------------- 100,00
1           63         0          0          7          7          7               0,00                      
1           64         0          0          7          7          7               0,00                      
1           65         0          0          7          7          7               0,00                      
1           66         0          0          7          7          7               0,00                      
1           67         0          0          7          7          7               0,00                      
1           68         0          0          7          7          7               0,00                      
1           69         0          0          7          7          7               0,00                      
1           70         0          0          7          7          7               0,00                      
1           71         7          0          0          7          7              -------------------- 100,00
1           72         0          0          7          7          7               0,00                      
1           73         0          0          7          7          7               0,00                      
1           74         0          0          7          7          7               0,00                      
1           77         0          0          0          0          0              NaN                        
1           78         0          0          0          0          0              NaN                        
1           79         0          0          0          0          0              NaN                        
1           80         0          0          0          0          0              NaN                        
1           81         0          0          0          0          0              NaN                        
1           85         0          0          0          0          0              NaN                        
1           89         8          62         0          700        70             --- 11,43                  
1           91         5          65         0          700        70             -- 7,14                    
1           92         32         38         0          700        70             ---------- 45,71           
1           93         737        33         0          84630      770            -------------------- 95,71 
1           94         770        0          0          84700      770            -------------------- 100,00
1           96         124        576        0          66850      700            ---- 17,71                 
1           97         124        576        0          66850      700            ---- 17,71                 
1           98         124        576        0          66850      700            ---- 17,71                 
1           99         0          700        0          70000      700             0,00                      
1           100        0          700        0          70000      700             0,00                      
1           101        700        0          0          70000      700            -------------------- 100,00
1           102        700        0          0          70000      700            -------------------- 100,00
1           103        700        0          0          70000      700            -------------------- 100,00
1           104        124        576        0          66850      700            ---- 17,71                 
1           105        124        576        0          66850      700            ---- 17,71                 
1           106        124        576        0          66850      700            ---- 17,71                 
1           108        601        99         0          70000      700            ------------------ 85,86   
1           109        511        189        0          70000      700            --------------- 73,00      
1           110        420        280        0          70000      700            ------------ 60,00         
1           111        294        406        0          70000      700            --------- 42,00            
1           112        700        0          0          70000      700            -------------------- 100,00
1           113        700        0          0          70000      700            -------------------- 100,00
1           114        700        0          0          70000      700            -------------------- 100,00
1           115        700        0          0          70000      700            -------------------- 100,00
1           116        124        576        0          66850      700            ---- 17,71                 
1           117        124        576        0          66850      700            ---- 17,71                 
1           118        124        576        0          66850      700            ---- 17,71                 
1           120        0          0          0          0          0              NaN                        
1           121        0          0          0          0          0              NaN                        
1           122        0          0          0          0          0              NaN                        
1           123        0          0          0          0          0              NaN                        
1           125        0          0          0          0          0              NaN                        
1           126        0          0          0          0          0              NaN                        
1           127        0          0          0          0          0              NaN                        
1           129        0          0          0          0          0              NaN                        
1           130        0          0          0          0          0              NaN                        
1           131        0          0          0          0          0              NaN                        
1           132        0          0          0          0          0              NaN                        
1           133        0          0          0          0          0              NaN                        
1           134        0          0          0          0          0              NaN                        
1           135        0          0          0          0          0              NaN                        
1           136        0          0          0          0          0              NaN                        
1           137        0          0          0          0          0              NaN                        
1           138        0          0          0          0          0              NaN                        
1           139        0          0          0          0          0              NaN                        
1           141        0          0          0          0          0              NaN                        
1           142        0          0          0          0          0              NaN                        
1           148        0          0          0          0          0              NaN                        
1           149        0          0          0          0          0              NaN                        
1           151        0          0          0          0          0              NaN                        
1           152        0          0          0          0          0              NaN                        
1           153        0          0          0          0          0              NaN                        
1           155        0          0          0          0          0              NaN                        
1           156        0          0          0          0          0              NaN                        
1           157        0          0          0          0          0              NaN                        
1           159        0          0          0          0          0              NaN                        
1           160        0          0          0          0          0              NaN                        
1           161        0          0          0          0          0              NaN                        
1           162        0          0          0          0          0              NaN                        
1           163        0          0          0          0          0              NaN                        
