aggregate data per location for random rate = 0.15 and with Perturbator = 1
Exploration Plus One
130 perturbation point
PONE : plus one perturbator
7 datasets
Picked up in the data set provided by Weka.
IndexLoc   #Success   #Failure   #Exception #CallAllExecs      AvgCallPerExec     #Perturbations AvgPerturbationPerExec   #Execs     #Tasks     %Success                   
0          35         0          0          0                  0,00               0              0,00                     35         7          NaN                        
4          35         0          0          0                  0,00               0              0,00                     35         7          NaN                        
5          35         0          0          0                  0,00               0              0,00                     35         7          NaN                        
6          35         0          0          3500               100,00             544            15,54                    35         7          -------------------- 100,00
7          35         0          0          3500               100,00             544            15,54                    35         7          -------------------- 100,00
8          35         0          0          3500               100,00             544            15,54                    35         7          -------------------- 100,00
9          35         0          0          3500               100,00             544            15,54                    35         7          -------------------- 100,00
10         35         0          0          3500               100,00             544            15,54                    35         7          -------------------- 100,00
11         35         0          0          3500               100,00             544            15,54                    35         7          -------------------- 100,00
12         35         0          0          3500               100,00             544            15,54                    35         7          -------------------- 100,00
13         35         0          0          3500               100,00             544            15,54                    35         7          -------------------- 100,00
14         35         0          0          3500               100,00             544            15,54                    35         7          -------------------- 100,00
15         35         0          0          3500               100,00             544            15,54                    35         7          -------------------- 100,00
16         35         0          0          3500               100,00             544            15,54                    35         7          -------------------- 100,00
17         35         0          0          3500               100,00             544            15,54                    35         7          -------------------- 100,00
18         35         0          0          3500               100,00             544            15,54                    35         7          -------------------- 100,00
19         35         0          0          3500               100,00             544            15,54                    35         7          -------------------- 100,00
20         35         0          0          3500               100,00             544            15,54                    35         7          -------------------- 100,00
21         35         0          0          3500               100,00             544            15,54                    35         7          -------------------- 100,00
22         35         0          0          3500               100,00             544            15,54                    35         7          -------------------- 100,00
23         35         0          0          3500               100,00             544            15,54                    35         7          -------------------- 100,00
24         35         0          0          3500               100,00             544            15,54                    35         7          -------------------- 100,00
25         35         0          0          3500               100,00             544            15,54                    35         7          -------------------- 100,00
26         35         0          0          3500               100,00             544            15,54                    35         7          -------------------- 100,00
27         35         0          0          3500               100,00             544            15,54                    35         7          -------------------- 100,00
28         35         0          0          3500               100,00             544            15,54                    35         7          -------------------- 100,00
29         35         0          0          3500               100,00             544            15,54                    35         7          -------------------- 100,00
30         35         0          0          3500               100,00             544            15,54                    35         7          -------------------- 100,00
33         30         5          0          35                 1,00               5              0,14                     35         7          ------------------ 85,71   
34         30         5          0          35                 1,00               5              0,14                     35         7          ------------------ 85,71   
35         30         5          0          35                 1,00               5              0,14                     35         7          ------------------ 85,71   
36         30         0          5          35                 1,00               5              0,14                     35         7          ------------------ 85,71   
37         30         0          5          35                 1,00               5              0,14                     35         7          ------------------ 85,71   
38         30         0          5          35                 1,00               5              0,14                     35         7          ------------------ 85,71   
39         30         0          5          35                 1,00               5              0,14                     35         7          ------------------ 85,71   
40         30         0          5          35                 1,00               5              0,14                     35         7          ------------------ 85,71   
41         30         0          5          35                 1,00               5              0,14                     35         7          ------------------ 85,71   
42         30         0          5          35                 1,00               5              0,14                     35         7          ------------------ 85,71   
43         30         0          5          35                 1,00               5              0,14                     35         7          ------------------ 85,71   
44         30         0          5          35                 1,00               5              0,14                     35         7          ------------------ 85,71   
45         30         0          5          35                 1,00               5              0,14                     35         7          ------------------ 85,71   
46         30         0          5          35                 1,00               5              0,14                     35         7          ------------------ 85,71   
47         30         0          5          35                 1,00               5              0,14                     35         7          ------------------ 85,71   
48         30         0          5          35                 1,00               5              0,14                     35         7          ------------------ 85,71   
49         30         0          5          35                 1,00               5              0,14                     35         7          ------------------ 85,71   
50         30         0          5          35                 1,00               5              0,14                     35         7          ------------------ 85,71   
56         35         0          0          0                  0,00               0              0,00                     35         7          NaN                        
57         35         0          0          0                  0,00               0              0,00                     35         7          NaN                        
59         35         0          0          0                  0,00               0              0,00                     35         7          NaN                        
60         35         0          0          35                 1,00               5              0,14                     35         7          -------------------- 100,00
61         35         0          0          35                 1,00               5              0,14                     35         7          -------------------- 100,00
62         35         0          0          35                 1,00               5              0,14                     35         7          -------------------- 100,00
63         30         0          5          35                 1,00               5              0,14                     35         7          ------------------ 85,71   
64         30         0          5          35                 1,00               5              0,14                     35         7          ------------------ 85,71   
65         30         0          5          35                 1,00               5              0,14                     35         7          ------------------ 85,71   
66         30         0          5          35                 1,00               5              0,14                     35         7          ------------------ 85,71   
67         30         0          5          35                 1,00               5              0,14                     35         7          ------------------ 85,71   
68         30         0          5          35                 1,00               5              0,14                     35         7          ------------------ 85,71   
69         30         0          5          35                 1,00               5              0,14                     35         7          ------------------ 85,71   
70         30         0          5          35                 1,00               5              0,14                     35         7          ------------------ 85,71   
71         35         0          0          35                 1,00               5              0,14                     35         7          -------------------- 100,00
72         30         0          5          35                 1,00               5              0,14                     35         7          ------------------ 85,71   
73         30         0          5          35                 1,00               5              0,14                     35         7          ------------------ 85,71   
74         30         0          5          35                 1,00               5              0,14                     35         7          ------------------ 85,71   
77         35         0          0          0                  0,00               0              0,00                     35         7          NaN                        
78         35         0          0          0                  0,00               0              0,00                     35         7          NaN                        
79         35         0          0          0                  0,00               0              0,00                     35         7          NaN                        
80         35         0          0          0                  0,00               0              0,00                     35         7          NaN                        
81         35         0          0          0                  0,00               0              0,00                     35         7          NaN                        
85         35         0          0          0                  0,00               0              0,00                     35         7          NaN                        
89         9          26         0          350                10,00              58             1,66                     35         7          ------ 25,71               
91         8          27         0          350                10,00              58             1,66                     35         7          ----- 22,86                
92         15         20         0          350                10,00              58             1,66                     35         7          --------- 42,86            
93         16         19         0          3793               108,37             594            16,97                    35         7          ---------- 45,71           
94         35         0          0          3850               110,00             602            17,20                    35         7          -------------------- 100,00
96         0          35         0          1832               52,34              282            8,06                     35         7           0,00                      
97         0          35         0          1832               52,34              282            8,06                     35         7           0,00                      
98         0          35         0          1832               52,34              282            8,06                     35         7           0,00                      
99         0          35         0          3500               100,00             544            15,54                    35         7           0,00                      
100        0          35         0          3500               100,00             544            15,54                    35         7           0,00                      
101        35         0          0          3500               100,00             544            15,54                    35         7          -------------------- 100,00
102        35         0          0          3500               100,00             544            15,54                    35         7          -------------------- 100,00
103        35         0          0          3500               100,00             544            15,54                    35         7          -------------------- 100,00
104        0          35         0          1832               52,34              282            8,06                     35         7           0,00                      
105        0          35         0          1832               52,34              282            8,06                     35         7           0,00                      
106        0          35         0          1832               52,34              282            8,06                     35         7           0,00                      
108        8          27         0          3500               100,00             544            15,54                    35         7          ----- 22,86                
109        2          33         0          3500               100,00             544            15,54                    35         7          -- 5,71                    
110        0          35         0          3500               100,00             544            15,54                    35         7           0,00                      
111        2          33         0          3500               100,00             544            15,54                    35         7          -- 5,71                    
112        35         0          0          3500               100,00             544            15,54                    35         7          -------------------- 100,00
113        35         0          0          3500               100,00             544            15,54                    35         7          -------------------- 100,00
114        35         0          0          3500               100,00             544            15,54                    35         7          -------------------- 100,00
115        35         0          0          3500               100,00             544            15,54                    35         7          -------------------- 100,00
116        0          35         0          1832               52,34              282            8,06                     35         7           0,00                      
117        0          35         0          1832               52,34              282            8,06                     35         7           0,00                      
118        0          35         0          1832               52,34              282            8,06                     35         7           0,00                      
120        35         0          0          0                  0,00               0              0,00                     35         7          NaN                        
121        35         0          0          0                  0,00               0              0,00                     35         7          NaN                        
122        35         0          0          0                  0,00               0              0,00                     35         7          NaN                        
123        35         0          0          0                  0,00               0              0,00                     35         7          NaN                        
125        35         0          0          0                  0,00               0              0,00                     35         7          NaN                        
126        35         0          0          0                  0,00               0              0,00                     35         7          NaN                        
127        35         0          0          0                  0,00               0              0,00                     35         7          NaN                        
129        35         0          0          0                  0,00               0              0,00                     35         7          NaN                        
130        35         0          0          0                  0,00               0              0,00                     35         7          NaN                        
131        35         0          0          0                  0,00               0              0,00                     35         7          NaN                        
132        35         0          0          0                  0,00               0              0,00                     35         7          NaN                        
133        35         0          0          0                  0,00               0              0,00                     35         7          NaN                        
134        35         0          0          0                  0,00               0              0,00                     35         7          NaN                        
135        35         0          0          0                  0,00               0              0,00                     35         7          NaN                        
136        35         0          0          0                  0,00               0              0,00                     35         7          NaN                        
137        35         0          0          0                  0,00               0              0,00                     35         7          NaN                        
138        35         0          0          0                  0,00               0              0,00                     35         7          NaN                        
139        35         0          0          0                  0,00               0              0,00                     35         7          NaN                        
141        35         0          0          0                  0,00               0              0,00                     35         7          NaN                        
142        35         0          0          0                  0,00               0              0,00                     35         7          NaN                        
148        35         0          0          0                  0,00               0              0,00                     35         7          NaN                        
149        35         0          0          0                  0,00               0              0,00                     35         7          NaN                        
151        35         0          0          0                  0,00               0              0,00                     35         7          NaN                        
152        35         0          0          0                  0,00               0              0,00                     35         7          NaN                        
153        35         0          0          0                  0,00               0              0,00                     35         7          NaN                        
155        35         0          0          0                  0,00               0              0,00                     35         7          NaN                        
156        35         0          0          0                  0,00               0              0,00                     35         7          NaN                        
157        35         0          0          0                  0,00               0              0,00                     35         7          NaN                        
159        35         0          0          0                  0,00               0              0,00                     35         7          NaN                        
160        35         0          0          0                  0,00               0              0,00                     35         7          NaN                        
161        35         0          0          0                  0,00               0              0,00                     35         7          NaN                        
162        35         0          0          0                  0,00               0              0,00                     35         7          NaN                        
163        35         0          0          0                  0,00               0              0,00                     35         7          NaN                        
