detail per task and per Perturbator.
Exploration Plus One
130 perturbation point
PONE : plus one perturbator
1 datasets
Picked up in the data set provided by Weka.
Task       Perturbator IndexLoc   #Success   #Failure   #Exception #Call      #Perturbations %Success                   
0          1          0          0          0          0          0          0              NaN                        
0          1          4          0          0          0          0          0              NaN                        
0          1          5          0          0          0          0          0              NaN                        
0          1          6          100        0          0          10000      100            -------------------- 100,00
0          1          7          100        0          0          10000      100            -------------------- 100,00
0          1          8          100        0          0          10000      100            -------------------- 100,00
0          1          9          100        0          0          10000      100            -------------------- 100,00
0          1          10         100        0          0          10000      100            -------------------- 100,00
0          1          11         100        0          0          10000      100            -------------------- 100,00
0          1          12         100        0          0          10000      100            -------------------- 100,00
0          1          13         100        0          0          10000      100            -------------------- 100,00
0          1          14         100        0          0          10000      100            -------------------- 100,00
0          1          15         100        0          0          10000      100            -------------------- 100,00
0          1          16         100        0          0          10000      100            -------------------- 100,00
0          1          17         100        0          0          10000      100            -------------------- 100,00
0          1          18         100        0          0          10000      100            -------------------- 100,00
0          1          19         100        0          0          10000      100            -------------------- 100,00
0          1          20         100        0          0          10000      100            -------------------- 100,00
0          1          21         100        0          0          10000      100            -------------------- 100,00
0          1          22         100        0          0          10000      100            -------------------- 100,00
0          1          23         100        0          0          10000      100            -------------------- 100,00
0          1          24         100        0          0          10000      100            -------------------- 100,00
0          1          25         100        0          0          10000      100            -------------------- 100,00
0          1          26         100        0          0          10000      100            -------------------- 100,00
0          1          27         100        0          0          10000      100            -------------------- 100,00
0          1          28         100        0          0          10000      100            -------------------- 100,00
0          1          29         100        0          0          10000      100            -------------------- 100,00
0          1          30         100        0          0          10000      100            -------------------- 100,00
0          1          33         0          1          0          1          1               0,00                      
0          1          34         0          1          0          1          1               0,00                      
0          1          35         0          1          0          1          1               0,00                      
0          1          36         0          0          1          1          1               0,00                      
0          1          37         0          0          1          1          1               0,00                      
0          1          38         0          0          1          1          1               0,00                      
0          1          39         0          0          1          1          1               0,00                      
0          1          40         0          0          1          1          1               0,00                      
0          1          41         0          0          1          1          1               0,00                      
0          1          42         0          0          1          1          1               0,00                      
0          1          43         0          0          1          1          1               0,00                      
0          1          44         0          0          1          1          1               0,00                      
0          1          45         0          0          1          1          1               0,00                      
0          1          46         0          0          1          1          1               0,00                      
0          1          47         0          0          1          1          1               0,00                      
0          1          48         0          0          1          1          1               0,00                      
0          1          49         0          0          1          1          1               0,00                      
0          1          50         0          0          1          1          1               0,00                      
0          1          56         0          0          0          0          0              NaN                        
0          1          57         0          0          0          0          0              NaN                        
0          1          59         0          0          0          0          0              NaN                        
0          1          60         1          0          0          1          1              -------------------- 100,00
0          1          61         1          0          0          1          1              -------------------- 100,00
0          1          62         1          0          0          1          1              -------------------- 100,00
0          1          63         0          0          1          1          1               0,00                      
0          1          64         0          0          1          1          1               0,00                      
0          1          65         0          0          1          1          1               0,00                      
0          1          66         0          0          1          1          1               0,00                      
0          1          67         0          0          1          1          1               0,00                      
0          1          68         0          0          1          1          1               0,00                      
0          1          69         0          0          1          1          1               0,00                      
0          1          70         0          0          1          1          1               0,00                      
0          1          71         1          0          0          1          1              -------------------- 100,00
0          1          72         0          0          1          1          1               0,00                      
0          1          73         0          0          1          1          1               0,00                      
0          1          74         0          0          1          1          1               0,00                      
0          1          77         0          0          0          0          0              NaN                        
0          1          78         0          0          0          0          0              NaN                        
0          1          79         0          0          0          0          0              NaN                        
0          1          80         0          0          0          0          0              NaN                        
0          1          81         0          0          0          0          0              NaN                        
0          1          85         0          0          0          0          0              NaN                        
0          1          89         0          10         0          100        10              0,00                      
0          1          91         3          7          0          100        10             ------ 30,00               
0          1          92         9          1          0          100        10             ------------------ 90,00   
0          1          93         110        0          0          12090      110            -------------------- 100,00
0          1          94         110        0          0          12100      110            -------------------- 100,00
0          1          96         37         63         0          9550       100            -------- 37,00             
0          1          97         37         63         0          9550       100            -------- 37,00             
0          1          98         37         63         0          9550       100            -------- 37,00             
0          1          99         0          100        0          10000      100             0,00                      
0          1          100        0          100        0          10000      100             0,00                      
0          1          101        100        0          0          10000      100            -------------------- 100,00
0          1          102        100        0          0          10000      100            -------------------- 100,00
0          1          103        100        0          0          10000      100            -------------------- 100,00
0          1          104        37         63         0          9550       100            -------- 37,00             
0          1          105        37         63         0          9550       100            -------- 37,00             
0          1          106        37         63         0          9550       100            -------- 37,00             
0          1          108        99         1          0          10000      100            -------------------- 99,00 
0          1          109        93         7          0          10000      100            ------------------- 93,00  
0          1          110        67         33         0          10000      100            -------------- 67,00       
0          1          111        39         61         0          10000      100            -------- 39,00             
0          1          112        100        0          0          10000      100            -------------------- 100,00
0          1          113        100        0          0          10000      100            -------------------- 100,00
0          1          114        100        0          0          10000      100            -------------------- 100,00
0          1          115        100        0          0          10000      100            -------------------- 100,00
0          1          116        37         63         0          9550       100            -------- 37,00             
0          1          117        37         63         0          9550       100            -------- 37,00             
0          1          118        37         63         0          9550       100            -------- 37,00             
0          1          120        0          0          0          0          0              NaN                        
0          1          121        0          0          0          0          0              NaN                        
0          1          122        0          0          0          0          0              NaN                        
0          1          123        0          0          0          0          0              NaN                        
0          1          125        0          0          0          0          0              NaN                        
0          1          126        0          0          0          0          0              NaN                        
0          1          127        0          0          0          0          0              NaN                        
0          1          129        0          0          0          0          0              NaN                        
0          1          130        0          0          0          0          0              NaN                        
0          1          131        0          0          0          0          0              NaN                        
0          1          132        0          0          0          0          0              NaN                        
0          1          133        0          0          0          0          0              NaN                        
0          1          134        0          0          0          0          0              NaN                        
0          1          135        0          0          0          0          0              NaN                        
0          1          136        0          0          0          0          0              NaN                        
0          1          137        0          0          0          0          0              NaN                        
0          1          138        0          0          0          0          0              NaN                        
0          1          139        0          0          0          0          0              NaN                        
0          1          141        0          0          0          0          0              NaN                        
0          1          142        0          0          0          0          0              NaN                        
0          1          148        0          0          0          0          0              NaN                        
0          1          149        0          0          0          0          0              NaN                        
0          1          151        0          0          0          0          0              NaN                        
0          1          152        0          0          0          0          0              NaN                        
0          1          153        0          0          0          0          0              NaN                        
0          1          155        0          0          0          0          0              NaN                        
0          1          156        0          0          0          0          0              NaN                        
0          1          157        0          0          0          0          0              NaN                        
0          1          159        0          0          0          0          0              NaN                        
0          1          160        0          0          0          0          0              NaN                        
0          1          161        0          0          0          0          0              NaN                        
0          1          162        0          0          0          0          0              NaN                        
0          1          163        0          0          0          0          0              NaN                        
