aggregate data per location for random rate = 0.001
SERN
130 perturbation point
Random Enactor, seed :32
PONE : Numerical Perturbator
5 repetition for each location for each task
1 datasets
Picked up in the data set provided by Weka.
IndexLoc   #Success   #Failure   #Exception #CallAllExecs      AvgCallPerExec     #Perturbations AvgPerturbationPerExec   #Execs     #Tasks     %Success                   
0          5          0          0          0                  0.00               0              0.00                     5          1          NaN                        
4          5          0          0          0                  0.00               0              0.00                     5          1          NaN                        
5          5          0          0          0                  0.00               0              0.00                     5          1          NaN                        
6          5          0          0          500                100.00             0              0.00                     5          1          NaN                        
7          5          0          0          500                100.00             0              0.00                     5          1          NaN                        
8          5          0          0          500                100.00             0              0.00                     5          1          NaN                        
9          5          0          0          500                100.00             0              0.00                     5          1          NaN                        
10         5          0          0          500                100.00             0              0.00                     5          1          NaN                        
11         5          0          0          500                100.00             0              0.00                     5          1          NaN                        
12         5          0          0          500                100.00             0              0.00                     5          1          NaN                        
13         5          0          0          500                100.00             0              0.00                     5          1          NaN                        
14         5          0          0          500                100.00             0              0.00                     5          1          NaN                        
15         5          0          0          500                100.00             0              0.00                     5          1          NaN                        
16         5          0          0          500                100.00             0              0.00                     5          1          NaN                        
17         5          0          0          500                100.00             0              0.00                     5          1          NaN                        
18         5          0          0          500                100.00             0              0.00                     5          1          NaN                        
19         5          0          0          500                100.00             0              0.00                     5          1          NaN                        
20         5          0          0          500                100.00             0              0.00                     5          1          NaN                        
21         5          0          0          500                100.00             0              0.00                     5          1          NaN                        
22         5          0          0          500                100.00             0              0.00                     5          1          NaN                        
23         5          0          0          500                100.00             0              0.00                     5          1          NaN                        
24         5          0          0          500                100.00             0              0.00                     5          1          NaN                        
25         5          0          0          500                100.00             0              0.00                     5          1          NaN                        
26         5          0          0          500                100.00             0              0.00                     5          1          NaN                        
27         5          0          0          500                100.00             0              0.00                     5          1          NaN                        
28         5          0          0          500                100.00             0              0.00                     5          1          NaN                        
29         5          0          0          500                100.00             0              0.00                     5          1          NaN                        
30         5          0          0          500                100.00             0              0.00                     5          1          NaN                        
33         5          0          0          5                  1.00               0              0.00                     5          1          NaN                        
34         5          0          0          5                  1.00               0              0.00                     5          1          NaN                        
35         5          0          0          5                  1.00               0              0.00                     5          1          NaN                        
36         5          0          0          5                  1.00               0              0.00                     5          1          NaN                        
37         5          0          0          5                  1.00               0              0.00                     5          1          NaN                        
38         5          0          0          5                  1.00               0              0.00                     5          1          NaN                        
39         5          0          0          5                  1.00               0              0.00                     5          1          NaN                        
40         5          0          0          5                  1.00               0              0.00                     5          1          NaN                        
41         5          0          0          5                  1.00               0              0.00                     5          1          NaN                        
42         5          0          0          5                  1.00               0              0.00                     5          1          NaN                        
43         5          0          0          5                  1.00               0              0.00                     5          1          NaN                        
44         5          0          0          5                  1.00               0              0.00                     5          1          NaN                        
45         5          0          0          5                  1.00               0              0.00                     5          1          NaN                        
46         5          0          0          5                  1.00               0              0.00                     5          1          NaN                        
47         5          0          0          5                  1.00               0              0.00                     5          1          NaN                        
48         5          0          0          5                  1.00               0              0.00                     5          1          NaN                        
49         5          0          0          5                  1.00               0              0.00                     5          1          NaN                        
50         5          0          0          5                  1.00               0              0.00                     5          1          NaN                        
56         5          0          0          0                  0.00               0              0.00                     5          1          NaN                        
57         5          0          0          0                  0.00               0              0.00                     5          1          NaN                        
59         5          0          0          0                  0.00               0              0.00                     5          1          NaN                        
60         5          0          0          5                  1.00               0              0.00                     5          1          NaN                        
61         5          0          0          5                  1.00               0              0.00                     5          1          NaN                        
62         5          0          0          5                  1.00               0              0.00                     5          1          NaN                        
63         5          0          0          5                  1.00               0              0.00                     5          1          NaN                        
64         5          0          0          5                  1.00               0              0.00                     5          1          NaN                        
65         5          0          0          5                  1.00               0              0.00                     5          1          NaN                        
66         5          0          0          5                  1.00               0              0.00                     5          1          NaN                        
67         5          0          0          5                  1.00               0              0.00                     5          1          NaN                        
68         5          0          0          5                  1.00               0              0.00                     5          1          NaN                        
69         5          0          0          5                  1.00               0              0.00                     5          1          NaN                        
70         5          0          0          5                  1.00               0              0.00                     5          1          NaN                        
71         5          0          0          5                  1.00               0              0.00                     5          1          NaN                        
72         5          0          0          5                  1.00               0              0.00                     5          1          NaN                        
73         5          0          0          5                  1.00               0              0.00                     5          1          NaN                        
74         5          0          0          5                  1.00               0              0.00                     5          1          NaN                        
77         5          0          0          0                  0.00               0              0.00                     5          1          NaN                        
78         5          0          0          0                  0.00               0              0.00                     5          1          NaN                        
79         5          0          0          0                  0.00               0              0.00                     5          1          NaN                        
80         5          0          0          0                  0.00               0              0.00                     5          1          NaN                        
81         5          0          0          0                  0.00               0              0.00                     5          1          NaN                        
85         5          0          0          0                  0.00               0              0.00                     5          1          NaN                        
89         5          0          0          50                 10.00              0              0.00                     5          1          NaN                        
91         5          0          0          50                 10.00              0              0.00                     5          1          NaN                        
92         5          0          0          50                 10.00              0              0.00                     5          1          NaN                        
93         5          0          0          550                110.00             0              0.00                     5          1          NaN                        
94         5          0          0          550                110.00             0              0.00                     5          1          NaN                        
96         5          0          0          500                100.00             0              0.00                     5          1          NaN                        
97         5          0          0          500                100.00             0              0.00                     5          1          NaN                        
98         5          0          0          500                100.00             0              0.00                     5          1          NaN                        
99         5          0          0          500                100.00             0              0.00                     5          1          NaN                        
100        5          0          0          500                100.00             0              0.00                     5          1          NaN                        
101        5          0          0          500                100.00             0              0.00                     5          1          NaN                        
102        5          0          0          500                100.00             0              0.00                     5          1          NaN                        
103        5          0          0          500                100.00             0              0.00                     5          1          NaN                        
104        5          0          0          500                100.00             0              0.00                     5          1          NaN                        
105        5          0          0          500                100.00             0              0.00                     5          1          NaN                        
106        5          0          0          500                100.00             0              0.00                     5          1          NaN                        
108        5          0          0          500                100.00             0              0.00                     5          1          NaN                        
109        5          0          0          500                100.00             0              0.00                     5          1          NaN                        
110        5          0          0          500                100.00             0              0.00                     5          1          NaN                        
111        5          0          0          500                100.00             0              0.00                     5          1          NaN                        
112        5          0          0          500                100.00             0              0.00                     5          1          NaN                        
113        5          0          0          500                100.00             0              0.00                     5          1          NaN                        
114        5          0          0          500                100.00             0              0.00                     5          1          NaN                        
115        5          0          0          500                100.00             0              0.00                     5          1          NaN                        
116        5          0          0          500                100.00             0              0.00                     5          1          NaN                        
117        5          0          0          500                100.00             0              0.00                     5          1          NaN                        
118        5          0          0          500                100.00             0              0.00                     5          1          NaN                        
120        5          0          0          0                  0.00               0              0.00                     5          1          NaN                        
121        5          0          0          0                  0.00               0              0.00                     5          1          NaN                        
122        5          0          0          0                  0.00               0              0.00                     5          1          NaN                        
123        5          0          0          0                  0.00               0              0.00                     5          1          NaN                        
125        5          0          0          0                  0.00               0              0.00                     5          1          NaN                        
126        5          0          0          0                  0.00               0              0.00                     5          1          NaN                        
127        5          0          0          0                  0.00               0              0.00                     5          1          NaN                        
129        5          0          0          0                  0.00               0              0.00                     5          1          NaN                        
130        5          0          0          0                  0.00               0              0.00                     5          1          NaN                        
131        5          0          0          0                  0.00               0              0.00                     5          1          NaN                        
132        5          0          0          0                  0.00               0              0.00                     5          1          NaN                        
133        5          0          0          0                  0.00               0              0.00                     5          1          NaN                        
134        5          0          0          0                  0.00               0              0.00                     5          1          NaN                        
135        5          0          0          0                  0.00               0              0.00                     5          1          NaN                        
136        5          0          0          0                  0.00               0              0.00                     5          1          NaN                        
137        5          0          0          0                  0.00               0              0.00                     5          1          NaN                        
138        5          0          0          0                  0.00               0              0.00                     5          1          NaN                        
139        5          0          0          0                  0.00               0              0.00                     5          1          NaN                        
141        5          0          0          0                  0.00               0              0.00                     5          1          NaN                        
142        5          0          0          0                  0.00               0              0.00                     5          1          NaN                        
148        5          0          0          0                  0.00               0              0.00                     5          1          NaN                        
149        5          0          0          0                  0.00               0              0.00                     5          1          NaN                        
151        5          0          0          0                  0.00               0              0.00                     5          1          NaN                        
152        5          0          0          0                  0.00               0              0.00                     5          1          NaN                        
153        5          0          0          0                  0.00               0              0.00                     5          1          NaN                        
155        5          0          0          0                  0.00               0              0.00                     5          1          NaN                        
156        5          0          0          0                  0.00               0              0.00                     5          1          NaN                        
157        5          0          0          0                  0.00               0              0.00                     5          1          NaN                        
159        5          0          0          0                  0.00               0              0.00                     5          1          NaN                        
160        5          0          0          0                  0.00               0              0.00                     5          1          NaN                        
161        5          0          0          0                  0.00               0              0.00                     5          1          NaN                        
162        5          0          0          0                  0.00               0              0.00                     5          1          NaN                        
163        5          0          0          0                  0.00               0              0.00                     5          1          NaN                        
