aggregate data per location for random rate = 0.25 and with Perturbator = 1
Exploration Plus One
130 perturbation point
PONE : plus one perturbator
7 datasets
Picked up in the data set provided by Weka.
IndexLoc   #Success   #Failure   #Exception #CallAllExecs      AvgCallPerExec     #Perturbations AvgPerturbationPerExec   #Execs     #Tasks     %Success                   
0          35         0          0          0                  0,00               0              0,00                     35         7          NaN                        
4          35         0          0          0                  0,00               0              0,00                     35         7          NaN                        
5          35         0          0          0                  0,00               0              0,00                     35         7          NaN                        
6          35         0          0          3500               100,00             872            24,91                    35         7          -------------------- 100,00
7          35         0          0          3500               100,00             872            24,91                    35         7          -------------------- 100,00
8          35         0          0          3500               100,00             872            24,91                    35         7          -------------------- 100,00
9          35         0          0          3500               100,00             872            24,91                    35         7          -------------------- 100,00
10         35         0          0          3500               100,00             872            24,91                    35         7          -------------------- 100,00
11         35         0          0          3500               100,00             872            24,91                    35         7          -------------------- 100,00
12         35         0          0          3500               100,00             872            24,91                    35         7          -------------------- 100,00
13         35         0          0          3500               100,00             872            24,91                    35         7          -------------------- 100,00
14         35         0          0          3500               100,00             872            24,91                    35         7          -------------------- 100,00
15         35         0          0          3500               100,00             872            24,91                    35         7          -------------------- 100,00
16         35         0          0          3500               100,00             872            24,91                    35         7          -------------------- 100,00
17         35         0          0          3500               100,00             872            24,91                    35         7          -------------------- 100,00
18         35         0          0          3500               100,00             872            24,91                    35         7          -------------------- 100,00
19         35         0          0          3500               100,00             872            24,91                    35         7          -------------------- 100,00
20         35         0          0          3500               100,00             872            24,91                    35         7          -------------------- 100,00
21         35         0          0          3500               100,00             872            24,91                    35         7          -------------------- 100,00
22         35         0          0          3500               100,00             872            24,91                    35         7          -------------------- 100,00
23         35         0          0          3500               100,00             872            24,91                    35         7          -------------------- 100,00
24         35         0          0          3500               100,00             872            24,91                    35         7          -------------------- 100,00
25         35         0          0          3500               100,00             872            24,91                    35         7          -------------------- 100,00
26         35         0          0          3500               100,00             872            24,91                    35         7          -------------------- 100,00
27         35         0          0          3500               100,00             872            24,91                    35         7          -------------------- 100,00
28         35         0          0          3500               100,00             872            24,91                    35         7          -------------------- 100,00
29         35         0          0          3500               100,00             872            24,91                    35         7          -------------------- 100,00
30         35         0          0          3500               100,00             872            24,91                    35         7          -------------------- 100,00
33         27         8          0          35                 1,00               8              0,23                     35         7          ---------------- 77,14     
34         27         8          0          35                 1,00               8              0,23                     35         7          ---------------- 77,14     
35         27         8          0          35                 1,00               8              0,23                     35         7          ---------------- 77,14     
36         27         0          8          35                 1,00               8              0,23                     35         7          ---------------- 77,14     
37         27         0          8          35                 1,00               8              0,23                     35         7          ---------------- 77,14     
38         27         0          8          35                 1,00               8              0,23                     35         7          ---------------- 77,14     
39         27         0          8          35                 1,00               8              0,23                     35         7          ---------------- 77,14     
40         27         0          8          35                 1,00               8              0,23                     35         7          ---------------- 77,14     
41         27         0          8          35                 1,00               8              0,23                     35         7          ---------------- 77,14     
42         27         0          8          35                 1,00               8              0,23                     35         7          ---------------- 77,14     
43         27         0          8          35                 1,00               8              0,23                     35         7          ---------------- 77,14     
44         27         0          8          35                 1,00               8              0,23                     35         7          ---------------- 77,14     
45         27         0          8          35                 1,00               8              0,23                     35         7          ---------------- 77,14     
46         27         0          8          35                 1,00               8              0,23                     35         7          ---------------- 77,14     
47         27         0          8          35                 1,00               8              0,23                     35         7          ---------------- 77,14     
48         27         0          8          35                 1,00               8              0,23                     35         7          ---------------- 77,14     
49         27         0          8          35                 1,00               8              0,23                     35         7          ---------------- 77,14     
50         27         0          8          35                 1,00               8              0,23                     35         7          ---------------- 77,14     
56         35         0          0          0                  0,00               0              0,00                     35         7          NaN                        
57         35         0          0          0                  0,00               0              0,00                     35         7          NaN                        
59         35         0          0          0                  0,00               0              0,00                     35         7          NaN                        
60         35         0          0          35                 1,00               8              0,23                     35         7          -------------------- 100,00
61         35         0          0          35                 1,00               8              0,23                     35         7          -------------------- 100,00
62         35         0          0          35                 1,00               8              0,23                     35         7          -------------------- 100,00
63         27         0          8          35                 1,00               8              0,23                     35         7          ---------------- 77,14     
64         27         0          8          35                 1,00               8              0,23                     35         7          ---------------- 77,14     
65         27         0          8          35                 1,00               8              0,23                     35         7          ---------------- 77,14     
66         27         0          8          35                 1,00               8              0,23                     35         7          ---------------- 77,14     
67         27         0          8          35                 1,00               8              0,23                     35         7          ---------------- 77,14     
68         27         0          8          35                 1,00               8              0,23                     35         7          ---------------- 77,14     
69         27         0          8          35                 1,00               8              0,23                     35         7          ---------------- 77,14     
70         27         0          8          35                 1,00               8              0,23                     35         7          ---------------- 77,14     
71         35         0          0          35                 1,00               8              0,23                     35         7          -------------------- 100,00
72         27         0          8          35                 1,00               8              0,23                     35         7          ---------------- 77,14     
73         27         0          8          35                 1,00               8              0,23                     35         7          ---------------- 77,14     
74         27         0          8          35                 1,00               8              0,23                     35         7          ---------------- 77,14     
77         35         0          0          0                  0,00               0              0,00                     35         7          NaN                        
78         35         0          0          0                  0,00               0              0,00                     35         7          NaN                        
79         35         0          0          0                  0,00               0              0,00                     35         7          NaN                        
80         35         0          0          0                  0,00               0              0,00                     35         7          NaN                        
81         35         0          0          0                  0,00               0              0,00                     35         7          NaN                        
85         35         0          0          0                  0,00               0              0,00                     35         7          NaN                        
89         3          32         0          350                10,00              92             2,63                     35         7          -- 8,57                    
91         4          31         0          350                10,00              92             2,63                     35         7          --- 11,43                  
92         11         24         0          350                10,00              92             2,63                     35         7          ------- 31,43              
93         17         18         0          3770               107,71             935            26,71                    35         7          ---------- 48,57           
94         35         0          0          3850               110,00             957            27,34                    35         7          -------------------- 100,00
96         0          35         0          1323               37,80              329            9,40                     35         7           0,00                      
97         0          35         0          1323               37,80              329            9,40                     35         7           0,00                      
98         0          31         4          1236               35,31              312            8,91                     35         7           0,00                      
99         0          31         4          3006               85,89              745            21,29                    35         7           0,00                      
100        0          34         1          3400               97,14              843            24,09                    35         7           0,00                      
101        34         0          1          3400               97,14              843            24,09                    35         7          -------------------- 97,14 
102        35         0          0          3500               100,00             872            24,91                    35         7          -------------------- 100,00
103        35         0          0          3500               100,00             872            24,91                    35         7          -------------------- 100,00
104        0          3          32         567                16,20              152            4,34                     35         7           0,00                      
105        0          2          33         593                16,94              157            4,49                     35         7           0,00                      
106        0          3          32         759                21,69              203            5,80                     35         7           0,00                      
108        5          30         0          3500               100,00             872            24,91                    35         7          --- 14,29                  
109        3          32         0          3500               100,00             872            24,91                    35         7          -- 8,57                    
110        0          35         0          3500               100,00             872            24,91                    35         7           0,00                      
111        1          17         17         2387               68,20              585            16,71                    35         7          - 2,86                     
112        35         0          0          3500               100,00             872            24,91                    35         7          -------------------- 100,00
113        35         0          0          3500               100,00             872            24,91                    35         7          -------------------- 100,00
114        35         0          0          3500               100,00             872            24,91                    35         7          -------------------- 100,00
115        35         0          0          3500               100,00             872            24,91                    35         7          -------------------- 100,00
116        0          5          30         508                14,51              144            4,11                     35         7           0,00                      
117        0          5          30         475                13,57              136            3,89                     35         7           0,00                      
118        0          4          31         517                14,77              146            4,17                     35         7           0,00                      
120        35         0          0          0                  0,00               0              0,00                     35         7          NaN                        
121        35         0          0          0                  0,00               0              0,00                     35         7          NaN                        
122        35         0          0          0                  0,00               0              0,00                     35         7          NaN                        
123        35         0          0          0                  0,00               0              0,00                     35         7          NaN                        
125        35         0          0          0                  0,00               0              0,00                     35         7          NaN                        
126        35         0          0          0                  0,00               0              0,00                     35         7          NaN                        
127        35         0          0          0                  0,00               0              0,00                     35         7          NaN                        
129        35         0          0          0                  0,00               0              0,00                     35         7          NaN                        
130        35         0          0          0                  0,00               0              0,00                     35         7          NaN                        
131        35         0          0          0                  0,00               0              0,00                     35         7          NaN                        
132        35         0          0          0                  0,00               0              0,00                     35         7          NaN                        
133        35         0          0          0                  0,00               0              0,00                     35         7          NaN                        
134        35         0          0          0                  0,00               0              0,00                     35         7          NaN                        
135        35         0          0          0                  0,00               0              0,00                     35         7          NaN                        
136        35         0          0          0                  0,00               0              0,00                     35         7          NaN                        
137        35         0          0          0                  0,00               0              0,00                     35         7          NaN                        
138        35         0          0          0                  0,00               0              0,00                     35         7          NaN                        
139        35         0          0          0                  0,00               0              0,00                     35         7          NaN                        
141        35         0          0          0                  0,00               0              0,00                     35         7          NaN                        
142        35         0          0          0                  0,00               0              0,00                     35         7          NaN                        
148        35         0          0          0                  0,00               0              0,00                     35         7          NaN                        
149        35         0          0          0                  0,00               0              0,00                     35         7          NaN                        
151        35         0          0          0                  0,00               0              0,00                     35         7          NaN                        
152        35         0          0          0                  0,00               0              0,00                     35         7          NaN                        
153        35         0          0          0                  0,00               0              0,00                     35         7          NaN                        
155        35         0          0          0                  0,00               0              0,00                     35         7          NaN                        
156        35         0          0          0                  0,00               0              0,00                     35         7          NaN                        
157        35         0          0          0                  0,00               0              0,00                     35         7          NaN                        
159        35         0          0          0                  0,00               0              0,00                     35         7          NaN                        
160        35         0          0          0                  0,00               0              0,00                     35         7          NaN                        
161        35         0          0          0                  0,00               0              0,00                     35         7          NaN                        
162        35         0          0          0                  0,00               0              0,00                     35         7          NaN                        
163        35         0          0          0                  0,00               0              0,00                     35         7          NaN                        
