aggregate data per location for random rate = 0.9
SERN
130 perturbation point
Random Enactor, seed :32
PONE : Numerical Perturbator
5 repetition for each location for each task
1 datasets
Picked up in the data set provided by Weka.
IndexLoc   #Success   #Failure   #Exception #CallAllExecs      AvgCallPerExec     #Perturbations AvgPerturbationPerExec   #Execs     #Tasks     %Success                   
0          5          0          0          0                  0.00               0              0.00                     5          1          NaN                        
4          5          0          0          0                  0.00               0              0.00                     5          1          NaN                        
5          5          0          0          0                  0.00               0              0.00                     5          1          NaN                        
6          5          0          0          500                100.00             447            89.40                    5          1          -------------------- 100.00
7          5          0          0          500                100.00             447            89.40                    5          1          -------------------- 100.00
8          5          0          0          500                100.00             447            89.40                    5          1          -------------------- 100.00
9          5          0          0          500                100.00             447            89.40                    5          1          -------------------- 100.00
10         5          0          0          500                100.00             447            89.40                    5          1          -------------------- 100.00
11         5          0          0          500                100.00             447            89.40                    5          1          -------------------- 100.00
12         5          0          0          500                100.00             447            89.40                    5          1          -------------------- 100.00
13         5          0          0          500                100.00             447            89.40                    5          1          -------------------- 100.00
14         5          0          0          500                100.00             447            89.40                    5          1          -------------------- 100.00
15         5          0          0          500                100.00             447            89.40                    5          1          -------------------- 100.00
16         5          0          0          500                100.00             447            89.40                    5          1          -------------------- 100.00
17         5          0          0          500                100.00             447            89.40                    5          1          -------------------- 100.00
18         5          0          0          500                100.00             447            89.40                    5          1          -------------------- 100.00
19         5          0          0          500                100.00             447            89.40                    5          1          -------------------- 100.00
20         5          0          0          500                100.00             447            89.40                    5          1          -------------------- 100.00
21         5          0          0          500                100.00             447            89.40                    5          1          -------------------- 100.00
22         5          0          0          500                100.00             447            89.40                    5          1          -------------------- 100.00
23         5          0          0          500                100.00             447            89.40                    5          1          -------------------- 100.00
24         5          0          0          500                100.00             447            89.40                    5          1          -------------------- 100.00
25         5          0          0          500                100.00             447            89.40                    5          1          -------------------- 100.00
26         5          0          0          500                100.00             447            89.40                    5          1          -------------------- 100.00
27         5          0          0          500                100.00             447            89.40                    5          1          -------------------- 100.00
28         5          0          0          500                100.00             447            89.40                    5          1          -------------------- 100.00
29         5          0          0          500                100.00             447            89.40                    5          1          -------------------- 100.00
30         5          0          0          500                100.00             447            89.40                    5          1          -------------------- 100.00
33         0          5          0          5                  1.00               5              1.00                     5          1           0.00                      
34         0          5          0          5                  1.00               5              1.00                     5          1           0.00                      
35         0          5          0          5                  1.00               5              1.00                     5          1           0.00                      
36         0          0          5          5                  1.00               5              1.00                     5          1           0.00                      
37         0          0          5          5                  1.00               5              1.00                     5          1           0.00                      
38         0          0          5          5                  1.00               5              1.00                     5          1           0.00                      
39         0          0          5          5                  1.00               5              1.00                     5          1           0.00                      
40         0          0          5          5                  1.00               5              1.00                     5          1           0.00                      
41         0          0          5          5                  1.00               5              1.00                     5          1           0.00                      
42         0          0          5          5                  1.00               5              1.00                     5          1           0.00                      
43         0          0          5          5                  1.00               5              1.00                     5          1           0.00                      
44         0          0          5          5                  1.00               5              1.00                     5          1           0.00                      
45         0          0          5          5                  1.00               5              1.00                     5          1           0.00                      
46         0          0          5          5                  1.00               5              1.00                     5          1           0.00                      
47         0          0          5          5                  1.00               5              1.00                     5          1           0.00                      
48         0          0          5          5                  1.00               5              1.00                     5          1           0.00                      
49         0          0          5          5                  1.00               5              1.00                     5          1           0.00                      
50         0          0          5          5                  1.00               5              1.00                     5          1           0.00                      
56         5          0          0          0                  0.00               0              0.00                     5          1          NaN                        
57         5          0          0          0                  0.00               0              0.00                     5          1          NaN                        
59         5          0          0          0                  0.00               0              0.00                     5          1          NaN                        
60         5          0          0          5                  1.00               5              1.00                     5          1          -------------------- 100.00
61         5          0          0          5                  1.00               5              1.00                     5          1          -------------------- 100.00
62         5          0          0          5                  1.00               5              1.00                     5          1          -------------------- 100.00
63         0          0          5          5                  1.00               5              1.00                     5          1           0.00                      
64         0          0          5          5                  1.00               5              1.00                     5          1           0.00                      
65         0          0          5          5                  1.00               5              1.00                     5          1           0.00                      
66         0          0          5          5                  1.00               5              1.00                     5          1           0.00                      
67         0          0          5          5                  1.00               5              1.00                     5          1           0.00                      
68         0          0          5          5                  1.00               5              1.00                     5          1           0.00                      
69         0          0          5          5                  1.00               5              1.00                     5          1           0.00                      
70         0          0          5          5                  1.00               5              1.00                     5          1           0.00                      
71         5          0          0          5                  1.00               5              1.00                     5          1          -------------------- 100.00
72         0          0          5          5                  1.00               5              1.00                     5          1           0.00                      
73         0          0          5          5                  1.00               5              1.00                     5          1           0.00                      
74         0          0          5          5                  1.00               5              1.00                     5          1           0.00                      
77         5          0          0          0                  0.00               0              0.00                     5          1          NaN                        
78         5          0          0          0                  0.00               0              0.00                     5          1          NaN                        
79         5          0          0          0                  0.00               0              0.00                     5          1          NaN                        
80         5          0          0          0                  0.00               0              0.00                     5          1          NaN                        
81         5          0          0          0                  0.00               0              0.00                     5          1          NaN                        
85         5          0          0          0                  0.00               0              0.00                     5          1          NaN                        
89         0          5          0          50                 10.00              48             9.60                     5          1           0.00                      
91         0          5          0          50                 10.00              48             9.60                     5          1           0.00                      
92         0          5          0          50                 10.00              48             9.60                     5          1           0.00                      
93         0          5          0          505                101.00             450            90.00                    5          1           0.00                      
94         5          0          0          550                110.00             491            98.20                    5          1          -------------------- 100.00
96         0          5          0          52                 10.40              50             10.00                    5          1           0.00                      
97         0          5          0          52                 10.40              50             10.00                    5          1           0.00                      
98         0          5          0          52                 10.40              50             10.00                    5          1           0.00                      
99         0          5          0          500                100.00             447            89.40                    5          1           0.00                      
100        0          5          0          500                100.00             447            89.40                    5          1           0.00                      
101        5          0          0          500                100.00             447            89.40                    5          1          -------------------- 100.00
102        5          0          0          500                100.00             447            89.40                    5          1          -------------------- 100.00
103        5          0          0          500                100.00             447            89.40                    5          1          -------------------- 100.00
104        0          5          0          52                 10.40              50             10.00                    5          1           0.00                      
105        0          5          0          52                 10.40              50             10.00                    5          1           0.00                      
106        0          5          0          52                 10.40              50             10.00                    5          1           0.00                      
108        0          5          0          500                100.00             447            89.40                    5          1           0.00                      
109        0          5          0          500                100.00             447            89.40                    5          1           0.00                      
110        0          5          0          500                100.00             447            89.40                    5          1           0.00                      
111        0          5          0          500                100.00             447            89.40                    5          1           0.00                      
112        5          0          0          500                100.00             447            89.40                    5          1          -------------------- 100.00
113        5          0          0          500                100.00             447            89.40                    5          1          -------------------- 100.00
114        5          0          0          500                100.00             447            89.40                    5          1          -------------------- 100.00
115        5          0          0          500                100.00             447            89.40                    5          1          -------------------- 100.00
116        0          5          0          52                 10.40              50             10.00                    5          1           0.00                      
117        0          5          0          52                 10.40              50             10.00                    5          1           0.00                      
118        0          5          0          52                 10.40              50             10.00                    5          1           0.00                      
120        5          0          0          0                  0.00               0              0.00                     5          1          NaN                        
121        5          0          0          0                  0.00               0              0.00                     5          1          NaN                        
122        5          0          0          0                  0.00               0              0.00                     5          1          NaN                        
123        5          0          0          0                  0.00               0              0.00                     5          1          NaN                        
125        5          0          0          0                  0.00               0              0.00                     5          1          NaN                        
126        5          0          0          0                  0.00               0              0.00                     5          1          NaN                        
127        5          0          0          0                  0.00               0              0.00                     5          1          NaN                        
129        5          0          0          0                  0.00               0              0.00                     5          1          NaN                        
130        5          0          0          0                  0.00               0              0.00                     5          1          NaN                        
131        5          0          0          0                  0.00               0              0.00                     5          1          NaN                        
132        5          0          0          0                  0.00               0              0.00                     5          1          NaN                        
133        5          0          0          0                  0.00               0              0.00                     5          1          NaN                        
134        5          0          0          0                  0.00               0              0.00                     5          1          NaN                        
135        5          0          0          0                  0.00               0              0.00                     5          1          NaN                        
136        5          0          0          0                  0.00               0              0.00                     5          1          NaN                        
137        5          0          0          0                  0.00               0              0.00                     5          1          NaN                        
138        5          0          0          0                  0.00               0              0.00                     5          1          NaN                        
139        5          0          0          0                  0.00               0              0.00                     5          1          NaN                        
141        5          0          0          0                  0.00               0              0.00                     5          1          NaN                        
142        5          0          0          0                  0.00               0              0.00                     5          1          NaN                        
148        5          0          0          0                  0.00               0              0.00                     5          1          NaN                        
149        5          0          0          0                  0.00               0              0.00                     5          1          NaN                        
151        5          0          0          0                  0.00               0              0.00                     5          1          NaN                        
152        5          0          0          0                  0.00               0              0.00                     5          1          NaN                        
153        5          0          0          0                  0.00               0              0.00                     5          1          NaN                        
155        5          0          0          0                  0.00               0              0.00                     5          1          NaN                        
156        5          0          0          0                  0.00               0              0.00                     5          1          NaN                        
157        5          0          0          0                  0.00               0              0.00                     5          1          NaN                        
159        5          0          0          0                  0.00               0              0.00                     5          1          NaN                        
160        5          0          0          0                  0.00               0              0.00                     5          1          NaN                        
161        5          0          0          0                  0.00               0              0.00                     5          1          NaN                        
162        5          0          0          0                  0.00               0              0.00                     5          1          NaN                        
163        5          0          0          0                  0.00               0              0.00                     5          1          NaN                        
