aggregate data per location for random rate = 0.01 and with Perturbator = 1
Exploration Plus One
130 perturbation point
PONE : plus one perturbator
7 datasets
Picked up in the data set provided by Weka.
IndexLoc   #Success   #Failure   #Exception #CallAllExecs      AvgCallPerExec     #Perturbations AvgPerturbationPerExec   #Execs     #Tasks     %Success                   
0          35         0          0          0                  0,00               0              0,00                     35         7          NaN                        
4          35         0          0          0                  0,00               0              0,00                     35         7          NaN                        
5          35         0          0          0                  0,00               0              0,00                     35         7          NaN                        
6          35         0          0          3500               100,00             35             1,00                     35         7          -------------------- 100,00
7          35         0          0          3500               100,00             35             1,00                     35         7          -------------------- 100,00
8          35         0          0          3500               100,00             35             1,00                     35         7          -------------------- 100,00
9          35         0          0          3500               100,00             35             1,00                     35         7          -------------------- 100,00
10         35         0          0          3500               100,00             35             1,00                     35         7          -------------------- 100,00
11         35         0          0          3500               100,00             35             1,00                     35         7          -------------------- 100,00
12         35         0          0          3500               100,00             35             1,00                     35         7          -------------------- 100,00
13         35         0          0          3500               100,00             35             1,00                     35         7          -------------------- 100,00
14         35         0          0          3500               100,00             35             1,00                     35         7          -------------------- 100,00
15         35         0          0          3500               100,00             35             1,00                     35         7          -------------------- 100,00
16         35         0          0          3500               100,00             35             1,00                     35         7          -------------------- 100,00
17         35         0          0          3500               100,00             35             1,00                     35         7          -------------------- 100,00
18         35         0          0          3500               100,00             35             1,00                     35         7          -------------------- 100,00
19         35         0          0          3500               100,00             35             1,00                     35         7          -------------------- 100,00
20         35         0          0          3500               100,00             35             1,00                     35         7          -------------------- 100,00
21         35         0          0          3500               100,00             35             1,00                     35         7          -------------------- 100,00
22         35         0          0          3500               100,00             35             1,00                     35         7          -------------------- 100,00
23         35         0          0          3500               100,00             35             1,00                     35         7          -------------------- 100,00
24         35         0          0          3500               100,00             35             1,00                     35         7          -------------------- 100,00
25         35         0          0          3500               100,00             35             1,00                     35         7          -------------------- 100,00
26         35         0          0          3500               100,00             35             1,00                     35         7          -------------------- 100,00
27         35         0          0          3500               100,00             35             1,00                     35         7          -------------------- 100,00
28         35         0          0          3500               100,00             35             1,00                     35         7          -------------------- 100,00
29         35         0          0          3500               100,00             35             1,00                     35         7          -------------------- 100,00
30         35         0          0          3500               100,00             35             1,00                     35         7          -------------------- 100,00
33         35         0          0          35                 1,00               0              0,00                     35         7          NaN                        
34         35         0          0          35                 1,00               0              0,00                     35         7          NaN                        
35         35         0          0          35                 1,00               0              0,00                     35         7          NaN                        
36         35         0          0          35                 1,00               0              0,00                     35         7          NaN                        
37         35         0          0          35                 1,00               0              0,00                     35         7          NaN                        
38         35         0          0          35                 1,00               0              0,00                     35         7          NaN                        
39         35         0          0          35                 1,00               0              0,00                     35         7          NaN                        
40         35         0          0          35                 1,00               0              0,00                     35         7          NaN                        
41         35         0          0          35                 1,00               0              0,00                     35         7          NaN                        
42         35         0          0          35                 1,00               0              0,00                     35         7          NaN                        
43         35         0          0          35                 1,00               0              0,00                     35         7          NaN                        
44         35         0          0          35                 1,00               0              0,00                     35         7          NaN                        
45         35         0          0          35                 1,00               0              0,00                     35         7          NaN                        
46         35         0          0          35                 1,00               0              0,00                     35         7          NaN                        
47         35         0          0          35                 1,00               0              0,00                     35         7          NaN                        
48         35         0          0          35                 1,00               0              0,00                     35         7          NaN                        
49         35         0          0          35                 1,00               0              0,00                     35         7          NaN                        
50         35         0          0          35                 1,00               0              0,00                     35         7          NaN                        
56         35         0          0          0                  0,00               0              0,00                     35         7          NaN                        
57         35         0          0          0                  0,00               0              0,00                     35         7          NaN                        
59         35         0          0          0                  0,00               0              0,00                     35         7          NaN                        
60         35         0          0          35                 1,00               0              0,00                     35         7          NaN                        
61         35         0          0          35                 1,00               0              0,00                     35         7          NaN                        
62         35         0          0          35                 1,00               0              0,00                     35         7          NaN                        
63         35         0          0          35                 1,00               0              0,00                     35         7          NaN                        
64         35         0          0          35                 1,00               0              0,00                     35         7          NaN                        
65         35         0          0          35                 1,00               0              0,00                     35         7          NaN                        
66         35         0          0          35                 1,00               0              0,00                     35         7          NaN                        
67         35         0          0          35                 1,00               0              0,00                     35         7          NaN                        
68         35         0          0          35                 1,00               0              0,00                     35         7          NaN                        
69         35         0          0          35                 1,00               0              0,00                     35         7          NaN                        
70         35         0          0          35                 1,00               0              0,00                     35         7          NaN                        
71         35         0          0          35                 1,00               0              0,00                     35         7          NaN                        
72         35         0          0          35                 1,00               0              0,00                     35         7          NaN                        
73         35         0          0          35                 1,00               0              0,00                     35         7          NaN                        
74         35         0          0          35                 1,00               0              0,00                     35         7          NaN                        
77         35         0          0          0                  0,00               0              0,00                     35         7          NaN                        
78         35         0          0          0                  0,00               0              0,00                     35         7          NaN                        
79         35         0          0          0                  0,00               0              0,00                     35         7          NaN                        
80         35         0          0          0                  0,00               0              0,00                     35         7          NaN                        
81         35         0          0          0                  0,00               0              0,00                     35         7          NaN                        
85         35         0          0          0                  0,00               0              0,00                     35         7          NaN                        
89         33         2          0          350                10,00              2              0,06                     35         7          ------------------- 94,29  
91         33         2          0          350                10,00              2              0,06                     35         7          ------------------- 94,29  
92         34         1          0          350                10,00              2              0,06                     35         7          -------------------- 97,14 
93         33         2          0          3848               109,94             39             1,11                     35         7          ------------------- 94,29  
94         35         0          0          3850               110,00             39             1,11                     35         7          -------------------- 100,00
96         17         18         0          3353               95,80              30             0,86                     35         7          ---------- 48,57           
97         17         18         0          3353               95,80              30             0,86                     35         7          ---------- 48,57           
98         17         18         0          3353               95,80              30             0,86                     35         7          ---------- 48,57           
99         12         23         0          3500               100,00             35             1,00                     35         7          ------- 34,29              
100        12         23         0          3500               100,00             35             1,00                     35         7          ------- 34,29              
101        35         0          0          3500               100,00             35             1,00                     35         7          -------------------- 100,00
102        35         0          0          3500               100,00             35             1,00                     35         7          -------------------- 100,00
103        35         0          0          3500               100,00             35             1,00                     35         7          -------------------- 100,00
104        17         18         0          3353               95,80              30             0,86                     35         7          ---------- 48,57           
105        13         18         4          3142               89,77              29             0,83                     35         7          -------- 37,14             
106        13         13         9          2924               83,54              28             0,80                     35         7          -------- 37,14             
108        27         7          1          3400               97,14              31             0,89                     35         7          ---------------- 77,14     
109        26         9          0          3500               100,00             35             1,00                     35         7          --------------- 74,29      
110        27         8          0          3500               100,00             35             1,00                     35         7          ---------------- 77,14     
111        18         17         0          3500               100,00             35             1,00                     35         7          ----------- 51,43          
112        35         0          0          3500               100,00             35             1,00                     35         7          -------------------- 100,00
113        35         0          0          3500               100,00             35             1,00                     35         7          -------------------- 100,00
114        35         0          0          3500               100,00             35             1,00                     35         7          -------------------- 100,00
115        35         0          0          3500               100,00             35             1,00                     35         7          -------------------- 100,00
116        17         18         0          3353               95,80              30             0,86                     35         7          ---------- 48,57           
117        13         13         9          2892               82,63              28             0,80                     35         7          -------- 37,14             
118        8          14         13         2742               78,34              27             0,77                     35         7          ----- 22,86                
120        35         0          0          0                  0,00               0              0,00                     35         7          NaN                        
121        35         0          0          0                  0,00               0              0,00                     35         7          NaN                        
122        35         0          0          0                  0,00               0              0,00                     35         7          NaN                        
123        35         0          0          0                  0,00               0              0,00                     35         7          NaN                        
125        35         0          0          0                  0,00               0              0,00                     35         7          NaN                        
126        35         0          0          0                  0,00               0              0,00                     35         7          NaN                        
127        35         0          0          0                  0,00               0              0,00                     35         7          NaN                        
129        35         0          0          0                  0,00               0              0,00                     35         7          NaN                        
130        35         0          0          0                  0,00               0              0,00                     35         7          NaN                        
131        35         0          0          0                  0,00               0              0,00                     35         7          NaN                        
132        35         0          0          0                  0,00               0              0,00                     35         7          NaN                        
133        35         0          0          0                  0,00               0              0,00                     35         7          NaN                        
134        35         0          0          0                  0,00               0              0,00                     35         7          NaN                        
135        35         0          0          0                  0,00               0              0,00                     35         7          NaN                        
136        35         0          0          0                  0,00               0              0,00                     35         7          NaN                        
137        35         0          0          0                  0,00               0              0,00                     35         7          NaN                        
138        35         0          0          0                  0,00               0              0,00                     35         7          NaN                        
139        35         0          0          0                  0,00               0              0,00                     35         7          NaN                        
141        35         0          0          0                  0,00               0              0,00                     35         7          NaN                        
142        35         0          0          0                  0,00               0              0,00                     35         7          NaN                        
148        35         0          0          0                  0,00               0              0,00                     35         7          NaN                        
149        35         0          0          0                  0,00               0              0,00                     35         7          NaN                        
151        35         0          0          0                  0,00               0              0,00                     35         7          NaN                        
152        35         0          0          0                  0,00               0              0,00                     35         7          NaN                        
153        35         0          0          0                  0,00               0              0,00                     35         7          NaN                        
155        35         0          0          0                  0,00               0              0,00                     35         7          NaN                        
156        35         0          0          0                  0,00               0              0,00                     35         7          NaN                        
157        35         0          0          0                  0,00               0              0,00                     35         7          NaN                        
159        35         0          0          0                  0,00               0              0,00                     35         7          NaN                        
160        35         0          0          0                  0,00               0              0,00                     35         7          NaN                        
161        35         0          0          0                  0,00               0              0,00                     35         7          NaN                        
162        35         0          0          0                  0,00               0              0,00                     35         7          NaN                        
163        35         0          0          0                  0,00               0              0,00                     35         7          NaN                        
