contains the data for the random rates analysis graph.
SERN
random Rates : 0.001 0.002 0.005 0.009 0.01 0.02 0.05 0.09 0.1 0.2 0.5 0.9 
5 perturbation point
5 repetition of each point of each task
PONE : Numerical Perturbator, Random Enactor, seed :32
1 datasets
Picked up in the data set provided by Weka.
RandomRate IndexLoc   #Success   #Failure   #Exception #Call      #Perturbation  %Success                   
0.001      0          5          0          0          0          0              NaN                        
0.002      0          5          0          0          0          0              NaN                        
0.005      0          5          0          0          0          0              NaN                        
0.009      0          5          0          0          0          0              NaN                        
0.01       0          5          0          0          0          0              NaN                        
0.02       0          5          0          0          0          0              NaN                        
0.05       0          5          0          0          0          0              NaN                        
0.09       0          5          0          0          0          0              NaN                        
0.1        0          5          0          0          0          0              NaN                        
0.2        0          5          0          0          0          0              NaN                        
0.5        0          5          0          0          0          0              NaN                        
0.9        0          5          0          0          0          0              NaN                        
0.001      4          5          0          0          0          0              NaN                        
0.002      4          5          0          0          0          0              NaN                        
0.005      4          5          0          0          0          0              NaN                        
0.009      4          5          0          0          0          0              NaN                        
0.01       4          5          0          0          0          0              NaN                        
0.02       4          5          0          0          0          0              NaN                        
0.05       4          5          0          0          0          0              NaN                        
0.09       4          5          0          0          0          0              NaN                        
0.1        4          5          0          0          0          0              NaN                        
0.2        4          5          0          0          0          0              NaN                        
0.5        4          5          0          0          0          0              NaN                        
0.9        4          5          0          0          0          0              NaN                        
0.001      5          5          0          0          0          0              NaN                        
0.002      5          5          0          0          0          0              NaN                        
0.005      5          5          0          0          0          0              NaN                        
0.009      5          5          0          0          0          0              NaN                        
0.01       5          5          0          0          0          0              NaN                        
0.02       5          5          0          0          0          0              NaN                        
0.05       5          5          0          0          0          0              NaN                        
0.09       5          5          0          0          0          0              NaN                        
0.1        5          5          0          0          0          0              NaN                        
0.2        5          5          0          0          0          0              NaN                        
0.5        5          5          0          0          0          0              NaN                        
0.9        5          5          0          0          0          0              NaN                        
0.001      6          5          0          0          500        0              NaN                        
0.002      6          5          0          0          500        0              NaN                        
0.005      6          5          0          0          500        1              -------------------- 100,00
0.009      6          5          0          0          500        2              -------------------- 100,00
0.01       6          5          0          0          500        2              -------------------- 100,00
0.02       6          5          0          0          500        10             -------------------- 100,00
0.05       6          5          0          0          500        24             -------------------- 100,00
0.09       6          5          0          0          500        51             -------------------- 100,00
0.1        6          5          0          0          500        57             -------------------- 100,00
0.2        6          5          0          0          500        119            -------------------- 100,00
0.5        6          5          0          0          500        268            -------------------- 100,00
0.9        6          5          0          0          500        447            -------------------- 100,00
0.001      7          5          0          0          500        0              NaN                        
0.002      7          5          0          0          500        0              NaN                        
0.005      7          5          0          0          500        1              -------------------- 100,00
0.009      7          5          0          0          500        2              -------------------- 100,00
0.01       7          5          0          0          500        2              -------------------- 100,00
0.02       7          5          0          0          500        10             -------------------- 100,00
0.05       7          5          0          0          500        24             -------------------- 100,00
0.09       7          5          0          0          500        51             -------------------- 100,00
0.1        7          5          0          0          500        57             -------------------- 100,00
0.2        7          5          0          0          500        119            -------------------- 100,00
0.5        7          5          0          0          500        268            -------------------- 100,00
0.9        7          5          0          0          500        447            -------------------- 100,00
