SEPM
magnitudes value : 1 2 5 10 20 50 
164 perturbation point
N Excecution Enactor
PMAG : Numerical Perturbator
20 string of 100 char
Random char generated with 23 as seed
sum of result per Perturbation point
IndexLoc #Success #Failure #Error   #Calls   #Enactions %Success                   
0        0        0        120      120      120         0,00                      
1        100      20       0        120      120        ----------------- 83,33    
2        100      20       0        120      120        ----------------- 83,33    
3        100      20       0        120      120        ----------------- 83,33    
4        0        0        120      120      120         0,00                      
5        0        120      0        120      120         0,00                      
6        0        120      0        120      120         0,00                      
7        0        120      0        120      120         0,00                      
8        0        120      0        120      120         0,00                      
9        0        120      0        120      120         0,00                      
10       0        120      0        120      120         0,00                      
11       0        120      0        120      120         0,00                      
12       0        0        120      120      120         0,00                      
13       0        120      0        120      120         0,00                      
14       0        100      20       120      120         0,00                      
15       0        120      0        120      120         0,00                      
16       0        120      0        120      120         0,00                      
17       0        120      0        120      120         0,00                      
18       0        120      0        120      120         0,00                      
19       0        120      0        120      120         0,00                      
20       960      120      0        7180     1080       ------------------ 88,89   
21       960      0        120      9720     1080       ------------------ 88,89   
23       200      120      640      5780     960        ----- 20,83                
24       500      300      160      7120     960        ----------- 52,08          
25       200      120      640      5780     960        ----- 20,83                
26       200      120      640      5780     960        ----- 20,83                
27       200      120      640      5780     960        ----- 20,83                
28       0        960      0        7680     960         0,00                      
29       840      120      0        7680     960        ------------------ 87,50   
30       0        120      0        120      120         0,00                      
31       0        120      0        120      120         0,00                      
32       0        120      0        120      120         0,00                      
33       0        120      0        120      120         0,00                      
34       120      0        0        120      120        -------------------- 100,00
35       0        120      0        120      120         0,00                      
36       180      300      0        1360     480        -------- 37,50             
37       360      0        120      1920     480        --------------- 75,00      
39       0        60       300      820      360         0,00                      
40       120      20       220      980      360        ------- 33,33              
41       0        240      120      1080     360         0,00                      
42       0        360      0        1080     360         0,00                      
43       18120    5280     0        4469460  23400      ---------------- 77,44     
44       23040    0        360      4539600  23400      -------------------- 98,46 
46       4876     12884    5280     3997500  23040      ----- 21,16                
47       1440     21600    0        4423680  23040      -- 6,25                    
48       78       10962    12000    3353520  23040      - 0,34                     
49       21280    0        1760     4319460  23040      ------------------- 92,36  
50       21430    0        1610     4379217  23040      ------------------- 93,01  
52       862      15318    1760     2655076  17940      - 4,80                     
53       0        17940    0        2684496  17940       0,00                      
54       3090     400      1610     196453   5100       ------------- 60,59        
55       3090     400      1610     174753   5100       ------------- 60,59        
56       3090     400      1610     196453   5100       ------------- 60,59        
57       0        5100     0        219216   5100        0,00                      
58       0        23040    0        4423680  23040       0,00                      
59       4818     18222    0        4423680  23040      ----- 20,91                
60       18607    4433     0        4423680  23040      ----------------- 80,76    
61       7516     10244    5280     3997500  23040      ------- 32,62              
62       7351     15689    0        4423680  23040      ------- 31,91              
63       2838     8202     12000    3353520  23040      --- 12,32                  
64       23040    0        0        4423680  23040      -------------------- 100,00
65       9030     14010    0        4423680  23040      -------- 39,19             
66       17280    5760     0        4423680  23040      --------------- 75,00      
67       17280    5760     0        4423680  23040      --------------- 75,00      
68       0        360      0        1080     360         0,00                      
69       0        360      0        1080     360         0,00                      
70       0        360      0        1080     360         0,00                      
71       0        360      0        1080     360         0,00                      
72       0        360      0        1080     360         0,00                      
73       18120    5280     0        4469460  23400      ---------------- 77,44     
74       23040    0        360      4539600  23400      -------------------- 98,46 
76       11040    6720     5280     3997500  23040      ---------- 47,92           
77       5760     1920     15360    3064320  23040      ----- 25,00                
78       0        4800     18240    2735520  23040       0,00                      
79       23040    0        0        4423680  23040      -------------------- 100,00
80       2171     17869    3000     4069920  23040      -- 9,42                    
81       0        8640     14400    3194400  23040       0,00                      
82       1895     3865     0        276480   5760       ------- 32,90              
83       989      4771     0        276480   5760       ---- 17,17                 
84       695      5065     0        276480   5760       --- 12,07                  
85       1480     4280     0        276480   5760       ------ 25,69               
86       1061     4699     0        276480   5760       ---- 18,42                 
87       650      5110     0        276480   5760       --- 11,28                  
88       1081     4679     0        276480   5760       ---- 18,77                 
89       1947     3813     0        276480   5760       ------- 33,80              
90       693      5067     0        276480   5760       --- 12,03                  
91       1069     4691     0        276480   5760       ---- 18,56                 
92       1494     4266     0        276480   5760       ------ 25,94               
93       669      5091     0        276480   5760       --- 11,61                  
94       522      5238     0        276480   5760       -- 9,06                    
95       1317     4443     0        276480   5760       ----- 22,86                
96       675      5085     0        276480   5760       --- 11,72                  
97       675      5085     0        276480   5760       --- 11,72                  
98       675      5085     0        276480   5760       --- 11,72                  
99       540      2040     3180     199680   5760       -- 9,38                    
100      0        5760     0        276480   5760        0,00                      
101      0        5760     0        276480   5760        0,00                      
102      0        5760     0        276480   5760        0,00                      
103      0        5760     0        276480   5760        0,00                      
104      644      5116     0        276480   5760       --- 11,18                  
105      1284     4476     0        276480   5760       ----- 22,29                
106      675      5085     0        276480   5760       --- 11,72                  
107      675      5085     0        276480   5760       --- 11,72                  
108      675      5085     0        276480   5760       --- 11,72                  
109      660      2580     2520     213480   5760       --- 11,46                  
110      0        5760     0        276480   5760        0,00                      
111      1033     4727     0        276480   5760       ---- 17,93                 
112      1063     4697     0        276480   5760       ---- 18,45                 
113      0        5760     0        276480   5760        0,00                      
114      633      5127     0        276480   5760       --- 10,99                  
115      1258     4502     0        276480   5760       ----- 21,84                
116      675      5085     0        276480   5760       --- 11,72                  
117      480      2220     3060     202560   5760       -- 8,33                    
118      0        23040    0        4423680  23040       0,00                      
119      0        23040    0        4423680  23040       0,00                      
120      0        23040    0        4423680  23040       0,00                      
121      0        23040    0        4423680  23040       0,00                      
122      1488     9552     12000    3284160  23040      -- 6,46                    
123      0        23040    0        4423680  23040       0,00                      
124      0        23040    0        4423680  23040       0,00                      
125      0        17760    5280     3997500  23040       0,00                      
126      0        23040    0        4423680  23040       0,00                      
127      0        23040    0        4423680  23040       0,00                      
128      0        4800     18240    2735520  23040       0,00                      
129      5760     960      16320    3011040  23040      ----- 25,00                
130      3840     8640     10560    3468960  23040      ---- 16,67                 
131      3840     19200    0        4423680  23040      ---- 16,67                 
132      5160     13080    4800     4003680  23040      ----- 22,40                
133      0        15360    7680     3690240  23040       0,00                      
134      0        11040    12000    3348480  23040       0,00                      
135      0        23040    0        4423680  23040       0,00                      
136      0        23040    0        4423680  23040       0,00                      
137      0        23040    0        4423680  23040       0,00                      
138      0        23040    0        4423680  23040       0,00                      
139      0        23040    0        4423680  23040       0,00                      
140      0        23040    0        4423680  23040       0,00                      
141      0        23040    0        4423680  23040       0,00                      
142      0        360      0        1080     360         0,00                      
143      0        360      0        1080     360         0,00                      
144      0        360      0        1080     360         0,00                      
145      0        360      0        1080     360         0,00                      
146      0        120      0        120      120         0,00                      
147      0        0        120      120      120         0,00                      
148      0        120      0        120      120         0,00                      
149      220      380      0        2120     600        -------- 36,67             
150      480      0        120      3000     600        ---------------- 80,00     
152      360      120      0        1920     480        --------------- 75,00      
153      320      160      0        1920     480        -------------- 66,67       
155      0        120      0        120      120         0,00                      
156      240      120      0        1080     360        -------------- 66,67       
157      200      160      0        1080     360        ------------ 55,56         
159      0        120      0        120      120         0,00                      
160      120      120      0        480      240        ---------- 50,00           
161      100      140      0        480      240        --------- 41,67            
163      0        120      0        120      120         0,00                      
164      0        120      0        120      120         0,00                      
165      0        240      0        480      240         0,00                      
166      0        360      0        1080     360         0,00                      
167      0        480      0        1920     480         0,00                      
168      0        480      0        1920     480         0,00                      
169      880      1520     0        44480    2400       -------- 36,67             
170      1920     0        480      48000    2400       ---------------- 80,00     
172      0        1920     0        30720    1920        0,00                      
173      480      1440     0        30720    1920       ----- 25,00                
