aggregate data per location for magnitude = 5
SEPM
164 perturbation point
N Execution Enactor
PMAG : Numerical Perturbator
20 string of 100 char
Random char generated with 23 as seed
IndexLoc   #Success   #Failure   #Exception #call_all_execs    avg_call_per_execs #Perturbations AvgPerturbationPerExecs  #Execs     #Tasks     %Success                   
0          0          0          20         20                 1                  20             1,00                     20         20          0,00                      
1          20         0          0          20                 1                  20             1,00                     20         20         -------------------- 100,00
2          20         0          0          20                 1                  20             1,00                     20         20         -------------------- 100,00
3          20         0          0          20                 1                  20             1,00                     20         20         -------------------- 100,00
4          0          0          20         20                 1                  20             1,00                     20         20          0,00                      
5          0          20         0          20                 1                  20             1,00                     20         20          0,00                      
6          0          20         0          20                 1                  20             1,00                     20         20          0,00                      
7          0          20         0          20                 1                  20             1,00                     20         20          0,00                      
8          0          20         0          20                 1                  20             1,00                     20         20          0,00                      
9          0          20         0          20                 1                  20             1,00                     20         20          0,00                      
10         0          20         0          20                 1                  20             1,00                     20         20          0,00                      
11         0          20         0          20                 1                  20             1,00                     20         20          0,00                      
12         0          0          20         20                 1                  20             1,00                     20         20          0,00                      
13         0          20         0          20                 1                  20             1,00                     20         20          0,00                      
14         0          20         0          20                 1                  20             1,00                     20         20          0,00                      
15         0          20         0          20                 1                  20             1,00                     20         20          0,00                      
16         0          20         0          20                 1                  20             1,00                     20         20          0,00                      
17         0          20         0          20                 1                  20             1,00                     20         20          0,00                      
18         0          20         0          20                 1                  20             1,00                     20         20          0,00                      
19         0          20         0          20                 1                  20             1,00                     20         20          0,00                      
20         180        0          0          180                9                  180            1,00                     1320       20         -------------------- 100,00
21         160        0          20         180                9                  180            1,00                     1620       20         ------------------ 88,89   
23         20         40         100        160                8                  160            1,00                     1080       20         --- 12,50                  
24         80         80         0          160                8                  160            1,00                     1280       20         ---------- 50,00           
25         20         40         100        160                8                  160            1,00                     1080       20         --- 12,50                  
26         20         40         100        160                8                  160            1,00                     1080       20         --- 12,50                  
27         20         40         100        160                8                  160            1,00                     1080       20         --- 12,50                  
28         0          160        0          160                8                  160            1,00                     1280       20          0,00                      
29         140        20         0          160                8                  160            1,00                     1280       20         ------------------ 87,50   
30         0          20         0          20                 1                  20             1,00                     20         20          0,00                      
31         0          20         0          20                 1                  20             1,00                     20         20          0,00                      
32         0          20         0          20                 1                  20             1,00                     20         20          0,00                      
33         0          20         0          20                 1                  20             1,00                     20         20          0,00                      
34         20         0          0          20                 1                  20             1,00                     20         20         -------------------- 100,00
35         0          20         0          20                 1                  20             1,00                     20         20          0,00                      
36         20         60         0          80                 4                  80             1,00                     200        20         ----- 25,00                
37         60         0          20         80                 4                  80             1,00                     320        20         --------------- 75,00      
39         0          0          60         60                 3                  60             1,00                     120        20          0,00                      
40         20         0          40         60                 3                  60             1,00                     160        20         ------- 33,33              
41         0          40         20         60                 3                  60             1,00                     180        20          0,00                      
42         0          60         0          60                 3                  60             1,00                     180        20          0,00                      
43         3600       300        0          3900               195                3900           1,00                     759600     20         ------------------- 92,31  
44         3840       0          60         3900               195                3900           1,00                     756600     20         -------------------- 98,46 
46         24         3516       300        3840               192                3840           1,00                     717480     20         - 0,63                     
47         240        3600       0          3840               192                3840           1,00                     737280     20         -- 6,25                    
48         19         2621       1200       3840               192                3840           1,00                     649080     20         - 0,49                     
49         3740       0          100        3840               192                3840           1,00                     732830     20         -------------------- 97,40 
50         3740       0          100        3840               192                3840           1,00                     733330     20         -------------------- 97,40 
52         146        2744       100        2990               149                2990           1,00                     447216     20         - 4,88                     
53         0          2990       0          2990               149                2990           1,00                     447416     20          0,00                      
54         650        100        100        850                42                 850            1,00                     36336      20         ---------------- 76,47     
55         650        100        100        850                42                 850            1,00                     32586      20         ---------------- 76,47     
56         650        100        100        850                42                 850            1,00                     36336      20         ---------------- 76,47     
57         0          850        0          850                42                 850            1,00                     36536      20          0,00                      
58         0          3840       0          3840               192                3840           1,00                     737280     20          0,00                      
59         803        3037       0          3840               192                3840           1,00                     737280     20         ----- 20,91                
60         3011       829        0          3840               192                3840           1,00                     737280     20         ---------------- 78,41     
61         923        2617       300        3840               192                3840           1,00                     717480     20         ----- 24,04                
62         1188       2652       0          3840               192                3840           1,00                     737280     20         ------- 30,94              
63         680        1960       1200       3840               192                3840           1,00                     649080     20         ---- 17,71                 
64         3840       0          0          3840               192                3840           1,00                     737280     20         -------------------- 100,00
65         1505       2335       0          3840               192                3840           1,00                     737280     20         -------- 39,19             
66         2880       960        0          3840               192                3840           1,00                     737280     20         --------------- 75,00      
67         2880       960        0          3840               192                3840           1,00                     737280     20         --------------- 75,00      
68         0          60         0          60                 3                  60             1,00                     180        20          0,00                      
69         0          60         0          60                 3                  60             1,00                     180        20          0,00                      
70         0          60         0          60                 3                  60             1,00                     180        20          0,00                      
71         0          60         0          60                 3                  60             1,00                     180        20          0,00                      
72         0          60         0          60                 3                  60             1,00                     180        20          0,00                      
73         3600       300        0          3900               195                3900           1,00                     759600     20         ------------------- 92,31  
74         3840       0          60         3900               195                3900           1,00                     756600     20         -------------------- 98,46 
76         2640       900        300        3840               192                3840           1,00                     717480     20         -------------- 68,75       
77         960        0          2880       3840               192                3840           1,00                     485280     20         ----- 25,00                
78         0          0          3840       3840               192                3840           1,00                     370560     20          0,00                      
79         3840       0          0          3840               192                3840           1,00                     737280     20         -------------------- 100,00
80         402        3138       300        3840               192                3840           1,00                     703080     20         --- 10,47                  
81         0          960        2880       3840               192                3840           1,00                     485280     20          0,00                      
82         259        701        0          960                48                 960            1,00                     46080      20         ------ 26,98               
83         113        847        0          960                48                 960            1,00                     46080      20         --- 11,77                  
84         57         903        0          960                48                 960            1,00                     46080      20         -- 5,94                    
85         194        766        0          960                48                 960            1,00                     46080      20         ----- 20,21                
86         120        840        0          960                48                 960            1,00                     46080      20         --- 12,50                  
87         50         910        0          960                48                 960            1,00                     46080      20         -- 5,21                    
88         121        839        0          960                48                 960            1,00                     46080      20         --- 12,60                  
89         262        698        0          960                48                 960            1,00                     46080      20         ------ 27,29               
90         65         895        0          960                48                 960            1,00                     46080      20         -- 6,77                    
91         125        835        0          960                48                 960            1,00                     46080      20         --- 13,02                  
92         188        772        0          960                48                 960            1,00                     46080      20         ---- 19,58                 
93         41         919        0          960                48                 960            1,00                     46080      20         - 4,27                     
94         59         901        0          960                48                 960            1,00                     46080      20         -- 6,15                    
95         187        773        0          960                48                 960            1,00                     46080      20         ---- 19,48                 
96         81         879        0          960                48                 960            1,00                     46080      20         -- 8,44                    
97         81         879        0          960                48                 960            1,00                     46080      20         -- 8,44                    
98         81         879        0          960                48                 960            1,00                     46080      20         -- 8,44                    
99         60         360        540        960                48                 960            1,00                     33480      20         -- 6,25                    
100        0          960        0          960                48                 960            1,00                     46080      20          0,00                      
101        0          960        0          960                48                 960            1,00                     46080      20          0,00                      
102        0          960        0          960                48                 960            1,00                     46080      20          0,00                      
103        0          960        0          960                48                 960            1,00                     46080      20          0,00                      
104        141        819        0          960                48                 960            1,00                     46080      20         --- 14,69                  
105        180        780        0          960                48                 960            1,00                     46080      20         ---- 18,75                 
106        81         879        0          960                48                 960            1,00                     46080      20         -- 8,44                    
107        81         879        0          960                48                 960            1,00                     46080      20         -- 8,44                    
108        81         879        0          960                48                 960            1,00                     46080      20         -- 8,44                    
109        60         540        360        960                48                 960            1,00                     37620      20         -- 6,25                    
110        0          960        0          960                48                 960            1,00                     46080      20          0,00                      
111        114        846        0          960                48                 960            1,00                     46080      20         --- 11,88                  
112        117        843        0          960                48                 960            1,00                     46080      20         --- 12,19                  
113        0          960        0          960                48                 960            1,00                     46080      20          0,00                      
114        121        839        0          960                48                 960            1,00                     46080      20         --- 12,60                  
115        152        808        0          960                48                 960            1,00                     46080      20         ---- 15,83                 
116        81         879        0          960                48                 960            1,00                     46080      20         -- 8,44                    
117        60         360        540        960                48                 960            1,00                     33180      20         -- 6,25                    
118        0          3840       0          3840               192                3840           1,00                     737280     20          0,00                      
119        0          3840       0          3840               192                3840           1,00                     737280     20          0,00                      
120        0          3840       0          3840               192                3840           1,00                     737280     20          0,00                      
121        0          3840       0          3840               192                3840           1,00                     737280     20          0,00                      
122        324        2316       1200       3840               192                3840           1,00                     624960     20         -- 8,44                    
123        0          3840       0          3840               192                3840           1,00                     737280     20          0,00                      
124        0          3840       0          3840               192                3840           1,00                     737280     20          0,00                      
125        0          3540       300        3840               192                3840           1,00                     717480     20          0,00                      
126        0          3840       0          3840               192                3840           1,00                     737280     20          0,00                      
127        0          3840       0          3840               192                3840           1,00                     737280     20          0,00                      
128        0          0          3840       3840               192                3840           1,00                     370560     20          0,00                      
129        960        0          2880       3840               192                3840           1,00                     485280     20         ----- 25,00                
130        0          2880       960        3840               192                3840           1,00                     668640     20          0,00                      
131        0          3840       0          3840               192                3840           1,00                     737280     20          0,00                      
132        720        3120       0          3840               192                3840           1,00                     737280     20         ---- 18,75                 
133        0          3840       0          3840               192                3840           1,00                     737280     20          0,00                      
134        0          2640       1200       3840               192                3840           1,00                     648000     20          0,00                      
135        0          3840       0          3840               192                3840           1,00                     737280     20          0,00                      
136        0          3840       0          3840               192                3840           1,00                     737280     20          0,00                      
137        0          3840       0          3840               192                3840           1,00                     737280     20          0,00                      
138        0          3840       0          3840               192                3840           1,00                     737280     20          0,00                      
139        0          3840       0          3840               192                3840           1,00                     737280     20          0,00                      
140        0          3840       0          3840               192                3840           1,00                     737280     20          0,00                      
141        0          3840       0          3840               192                3840           1,00                     737280     20          0,00                      
142        0          60         0          60                 3                  60             1,00                     180        20          0,00                      
143        0          60         0          60                 3                  60             1,00                     180        20          0,00                      
144        0          60         0          60                 3                  60             1,00                     180        20          0,00                      
145        0          60         0          60                 3                  60             1,00                     180        20          0,00                      
146        0          20         0          20                 1                  20             1,00                     20         20          0,00                      
147        0          0          20         20                 1                  20             1,00                     20         20          0,00                      
148        0          20         0          20                 1                  20             1,00                     20         20          0,00                      
149        20         80         0          100                5                  100            1,00                     300        20         ---- 20,00                 
150        80         0          20         100                5                  100            1,00                     500        20         ---------------- 80,00     
152        60         20         0          80                 4                  80             1,00                     320        20         --------------- 75,00      
153        60         20         0          80                 4                  80             1,00                     320        20         --------------- 75,00      
155        0          20         0          20                 1                  20             1,00                     20         20          0,00                      
156        40         20         0          60                 3                  60             1,00                     180        20         -------------- 66,67       
157        40         20         0          60                 3                  60             1,00                     180        20         -------------- 66,67       
159        0          20         0          20                 1                  20             1,00                     20         20          0,00                      
160        20         20         0          40                 2                  40             1,00                     80         20         ---------- 50,00           
161        20         20         0          40                 2                  40             1,00                     80         20         ---------- 50,00           
163        0          20         0          20                 1                  20             1,00                     20         20          0,00                      
164        0          20         0          20                 1                  20             1,00                     20         20          0,00                      
165        0          40         0          40                 2                  40             1,00                     80         20          0,00                      
166        0          60         0          60                 3                  60             1,00                     180        20          0,00                      
167        0          80         0          80                 4                  80             1,00                     320        20          0,00                      
168        0          80         0          80                 4                  80             1,00                     320        20          0,00                      
169        80         320        0          400                20                 400            1,00                     7200       20         ---- 20,00                 
170        320        0          80         400                20                 400            1,00                     8000       20         ---------------- 80,00     
172        0          320        0          320                16                 320            1,00                     5120       20          0,00                      
173        80         240        0          320                16                 320            1,00                     5120       20         ----- 25,00                
