SEP1
176 perturbation point
N Excecution Enactor
PONE : Numerical Perturbator
20 string of 100 char
Random char generated with 23 as seed
sum of result per Perturbation point
IndexLoc #Success #Failure #Error   #Calls   #Enactions %Success                   
0        0        0        0        0        0           NaN                       
1        0        0        0        0        0           NaN                       
2        0        0        0        0        0           NaN                       
3        0        0        0        0        0           NaN                       
4        0        0        0        0        0           NaN                       
5        0        0        0        0        0           NaN                       
6        0        0        0        0        0           NaN                       
7        0        4        0        4        4           0,00                      
8        64       4        0        1152     68         ------------------- 94,12  
9        64       0        4        1156     68         ------------------- 94,12  
10       0        60       4        1024     64          0,00                      
11       0        64       0        1024     64          0,00                      
12       0        64       0        1024     64          0,00                      
13       0        64       0        1024     64          0,00                      
14       0        0        4        4        4           0,00                      
15       4        0        0        4        4          -------------------- 100,00
16       4        0        0        4        4          -------------------- 100,00
17       4        0        0        4        4          -------------------- 100,00
18       0        0        4        4        4           0,00                      
19       0        4        0        4        4           0,00                      
20       0        4        0        4        4           0,00                      
21       0        4        0        4        4           0,00                      
22       0        4        0        4        4           0,00                      
23       0        4        0        4        4           0,00                      
24       0        4        0        4        4           0,00                      
25       0        4        0        4        4           0,00                      
26       0        0        4        4        4           0,00                      
27       0        4        0        4        4           0,00                      
28       0        4        0        4        4           0,00                      
29       0        4        0        4        4           0,00                      
30       0        4        0        4        4           0,00                      
31       0        4        0        4        4           0,00                      
32       0        4        0        4        4           0,00                      
33       36       0        0        320      36         -------------------- 100,00
34       32       0        4        324      36         ------------------ 88,89   
35       20       8        4        256      32         ------------- 62,50        
36       20       12       0        256      32         ------------- 62,50        
37       20       8        4        256      32         ------------- 62,50        
38       20       8        4        256      32         ------------- 62,50        
39       20       8        4        256      32         ------------- 62,50        
40       28       4        0        256      32         ------------------ 87,50   
41       0        4        0        4        4           0,00                      
42       0        4        0        4        4           0,00                      
43       0        4        0        4        4           0,00                      
44       0        4        0        4        4           0,00                      
45       4        0        0        4        4          -------------------- 100,00
46       0        4        0        4        4           0,00                      
47       12       4        0        60       16         --------------- 75,00      
48       12       0        4        64       16         --------------- 75,00      
49       0        8        4        36       12          0,00                      
50       4        4        4        36       12         ------- 33,33              
51       0        8        4        36       12          0,00                      
52       0        12       0        36       12          0,00                      
53       768      12       0        152088   780        -------------------- 98,46 
54       768      0        12       151320   780        -------------------- 98,46 
55       576      180      12       146688   768        --------------- 75,00      
56       40       549      179      113088   589        -- 5,21                    
57       6        534      36       108234   576        - 1,04                     
58       573      0        3        110465   576        -------------------- 99,48 
59       573      0        3        110468   576        -------------------- 99,48 
60       0        446      3        67205    449         0,00                      
61       0        449      0        67205    449         0,00                      
62       112      12       3        5381     127        ------------------ 88,19   
63       112      12       3        5257     127        ------------------ 88,19   
64       112      12       3        5381     127        ------------------ 88,19   
65       0        127      0        5381     127         0,00                      
66       0        576      0        110592   576         0,00                      
67       102      453      21       106560   555        ---- 17,71                 
68       325      59       0        73728    384        ----------------- 84,64    
69       273      85       26       69312    363        --------------- 71,09      
70       75       117      0        36864    192        -------- 39,06             
71       46       134      12       36078    192        ----- 23,96                
72       192      0        0        36864    192        -------------------- 100,00
73       75       117      0        36864    192        -------- 39,06             
74       144      48       0        36864    192        --------------- 75,00      
75       144      48       0        36864    192        --------------- 75,00      
76       0        3        0        9        3           0,00                      
77       0        3        0        9        3           0,00                      
78       0        3        0        9        3           0,00                      
79       0        3        0        9        3           0,00                      
80       0        3        0        9        3           0,00                      
81       192      3        0        38022    195        -------------------- 98,46 
82       192      0        3        37830    195        -------------------- 98,46 
83       180      9        3        36672    192        ------------------- 93,75  
84       48       96       48       31896    192        ----- 25,00                
85       0        144      48       33432    192         0,00                      
86       192      0        0        36864    192        -------------------- 100,00
87       20       169      3        36528    192        --- 10,42                  
88       0        144      48       33432    192         0,00                      
89       29       19       0        2304     48         ------------- 60,42        
90       24       24       0        2304     48         ---------- 50,00           
91       9        39       0        2304     48         ---- 18,75                 
92       30       18       0        2304     48         ------------- 62,50        
93       13       35       0        2304     48         ------ 27,08               
94       7        41       0        2304     48         --- 14,58                  
95       15       33       0        2304     48         ------- 31,25              
96       22       26       0        2304     48         ---------- 45,83           
97       12       36       0        2304     48         ----- 25,00                
98       17       31       0        2304     48         -------- 35,42             
99       18       30       0        2304     48         -------- 37,50             
100      13       35       0        2304     48         ------ 27,08               
101      4        44       0        2304     48         -- 8,33                    
102      8        40       0        2304     48         ---- 16,67                 
103      7        41       0        2304     48         --- 14,58                  
104      7        41       0        2304     48         --- 14,58                  
105      7        41       0        2304     48         --- 14,58                  
106      3        18       27       1674     48         -- 6,25                    
107      0        48       0        2304     48          0,00                      
108      0        48       0        2304     48          0,00                      
109      0        48       0        2304     48          0,00                      
110      0        48       0        2304     48          0,00                      
111      6        42       0        2304     48         --- 12,50                  
112      8        40       0        2304     48         ---- 16,67                 
113      7        41       0        2304     48         --- 14,58                  
114      7        41       0        2304     48         --- 14,58                  
115      7        41       0        2304     48         --- 14,58                  
116      3        27       18       1881     48         -- 6,25                    
117      0        48       0        2304     48          0,00                      
118      14       34       0        2304     48         ------ 29,17               
119      17       31       0        2304     48         -------- 35,42             
120      0        48       0        2304     48          0,00                      
121      3        45       0        2304     48         -- 6,25                    
122      8        40       0        2304     48         ---- 16,67                 
123      7        41       0        2304     48         --- 14,58                  
124      0        21       27       1659     48          0,00                      
125      0        192      0        36864    192         0,00                      
126      0        192      0        36864    192         0,00                      
127      0        192      0        36864    192         0,00                      
128      0        192      0        36864    192         0,00                      
129      28       152      12       35760    192        --- 14,58                  
130      0        192      0        36864    192         0,00                      
131      0        192      0        36864    192         0,00                      
132      0        189      3        36672    192         0,00                      
133      0        384      0        73728    384         0,00                      
134      0        384      0        73728    384         0,00                      
135      0        288      96       66864    384         0,00                      
136      96       96       192      58464    384        ----- 25,00                
137      192      192      0        73728    384        ---------- 50,00           
138      0        384      0        73728    384         0,00                      
139      72       312      0        73728    384        ---- 18,75                 
140      0        384      0        73728    384         0,00                      
141      0        360      24       72048    384         0,00                      
142      0        384      0        73728    384         0,00                      
143      0        384      0        73728    384         0,00                      
144      0        384      0        73728    384         0,00                      
145      0        384      0        73728    384         0,00                      
146      0        384      0        73728    384         0,00                      
147      0        384      0        73728    384         0,00                      
148      0        384      0        73728    384         0,00                      
149      0        6        0        18       6           0,00                      
150      0        6        0        18       6           0,00                      
151      0        6        0        18       6           0,00                      
152      0        6        0        18       6           0,00                      
153      0        2        0        2        2           0,00                      
154      0        0        2        2        2           0,00                      
155      0        2        0        2        2           0,00                      
156      8        2        0        48       10         ---------------- 80,00     
157      8        0        2        50       10         ---------------- 80,00     
158      6        2        0        32       8          --------------- 75,00      
159      4        4        0        32       8          ---------- 50,00           
160      0        2        0        2        2           0,00                      
161      4        2        0        18       6          -------------- 66,67       
162      2        4        0        18       6          ------- 33,33              
163      0        2        0        2        2           0,00                      
164      2        2        0        8        4          ---------- 50,00           
165      0        4        0        8        4           0,00                      
166      0        2        0        2        2           0,00                      
167      0        2        0        2        2           0,00                      
168      0        4        0        8        4           0,00                      
169      0        6        0        18       6           0,00                      
170      0        8        0        32       8           0,00                      
171      0        8        0        32       8           0,00                      
172      32       8        0        792      40         ---------------- 80,00     
173      32       0        8        800      40         ---------------- 80,00     
174      0        32       0        512      32          0,00                      
175      8        24       0        512      32         ----- 25,00                
