Aggregate data for all tasks per location for magnitude = 1
SEP1
164 perturbation point
N Excecution Enactor
PONE : Numerical Perturbator
20 string of 100 char
Random char generated with 23 as seed
IndexLoc   #Success   #Failure   #Exception #Call      #Perturbations #Tasks     AvgPerturbationPerTask %Success                   
0          0          0          20         20         20             20         1,00                    0,00                      
1          20         0          0          20         20             20         1,00                   -------------------- 100,00
2          20         0          0          20         20             20         1,00                   -------------------- 100,00
3          20         0          0          20         20             20         1,00                   -------------------- 100,00
4          0          0          20         20         20             20         1,00                    0,00                      
5          0          20         0          20         20             20         1,00                    0,00                      
6          0          20         0          20         20             20         1,00                    0,00                      
7          0          20         0          20         20             20         1,00                    0,00                      
8          0          20         0          20         20             20         1,00                    0,00                      
9          0          20         0          20         20             20         1,00                    0,00                      
10         0          20         0          20         20             20         1,00                    0,00                      
11         0          20         0          20         20             20         1,00                    0,00                      
12         0          0          20         20         20             20         1,00                    0,00                      
13         0          20         0          20         20             20         1,00                    0,00                      
14         0          20         0          20         20             20         1,00                    0,00                      
15         0          20         0          20         20             20         1,00                    0,00                      
16         0          20         0          20         20             20         1,00                    0,00                      
17         0          20         0          20         20             20         1,00                    0,00                      
18         0          20         0          20         20             20         1,00                    0,00                      
19         0          20         0          20         20             20         1,00                    0,00                      
20         180        0          0          1600       180            180        1,00                   -------------------- 100,00
21         160        0          20         1620       180            180        1,00                   ------------------ 88,89   
23         100        40         20         1280       160            160        1,00                   ------------- 62,50        
24         100        60         0          1280       160            160        1,00                   ------------- 62,50        
25         100        40         20         1280       160            160        1,00                   ------------- 62,50        
26         100        40         20         1280       160            160        1,00                   ------------- 62,50        
27         100        40         20         1280       160            160        1,00                   ------------- 62,50        
28         0          160        0          1280       160            160        1,00                    0,00                      
29         140        20         0          1280       160            160        1,00                   ------------------ 87,50   
30         0          20         0          20         20             20         1,00                    0,00                      
31         0          20         0          20         20             20         1,00                    0,00                      
32         0          20         0          20         20             20         1,00                    0,00                      
33         0          20         0          20         20             20         1,00                    0,00                      
34         20         0          0          20         20             20         1,00                   -------------------- 100,00
35         0          20         0          20         20             20         1,00                    0,00                      
36         60         20         0          300        80             80         1,00                   --------------- 75,00      
37         60         0          20         320        80             80         1,00                   --------------- 75,00      
39         0          40         20         180        60             60         1,00                    0,00                      
40         20         20         20         180        60             60         1,00                   ------- 33,33              
41         0          40         20         180        60             60         1,00                    0,00                      
42         0          60         0          180        60             60         1,00                    0,00                      
43         3840       60         0          760440     3900           3900       1,00                   -------------------- 98,46 
44         3840       0          60         756600     3900           3900       1,00                   -------------------- 98,46 
46         2881       899        60         733440     3840           3840       1,00                   ---------------- 75,03     
47         240        3600       0          737280     3840           3840       1,00                   -- 6,25                    
48         24         3576       240        721560     3840           3840       1,00                   - 0,63                     
49         3820       0          20         736430     3840           3840       1,00                   -------------------- 99,48 
50         3820       0          20         736450     3840           3840       1,00                   -------------------- 99,48 
52         6          2964       20         447416     2990           2990       1,00                   - 0,20                     
53         0          2990       0          447416     2990           2990       1,00                    0,00                      
54         750        80         20         36536      850            850        1,00                   ------------------ 88,24   
55         750        80         20         35706      850            850        1,00                   ------------------ 88,24   
56         750        80         20         36536      850            850        1,00                   ------------------ 88,24   
57         0          850        0          36536      850            850        1,00                    0,00                      
58         0          3840       0          737280     3840           3840       1,00                    0,00                      
59         803        3037       0          737280     3840           3840       1,00                   ----- 20,91                
60         3250       590        0          737280     3840           3840       1,00                   ----------------- 84,64    
61         2880       900        60         733440     3840           3840       1,00                   --------------- 75,00      
62         1417       2423       0          737280     3840           3840       1,00                   -------- 36,90             
63         923        2677       240        721560     3840           3840       1,00                   ----- 24,04                
64         3840       0          0          737280     3840           3840       1,00                   -------------------- 100,00
65         1505       2335       0          737280     3840           3840       1,00                   -------- 39,19             
66         2880       960        0          737280     3840           3840       1,00                   --------------- 75,00      
67         2880       960        0          737280     3840           3840       1,00                   --------------- 75,00      
68         0          60         0          180        60             60         1,00                    0,00                      
69         0          60         0          180        60             60         1,00                    0,00                      
70         0          60         0          180        60             60         1,00                    0,00                      
71         0          60         0          180        60             60         1,00                    0,00                      
72         0          60         0          180        60             60         1,00                    0,00                      
73         3840       60         0          760440     3900           3900       1,00                   -------------------- 98,46 
74         3840       0          60         756600     3900           3900       1,00                   -------------------- 98,46 
76         3600       180        60         733440     3840           3840       1,00                   ------------------- 93,75  
77         960        1920       960        637920     3840           3840       1,00                   ----- 25,00                
78         0          2880       960        668640     3840           3840       1,00                    0,00                      
79         3840       0          0          737280     3840           3840       1,00                   -------------------- 100,00
80         402        3378       60         730560     3840           3840       1,00                   --- 10,47                  
81         0          2880       960        668640     3840           3840       1,00                    0,00                      
82         477        483        0          46080      960            960        1,00                   ---------- 49,69           
83         319        641        0          46080      960            960        1,00                   ------- 33,23              
84         225        735        0          46080      960            960        1,00                   ----- 23,44                
85         402        558        0          46080      960            960        1,00                   --------- 41,88            
86         328        632        0          46080      960            960        1,00                   ------- 34,17              
87         235        725        0          46080      960            960        1,00                   ----- 24,48                
88         339        621        0          46080      960            960        1,00                   -------- 35,31             
89         498        462        0          46080      960            960        1,00                   ----------- 51,88          
90         233        727        0          46080      960            960        1,00                   ----- 24,27                
91         308        652        0          46080      960            960        1,00                   ------- 32,08              
92         411        549        0          46080      960            960        1,00                   --------- 42,81            
93         226        734        0          46080      960            960        1,00                   ----- 23,54                
94         81         879        0          46080      960            960        1,00                   -- 8,44                    
95         182        778        0          46080      960            960        1,00                   ---- 18,96                 
96         141        819        0          46080      960            960        1,00                   --- 14,69                  
97         141        819        0          46080      960            960        1,00                   --- 14,69                  
98         141        819        0          46080      960            960        1,00                   --- 14,69                  
99         60         360        540        33480      960            960        1,00                   -- 6,25                    
100        0          960        0          46080      960            960        1,00                    0,00                      
101        0          960        0          46080      960            960        1,00                    0,00                      
102        0          960        0          46080      960            960        1,00                    0,00                      
103        0          960        0          46080      960            960        1,00                    0,00                      
104        121        839        0          46080      960            960        1,00                   --- 12,60                  
105        175        785        0          46080      960            960        1,00                   ---- 18,23                 
106        141        819        0          46080      960            960        1,00                   --- 14,69                  
107        141        819        0          46080      960            960        1,00                   --- 14,69                  
108        141        819        0          46080      960            960        1,00                   --- 14,69                  
109        60         540        360        37620      960            960        1,00                   -- 6,25                    
110        0          960        0          46080      960            960        1,00                    0,00                      
111        299        661        0          46080      960            960        1,00                   ------- 31,15              
112        328        632        0          46080      960            960        1,00                   ------- 34,17              
113        0          960        0          46080      960            960        1,00                    0,00                      
114        59         901        0          46080      960            960        1,00                   -- 6,15                    
115        166        794        0          46080      960            960        1,00                   ---- 17,29                 
116        141        819        0          46080      960            960        1,00                   --- 14,69                  
117        0          420        540        33180      960            960        1,00                    0,00                      
118        0          3840       0          737280     3840           3840       1,00                    0,00                      
119        0          3840       0          737280     3840           3840       1,00                    0,00                      
120        0          3840       0          737280     3840           3840       1,00                    0,00                      
121        0          3840       0          737280     3840           3840       1,00                    0,00                      
122        564        3036       240        715200     3840           3840       1,00                   --- 14,69                  
123        0          3840       0          737280     3840           3840       1,00                    0,00                      
124        0          3840       0          737280     3840           3840       1,00                    0,00                      
125        0          3780       60         733440     3840           3840       1,00                    0,00                      
126        0          3840       0          737280     3840           3840       1,00                    0,00                      
127        0          3840       0          737280     3840           3840       1,00                    0,00                      
128        0          2880       960        668640     3840           3840       1,00                    0,00                      
129        960        960        1920       584640     3840           3840       1,00                   ----- 25,00                
130        1920       1920       0          737280     3840           3840       1,00                   ---------- 50,00           
131        0          3840       0          737280     3840           3840       1,00                    0,00                      
132        720        3120       0          737280     3840           3840       1,00                   ---- 18,75                 
133        0          3840       0          737280     3840           3840       1,00                    0,00                      
134        0          3600       240        720480     3840           3840       1,00                    0,00                      
135        0          3840       0          737280     3840           3840       1,00                    0,00                      
136        0          3840       0          737280     3840           3840       1,00                    0,00                      
137        0          3840       0          737280     3840           3840       1,00                    0,00                      
138        0          3840       0          737280     3840           3840       1,00                    0,00                      
139        0          3840       0          737280     3840           3840       1,00                    0,00                      
140        0          3840       0          737280     3840           3840       1,00                    0,00                      
141        0          3840       0          737280     3840           3840       1,00                    0,00                      
142        0          60         0          180        60             60         1,00                    0,00                      
143        0          60         0          180        60             60         1,00                    0,00                      
144        0          60         0          180        60             60         1,00                    0,00                      
145        0          60         0          180        60             60         1,00                    0,00                      
146        0          20         0          20         20             20         1,00                    0,00                      
147        0          0          20         20         20             20         1,00                    0,00                      
148        0          20         0          20         20             20         1,00                    0,00                      
149        80         20         0          480        100            100        1,00                   ---------------- 80,00     
150        80         0          20         500        100            100        1,00                   ---------------- 80,00     
152        60         20         0          320        80             80         1,00                   --------------- 75,00      
153        40         40         0          320        80             80         1,00                   ---------- 50,00           
155        0          20         0          20         20             20         1,00                    0,00                      
156        40         20         0          180        60             60         1,00                   -------------- 66,67       
157        20         40         0          180        60             60         1,00                   ------- 33,33              
159        0          20         0          20         20             20         1,00                    0,00                      
160        20         20         0          80         40             40         1,00                   ---------- 50,00           
161        0          40         0          80         40             40         1,00                    0,00                      
163        0          20         0          20         20             20         1,00                    0,00                      
164        0          20         0          20         20             20         1,00                    0,00                      
165        0          40         0          80         40             40         1,00                    0,00                      
166        0          60         0          180        60             60         1,00                    0,00                      
167        0          80         0          320        80             80         1,00                    0,00                      
168        0          80         0          320        80             80         1,00                    0,00                      
169        320        80         0          7920       400            400        1,00                   ---------------- 80,00     
170        320        0          80         8000       400            400        1,00                   ---------------- 80,00     
172        0          320        0          5120       320            320        1,00                    0,00                      
173        80         240        0          5120       320            320        1,00                   ----- 25,00                
