contains the data for the random rates analysis graph.
SERN
random Rates : 0.001 0.002 0.005 0.009 0.01 0.02 0.05 0.09 0.1 0.2 0.5 0.9 
10 perturbation point
5 repetition of each point of each task
INV : Boolean Perturbator, Random Enactor, seed :32
20 string of 100 char
Random char generated with 23 as seed
RandomRate IndexLoc   #Success   #Failure   #Exception #Call      #Perturbation  %Success                   
0.001      22         100        0          0          900        0              NaN                        
0.002      22         100        0          0          900        0              NaN                        
0.005      22         100        0          0          894        2              -------------------- 100,00
0.009      22         98         1          1          885        4              -------------------- 98,00 
0.01       22         98         1          1          885        4              -------------------- 98,00 
0.02       22         95         4          1          816        18             ------------------- 95,00  
0.05       22         87         8          5          749        36             ------------------ 87,00   
0.09       22         80         14         6          621        60             ---------------- 80,00     
0.1        22         81         15         4          580        64             ----------------- 81,00    
0.2        22         62         36         2          401        88             ------------- 62,00        
0.5        22         27         73         0          198        100            ------ 27,00               
0.9        22         0          100        0          107        100             0,00                      
0.001      38         100        0          0          400        0              NaN                        
0.002      38         100        0          0          400        0              NaN                        
0.005      38         99         0          1          400        1              -------------------- 99,00 
0.009      38         98         1          1          397        2              -------------------- 98,00 
0.01       38         98         1          1          397        2              -------------------- 98,00 
0.02       38         92         5          3          389        8              ------------------- 92,00  
0.05       38         83         13         4          369        17             ----------------- 83,00    
0.09       38         63         28         9          334        37             ------------- 63,00        
0.1        38         60         30         10         330        40             ------------ 60,00         
0.2        38         35         48         17         299        65             ------- 35,00              
0.5        38         5          87         8          189        95             - 5,00                     
0.9        38         0          100        0          107        100             0,00                      
0.001      45         85         15         0          18868      18             ----------------- 85,00    
0.002      45         76         24         0          18513      29             ---------------- 76,00     
0.005      45         40         58         2          16754      80             -------- 40,00             
0.009      45         18         81         1          14541      137            ---- 18,00                 
0.01       45         16         83         1          14323      145            ---- 16,00                 
0.02       45         0          100        0          10619      223             0,00                      
0.05       45         0          99         1          6120       289             0,00                      
0.09       45         0          100        0          3253       300             0,00                      
0.1        45         0          100        0          2924       300             0,00                      
0.2        45         0          100        0          1427       300             0,00                      
0.5        45         0          100        0          561        300             0,00                      
0.9        45         0          100        0          337        300             0,00                      
0.001      51         82         0          18         17172      18             ----------------- 82,00    
0.002      51         72         0          28         16980      28             --------------- 72,00      
0.005      51         40         0          60         12953      60             -------- 40,00             
0.009      51         16         0          84         9106       84             ---- 16,00                 
0.01       51         14         0          86         8272       86             --- 14,00                  
0.02       51         0          0          100        4845       100             0,00                      
0.05       51         0          0          100        2175       100             0,00                      
0.09       51         0          0          100        992        100             0,00                      
0.1        51         0          0          100        859        100             0,00                      
0.2        51         0          0          100        437        100             0,00                      
0.5        51         0          0          100        198        100             0,00                      
0.9        51         0          0          100        107        100             0,00                      
0.001      75         85         15         0          18868      18             ----------------- 85,00    
0.002      75         76         24         0          18513      29             ---------------- 76,00     
0.005      75         40         58         2          16754      80             -------- 40,00             
0.009      75         18         81         1          14541      137            ---- 18,00                 
0.01       75         16         83         1          14323      145            ---- 16,00                 
0.02       75         0          100        0          10619      223             0,00                      
0.05       75         0          99         1          6120       289             0,00                      
0.09       75         0          100        0          3253       300             0,00                      
0.1        75         0          100        0          2924       300             0,00                      
0.2        75         0          100        0          1427       300             0,00                      
0.5        75         0          100        0          561        300             0,00                      
0.9        75         0          100        0          337        300             0,00                      
0.001      151        100        0          0          500        0              NaN                        
0.002      151        100        0          0          500        0              NaN                        
0.005      151        99         0          1          500        1              -------------------- 99,00 
0.009      151        98         1          1          499        2              -------------------- 98,00 
0.01       151        98         1          1          499        2              -------------------- 98,00 
0.02       151        90         8          2          481        10             ------------------ 90,00   
0.05       151        79         16         5          464        21             ---------------- 79,00     
0.09       151        58         32         10         414        42             ------------ 58,00         
0.1        151        54         34         12         409        46             ----------- 54,00          
0.2        151        28         64         8          328        72             ------ 28,00               
0.5        151        1          95         4          196        99             - 1,00                     
0.9        151        0          100        0          107        100             0,00                      
0.001      154        100        0          0          400        0              NaN                        
0.002      154        100        0          0          400        0              NaN                        
0.005      154        99         1          0          400        1              -------------------- 99,00 
0.009      154        98         2          0          400        2              -------------------- 98,00 
0.01       154        98         2          0          400        2              -------------------- 98,00 
0.02       154        93         7          0          400        8              ------------------- 93,00  
0.05       154        84         16         0          400        18             ----------------- 84,00    
0.09       154        65         35         0          400        41             ------------- 65,00        
0.1        154        61         39         0          400        45             ------------- 61,00        
0.2        154        36         64         0          400        87             -------- 36,00             
0.5        154        3          97         0          400        205            - 3,00                     
0.9        154        0          100        0          400        357             0,00                      
0.001      158        100        0          0          300        0              NaN                        
0.002      158        100        0          0          300        0              NaN                        
0.005      158        99         1          0          300        1              -------------------- 99,00 
0.009      158        98         2          0          300        2              -------------------- 98,00 
0.01       158        98         2          0          300        2              -------------------- 98,00 
0.02       158        93         7          0          300        7              ------------------- 93,00  
0.05       158        85         15         0          300        15             ----------------- 85,00    
0.09       158        70         30         0          300        34             -------------- 70,00       
0.1        158        67         33         0          300        37             -------------- 67,00       
0.2        158        47         53         0          300        65             ---------- 47,00           
0.5        158        11         89         0          300        151            --- 11,00                  
0.9        158        0          100        0          300        270             0,00                      
0.001      162        100        0          0          200        0              NaN                        
0.002      162        100        0          0          200        0              NaN                        
0.005      162        99         1          0          200        1              -------------------- 99,00 
0.009      162        99         1          0          200        1              -------------------- 99,00 
0.01       162        99         1          0          200        1              -------------------- 99,00 
0.02       162        96         4          0          200        4              -------------------- 96,00 
0.05       162        90         10         0          200        10             ------------------ 90,00   
0.09       162        79         21         0          200        22             ---------------- 79,00     
0.1        162        77         23         0          200        24             ---------------- 77,00     
0.2        162        61         39         0          200        41             ------------- 61,00        
0.5        162        19         81         0          200        101            ---- 19,00                 
0.9        162        2          98         0          200        179            - 2,00                     
0.001      171        99         1          0          1999       1              -------------------- 99,00 
0.002      171        97         3          0          1996       3              -------------------- 97,00 
0.005      171        91         6          3          1983       9              ------------------- 91,00  
0.009      171        83         15         2          1963       17             ----------------- 83,00    
0.01       171        82         16         2          1958       19             ----------------- 82,00    
0.02       171        66         30         4          1916       40             -------------- 66,00       
0.05       171        42         50         8          1838       83             --------- 42,00            
0.09       171        16         79         5          1685       152            ---- 16,00                 
0.1        171        12         84         4          1659       168            --- 12,00                  
0.2        171        1          94         5          1360       287            - 1,00                     
0.5        171        0          100        0          747        403             0,00                      
0.9        171        0          100        0          446        400             0,00                      
