aggregate data per location for random rate = 0.05 and with Magnitude = 50
Exploration Plus Magnitude
magnitude value : 1 5 10 25 50 100 
164 perturbation point
PM : Numerical Perturbator
20 string of 100 char
Random char generated with 23 as seed
IndexLoc   #Success   #Failure   #Exception #CallAllExecs      AvgCallPerExec     #Perturbations AvgPerturbationPerExec   #Execs     #Tasks     %Success                   
0          95         0          5          100                1,00               5              0,05                     100        20         ------------------- 95,00  
1          95         5          0          100                1,00               5              0,05                     100        20         ------------------- 95,00  
2          95         5          0          100                1,00               5              0,05                     100        20         ------------------- 95,00  
3          95         5          0          100                1,00               5              0,05                     100        20         ------------------- 95,00  
4          95         0          5          100                1,00               5              0,05                     100        20         ------------------- 95,00  
5          95         5          0          100                1,00               5              0,05                     100        20         ------------------- 95,00  
6          95         5          0          100                1,00               5              0,05                     100        20         ------------------- 95,00  
7          95         5          0          100                1,00               5              0,05                     100        20         ------------------- 95,00  
8          95         5          0          100                1,00               5              0,05                     100        20         ------------------- 95,00  
9          95         5          0          100                1,00               5              0,05                     100        20         ------------------- 95,00  
10         95         5          0          100                1,00               5              0,05                     100        20         ------------------- 95,00  
11         95         5          0          100                1,00               5              0,05                     100        20         ------------------- 95,00  
12         95         0          5          100                1,00               5              0,05                     100        20         ------------------- 95,00  
13         95         5          0          100                1,00               5              0,05                     100        20         ------------------- 95,00  
14         95         0          5          100                1,00               5              0,05                     100        20         ------------------- 95,00  
15         95         5          0          100                1,00               5              0,05                     100        20         ------------------- 95,00  
16         95         5          0          100                1,00               5              0,05                     100        20         ------------------- 95,00  
17         95         5          0          100                1,00               5              0,05                     100        20         ------------------- 95,00  
18         95         5          0          100                1,00               5              0,05                     100        20         ------------------- 95,00  
19         95         5          0          100                1,00               5              0,05                     100        20         ------------------- 95,00  
20         89         11         0          726                7,26               36             0,36                     100        20         ------------------ 89,00   
21         93         0          7          900                9,00               43             0,43                     100        20         ------------------- 93,00  
23         68         0          32         672                6,72               32             0,32                     100        20         -------------- 68,00       
24         70         0          30         697                6,97               30             0,30                     100        20         -------------- 70,00       
25         68         0          32         672                6,72               32             0,32                     100        20         -------------- 68,00       
26         68         0          32         672                6,72               32             0,32                     100        20         -------------- 68,00       
27         68         0          32         672                6,72               32             0,32                     100        20         -------------- 68,00       
28         68         32         0          800                8,00               34             0,34                     100        20         -------------- 68,00       
29         92         8          0          800                8,00               34             0,34                     100        20         ------------------- 92,00  
30         95         5          0          100                1,00               5              0,05                     100        20         ------------------- 95,00  
31         95         5          0          100                1,00               5              0,05                     100        20         ------------------- 95,00  
32         95         5          0          100                1,00               5              0,05                     100        20         ------------------- 95,00  
33         95         5          0          100                1,00               5              0,05                     100        20         ------------------- 95,00  
34         100        0          0          100                1,00               5              0,05                     100        20         -------------------- 100,00
35         95         5          0          100                1,00               5              0,05                     100        20         ------------------- 95,00  
36         90         10         0          382                3,82               14             0,14                     100        20         ------------------ 90,00   
37         92         0          8          400                4,00               20             0,20                     100        20         ------------------- 92,00  
39         81         0          19         289                2,89               19             0,19                     100        20         ----------------- 81,00    
40         87         0          13         292                2,92               16             0,16                     100        20         ------------------ 87,00   
41         87         5          8          300                3,00               14             0,14                     100        20         ------------------ 87,00   
42         88         12         0          300                3,00               12             0,12                     100        20         ------------------ 88,00   
43         0          100        0          10050              100,50             494            4,94                     100        20          0,00                      
44         81         0          19         18460              184,60             956            9,56                     100        20         ----------------- 81,00    
46         0          0          100        3974               39,74              192            1,92                     100        20          0,00                      
47         0          100        0          19200              192,00             939            9,39                     100        20          0,00                      
48         0          0          100        2096               20,96              100            1,00                     100        20          0,00                      
49         11         0          89         12153              121,53             607            6,07                     100        20         --- 11,00                  
50         12         0          88         16743              167,43             896            8,96                     100        20         --- 12,00                  
52         0          10         90         11880              118,80             548            5,48                     100        20          0,00                      
53         0          100        0          14950              149,50             742            7,42                     100        20          0,00                      
54         11         0          89         1646               16,46              89             0,89                     100        20         --- 11,00                  
55         18         0          82         2018               20,18              82             0,82                     100        20         ---- 18,00                 
56         11         0          89         1646               16,46              89             0,89                     100        20         --- 11,00                  
57         13         87         0          4250               42,50              203            2,03                     100        20         --- 13,00                  
58         0          100        0          19200              192,00             939            9,39                     100        20          0,00                      
59         0          100        0          19200              192,00             939            9,39                     100        20          0,00                      
60         12         88         0          19200              192,00             939            9,39                     100        20         --- 12,00                  
61         0          0          100        3974               39,74              192            1,92                     100        20          0,00                      
62         0          100        0          19200              192,00             939            9,39                     100        20          0,00                      
63         0          0          100        2096               20,96              100            1,00                     100        20          0,00                      
64         100        0          0          19200              192,00             939            9,39                     100        20         -------------------- 100,00
65         0          100        0          19200              192,00             939            9,39                     100        20          0,00                      
66         10         90         0          19200              192,00             939            9,39                     100        20         -- 10,00                   
67         10         90         0          19200              192,00             939            9,39                     100        20         -- 10,00                   
68         88         12         0          300                3,00               12             0,12                     100        20         ------------------ 88,00   
69         88         12         0          300                3,00               12             0,12                     100        20         ------------------ 88,00   
70         88         12         0          300                3,00               12             0,12                     100        20         ------------------ 88,00   
71         88         12         0          300                3,00               12             0,12                     100        20         ------------------ 88,00   
72         88         12         0          300                3,00               12             0,12                     100        20         ------------------ 88,00   
73         0          100        0          10050              100,50             494            4,94                     100        20          0,00                      
74         81         0          19         18460              184,60             956            9,56                     100        20         ----------------- 81,00    
76         0          0          100        3974               39,74              192            1,92                     100        20          0,00                      
77         0          0          100        3851               38,51              205            2,05                     100        20          0,00                      
78         0          0          100        1994               19,94              100            1,00                     100        20          0,00                      
79         100        0          0          19200              192,00             939            9,39                     100        20         -------------------- 100,00
80         0          10         90         5278               52,78              257            2,57                     100        20          0,00                      
81         0          0          100        3729               37,29              179            1,79                     100        20          0,00                      
82         17         83         0          4800               48,00              233            2,33                     100        20         ---- 17,00                 
83         13         87         0          4800               48,00              233            2,33                     100        20         --- 13,00                  
84         13         87         0          4800               48,00              233            2,33                     100        20         --- 13,00                  
85         15         85         0          4800               48,00              233            2,33                     100        20         --- 15,00                  
86         12         88         0          4800               48,00              233            2,33                     100        20         --- 12,00                  
87         13         87         0          4800               48,00              233            2,33                     100        20         --- 13,00                  
88         12         88         0          4800               48,00              233            2,33                     100        20         --- 12,00                  
89         18         82         0          4800               48,00              233            2,33                     100        20         ---- 18,00                 
90         14         86         0          4800               48,00              233            2,33                     100        20         --- 14,00                  
91         15         85         0          4800               48,00              233            2,33                     100        20         --- 15,00                  
92         15         85         0          4800               48,00              233            2,33                     100        20         --- 15,00                  
93         13         87         0          4800               48,00              233            2,33                     100        20         --- 13,00                  
94         15         85         0          4800               48,00              233            2,33                     100        20         --- 15,00                  
95         21         79         0          4800               48,00              233            2,33                     100        20         ----- 21,00                
96         16         84         0          4800               48,00              233            2,33                     100        20         ---- 16,00                 
97         16         84         0          4800               48,00              233            2,33                     100        20         ---- 16,00                 
98         16         84         0          4800               48,00              233            2,33                     100        20         ---- 16,00                 
99         12         15         73         2301               23,01              106            1,06                     100        20         --- 12,00                  
100        12         88         0          4800               48,00              233            2,33                     100        20         --- 12,00                  
101        12         88         0          4800               48,00              233            2,33                     100        20         --- 12,00                  
102        12         88         0          4800               48,00              233            2,33                     100        20         --- 12,00                  
103        12         88         0          4800               48,00              233            2,33                     100        20         --- 12,00                  
104        13         87         0          4800               48,00              233            2,33                     100        20         --- 13,00                  
105        20         80         0          4800               48,00              233            2,33                     100        20         ---- 20,00                 
106        16         84         0          4800               48,00              233            2,33                     100        20         ---- 16,00                 
107        16         84         0          4800               48,00              233            2,33                     100        20         ---- 16,00                 
108        16         84         0          4800               48,00              233            2,33                     100        20         ---- 16,00                 
109        10         18         72         2434               24,34              112            1,12                     100        20         -- 10,00                   
110        12         88         0          4800               48,00              233            2,33                     100        20         --- 12,00                  
111        12         88         0          4800               48,00              233            2,33                     100        20         --- 12,00                  
112        13         87         0          4800               48,00              233            2,33                     100        20         --- 13,00                  
113        12         88         0          4800               48,00              233            2,33                     100        20         --- 12,00                  
114        16         84         0          4800               48,00              233            2,33                     100        20         ---- 16,00                 
115        21         79         0          4800               48,00              233            2,33                     100        20         ----- 21,00                
116        17         83         0          4800               48,00              233            2,33                     100        20         ---- 17,00                 
117        11         25         64         2618               26,18              127            1,27                     100        20         --- 11,00                  
118        0          100        0          19200              192,00             939            9,39                     100        20          0,00                      
119        0          100        0          19200              192,00             939            9,39                     100        20          0,00                      
120        0          100        0          19200              192,00             939            9,39                     100        20          0,00                      
121        0          100        0          19200              192,00             939            9,39                     100        20          0,00                      
122        0          0          100        2072               20,72              100            1,00                     100        20          0,00                      
123        0          100        0          19200              192,00             939            9,39                     100        20          0,00                      
124        0          100        0          19200              192,00             939            9,39                     100        20          0,00                      
125        0          0          100        3974               39,74              192            1,92                     100        20          0,00                      
126        0          100        0          19200              192,00             939            9,39                     100        20          0,00                      
127        0          100        0          19200              192,00             939            9,39                     100        20          0,00                      
128        0          0          100        1994               19,94              100            1,00                     100        20          0,00                      
129        0          0          100        3989               39,89              202            2,02                     100        20          0,00                      
130        0          0          100        1519               15,19              100            1,00                     100        20          0,00                      
131        0          100        0          19200              192,00             939            9,39                     100        20          0,00                      
132        0          0          100        3500               35,00              190            1,90                     100        20          0,00                      
133        0          0          100        2056               20,56              100            1,00                     100        20          0,00                      
134        0          0          100        2129               21,29              100            1,00                     100        20          0,00                      
135        0          100        0          19200              192,00             939            9,39                     100        20          0,00                      
136        0          100        0          19200              192,00             939            9,39                     100        20          0,00                      
137        0          100        0          19200              192,00             939            9,39                     100        20          0,00                      
138        0          100        0          19200              192,00             939            9,39                     100        20          0,00                      
139        0          100        0          19200              192,00             939            9,39                     100        20          0,00                      
140        0          100        0          19200              192,00             939            9,39                     100        20          0,00                      
141        0          100        0          19200              192,00             939            9,39                     100        20          0,00                      
142        88         12         0          300                3,00               12             0,12                     100        20         ------------------ 88,00   
143        88         12         0          300                3,00               12             0,12                     100        20         ------------------ 88,00   
144        88         12         0          300                3,00               12             0,12                     100        20         ------------------ 88,00   
145        88         12         0          300                3,00               12             0,12                     100        20         ------------------ 88,00   
146        95         5          0          100                1,00               5              0,05                     100        20         ------------------- 95,00  
147        95         0          5          100                1,00               5              0,05                     100        20         ------------------- 95,00  
148        95         5          0          100                1,00               5              0,05                     100        20         ------------------- 95,00  
149        82         18         0          461                4,61               22             0,22                     100        20         ----------------- 82,00    
150        96         0          4          500                5,00               25             0,25                     100        20         -------------------- 96,00 
152        96         4          0          400                4,00               20             0,20                     100        20         -------------------- 96,00 
153        96         4          0          400                4,00               20             0,20                     100        20         -------------------- 96,00 
155        95         5          0          100                1,00               5              0,05                     100        20         ------------------- 95,00  
156        98         2          0          300                3,00               12             0,12                     100        20         -------------------- 98,00 
157        98         2          0          300                3,00               12             0,12                     100        20         -------------------- 98,00 
159        95         5          0          100                1,00               5              0,05                     100        20         ------------------- 95,00  
160        89         11         0          200                2,00               12             0,12                     100        20         ------------------ 89,00   
161        89         11         0          200                2,00               12             0,12                     100        20         ------------------ 89,00   
163        95         5          0          100                1,00               5              0,05                     100        20         ------------------- 95,00  
164        95         5          0          100                1,00               5              0,05                     100        20         ------------------- 95,00  
165        88         12         0          200                2,00               12             0,12                     100        20         ------------------ 88,00   
166        88         12         0          300                3,00               12             0,12                     100        20         ------------------ 88,00   
167        83         17         0          400                4,00               20             0,20                     100        20         ----------------- 83,00    
168        83         17         0          400                4,00               20             0,20                     100        20         ----------------- 83,00    
169        39         61         0          1787               17,87              99             0,99                     100        20         -------- 39,00             
170        76         0          24         2000               20,00              98             0,98                     100        20         ---------------- 76,00     
172        38         62         0          1600               16,00              87             0,87                     100        20         -------- 38,00             
173        54         46         0          1600               16,00              87             0,87                     100        20         ----------- 54,00          
