aggregate data per location for random rate = 0.01 and with Magnitude = 10
Exploration Plus Magnitude
magnitude value : 1 5 10 25 50 100 
164 perturbation point
PM : Numerical Perturbator
20 string of 100 char
Random char generated with 23 as seed
IndexLoc   #Success   #Failure   #Exception #CallAllExecs      AvgCallPerExec     #Perturbations AvgPerturbationPerExec   #Execs     #Tasks     %Success                   
0          100        0          0          100                1,00               0              0,00                     100        20         NaN                        
1          100        0          0          100                1,00               0              0,00                     100        20         NaN                        
2          100        0          0          100                1,00               0              0,00                     100        20         NaN                        
3          100        0          0          100                1,00               0              0,00                     100        20         NaN                        
4          100        0          0          100                1,00               0              0,00                     100        20         NaN                        
5          100        0          0          100                1,00               0              0,00                     100        20         NaN                        
6          100        0          0          100                1,00               0              0,00                     100        20         NaN                        
7          100        0          0          100                1,00               0              0,00                     100        20         NaN                        
8          100        0          0          100                1,00               0              0,00                     100        20         NaN                        
9          100        0          0          100                1,00               0              0,00                     100        20         NaN                        
10         100        0          0          100                1,00               0              0,00                     100        20         NaN                        
11         100        0          0          100                1,00               0              0,00                     100        20         NaN                        
12         100        0          0          100                1,00               0              0,00                     100        20         NaN                        
13         100        0          0          100                1,00               0              0,00                     100        20         NaN                        
14         100        0          0          100                1,00               0              0,00                     100        20         NaN                        
15         100        0          0          100                1,00               0              0,00                     100        20         NaN                        
16         100        0          0          100                1,00               0              0,00                     100        20         NaN                        
17         100        0          0          100                1,00               0              0,00                     100        20         NaN                        
18         100        0          0          100                1,00               0              0,00                     100        20         NaN                        
19         100        0          0          100                1,00               0              0,00                     100        20         NaN                        
20         98         2          0          869                8,69               10             0,10                     100        20         -------------------- 98,00 
21         97         0          3          900                9,00               10             0,10                     100        20         -------------------- 97,00 
23         93         0          7          772                7,72               7              0,07                     100        20         ------------------- 93,00  
24         97         3          0          800                8,00               14             0,14                     100        20         -------------------- 97,00 
25         93         0          7          772                7,72               7              0,07                     100        20         ------------------- 93,00  
26         93         0          7          772                7,72               7              0,07                     100        20         ------------------- 93,00  
27         93         0          7          772                7,72               7              0,07                     100        20         ------------------- 93,00  
28         90         10         0          800                8,00               10             0,10                     100        20         ------------------ 90,00   
29         100        0          0          800                8,00               10             0,10                     100        20         -------------------- 100,00
30         100        0          0          100                1,00               0              0,00                     100        20         NaN                        
31         100        0          0          100                1,00               0              0,00                     100        20         NaN                        
32         100        0          0          100                1,00               0              0,00                     100        20         NaN                        
33         100        0          0          100                1,00               0              0,00                     100        20         NaN                        
34         100        0          0          100                1,00               0              0,00                     100        20         NaN                        
35         100        0          0          100                1,00               0              0,00                     100        20         NaN                        
36         94         6          0          386                3,86               8              0,08                     100        20         ------------------- 94,00  
37         99         0          1          400                4,00               4              0,04                     100        20         -------------------- 99,00 
39         98         0          2          300                3,00               2              0,02                     100        20         -------------------- 98,00 
40         99         0          1          300                3,00               1              0,01                     100        20         -------------------- 99,00 
41         99         0          1          300                3,00               1              0,01                     100        20         -------------------- 99,00 
42         99         1          0          300                3,00               1              0,01                     100        20         -------------------- 99,00 
43         74         26         0          19335              193,35             191            1,91                     100        20         --------------- 74,00      
44         96         0          4          19110              191,10             214            2,14                     100        20         -------------------- 96,00 
46         12         54         34         16541              165,41             160            1,60                     100        20         --- 12,00                  
47         15         85         0          19200              192,00             202            2,02                     100        20         --- 15,00                  
48         15         13         72         11684              116,84             118            1,18                     100        20         --- 15,00                  
49         90         0          10         18706              187,06             171            1,71                     100        20         ------------------ 90,00   
50         89         0          11         18758              187,58             191            1,91                     100        20         ------------------ 89,00   
52         24         71         5          14923              149,23             173            1,73                     100        20         ----- 24,00                
53         21         79         0          14950              149,50             143            1,43                     100        20         ----- 21,00                
54         88         1          11         4195               41,95              37             0,37                     100        20         ------------------ 88,00   
55         88         2          10         3874               38,74              32             0,32                     100        20         ------------------ 88,00   
56         88         1          11         4195               41,95              37             0,37                     100        20         ------------------ 88,00   
57         56         44         0          4250               42,50              53             0,53                     100        20         ------------ 56,00         
58         14         86         0          19200              192,00             202            2,02                     100        20         --- 14,00                  
59         17         83         0          19200              192,00             202            2,02                     100        20         ---- 17,00                 
60         66         34         0          19200              192,00             202            2,02                     100        20         -------------- 66,00       
61         21         45         34         16541              165,41             160            1,60                     100        20         ----- 21,00                
62         24         76         0          19200              192,00             202            2,02                     100        20         ----- 24,00                
63         19         9          72         11684              116,84             118            1,18                     100        20         ---- 19,00                 
64         100        0          0          19200              192,00             202            2,02                     100        20         -------------------- 100,00
65         26         74         0          19200              192,00             202            2,02                     100        20         ------ 26,00               
66         64         36         0          19200              192,00             202            2,02                     100        20         ------------- 64,00        
67         64         36         0          19200              192,00             202            2,02                     100        20         ------------- 64,00        
68         99         1          0          300                3,00               1              0,01                     100        20         -------------------- 99,00 
69         99         1          0          300                3,00               1              0,01                     100        20         -------------------- 99,00 
70         99         1          0          300                3,00               1              0,01                     100        20         -------------------- 99,00 
71         99         1          0          300                3,00               1              0,01                     100        20         -------------------- 99,00 
72         99         1          0          300                3,00               1              0,01                     100        20         -------------------- 99,00 
73         74         26         0          19335              193,35             191            1,91                     100        20         --------------- 74,00      
74         96         0          4          19110              191,10             214            2,14                     100        20         -------------------- 96,00 
76         30         36         34         16541              165,41             160            1,60                     100        20         ------ 30,00               
77         22         0          78         10269              102,69             119            1,19                     100        20         ----- 22,00                
78         13         0          87         8580               85,80              87             0,87                     100        20         --- 13,00                  
79         100        0          0          19200              192,00             202            2,02                     100        20         -------------------- 100,00
80         20         56         24         16089              160,89             156            1,56                     100        20         ---- 20,00                 
81         18         9          73         11343              113,43             104            1,04                     100        20         ---- 18,00                 
82         69         31         0          4800               48,00              54             0,54                     100        20         -------------- 69,00       
83         60         40         0          4800               48,00              54             0,54                     100        20         ------------ 60,00         
84         61         39         0          4800               48,00              54             0,54                     100        20         ------------- 61,00        
85         68         32         0          4800               48,00              54             0,54                     100        20         -------------- 68,00       
86         61         39         0          4800               48,00              54             0,54                     100        20         ------------- 61,00        
87         61         39         0          4800               48,00              54             0,54                     100        20         ------------- 61,00        
88         62         38         0          4800               48,00              54             0,54                     100        20         ------------- 62,00        
89         64         36         0          4800               48,00              54             0,54                     100        20         ------------- 64,00        
90         60         40         0          4800               48,00              54             0,54                     100        20         ------------ 60,00         
91         65         35         0          4800               48,00              54             0,54                     100        20         ------------- 65,00        
92         66         34         0          4800               48,00              54             0,54                     100        20         -------------- 66,00       
93         63         37         0          4800               48,00              54             0,54                     100        20         ------------- 63,00        
94         62         38         0          4800               48,00              54             0,54                     100        20         ------------- 62,00        
95         68         32         0          4800               48,00              54             0,54                     100        20         -------------- 68,00       
96         61         39         0          4800               48,00              54             0,54                     100        20         ------------- 61,00        
97         61         39         0          4800               48,00              54             0,54                     100        20         ------------- 61,00        
98         61         39         0          4800               48,00              54             0,54                     100        20         ------------- 61,00        
99         64         8          28         4050               40,50              41             0,41                     100        20         ------------- 64,00        
100        60         40         0          4800               48,00              54             0,54                     100        20         ------------ 60,00         
101        60         40         0          4800               48,00              54             0,54                     100        20         ------------ 60,00         
102        60         40         0          4800               48,00              54             0,54                     100        20         ------------ 60,00         
103        60         40         0          4800               48,00              54             0,54                     100        20         ------------ 60,00         
104        62         38         0          4800               48,00              54             0,54                     100        20         ------------- 62,00        
105        67         33         0          4800               48,00              54             0,54                     100        20         -------------- 67,00       
106        61         39         0          4800               48,00              54             0,54                     100        20         ------------- 61,00        
107        61         39         0          4800               48,00              54             0,54                     100        20         ------------- 61,00        
108        61         39         0          4800               48,00              54             0,54                     100        20         ------------- 61,00        
109        69         16         15         4478               44,78              42             0,42                     100        20         -------------- 69,00       
110        60         40         0          4800               48,00              54             0,54                     100        20         ------------ 60,00         
111        66         34         0          4800               48,00              54             0,54                     100        20         -------------- 66,00       
112        67         33         0          4800               48,00              54             0,54                     100        20         -------------- 67,00       
113        60         40         0          4800               48,00              54             0,54                     100        20         ------------ 60,00         
114        60         40         0          4800               48,00              54             0,54                     100        20         ------------ 60,00         
115        66         34         0          4800               48,00              54             0,54                     100        20         -------------- 66,00       
116        61         39         0          4800               48,00              54             0,54                     100        20         ------------- 61,00        
117        70         7          23         4278               42,78              38             0,38                     100        20         -------------- 70,00       
118        14         86         0          19200              192,00             202            2,02                     100        20         --- 14,00                  
119        14         86         0          19200              192,00             202            2,02                     100        20         --- 14,00                  
120        14         86         0          19200              192,00             202            2,02                     100        20         --- 14,00                  
121        14         86         0          19200              192,00             202            2,02                     100        20         --- 14,00                  
122        18         9          73         11657              116,57             106            1,06                     100        20         ---- 18,00                 
123        14         86         0          19200              192,00             202            2,02                     100        20         --- 14,00                  
124        14         86         0          19200              192,00             202            2,02                     100        20         --- 14,00                  
125        11         55         34         16541              165,41             160            1,60                     100        20         --- 11,00                  
126        14         86         0          19200              192,00             202            2,02                     100        20         --- 14,00                  
127        14         86         0          19200              192,00             202            2,02                     100        20         --- 14,00                  
128        13         0          87         8580               85,80              87             0,87                     100        20         --- 13,00                  
129        25         0          75         10721              107,21             105            1,05                     100        20         ----- 25,00                
130        12         19         69         12974              129,74             128            1,28                     100        20         --- 12,00                  
131        14         86         0          19200              192,00             202            2,02                     100        20         --- 14,00                  
132        25         75         0          19200              192,00             199            1,99                     100        20         ----- 25,00                
133        12         88         0          19200              192,00             219            2,19                     100        20         --- 12,00                  
134        14         12         74         11711              117,11             115            1,15                     100        20         --- 14,00                  
135        14         86         0          19200              192,00             202            2,02                     100        20         --- 14,00                  
136        14         86         0          19200              192,00             202            2,02                     100        20         --- 14,00                  
137        14         86         0          19200              192,00             202            2,02                     100        20         --- 14,00                  
138        14         86         0          19200              192,00             202            2,02                     100        20         --- 14,00                  
139        14         86         0          19200              192,00             202            2,02                     100        20         --- 14,00                  
140        14         86         0          19200              192,00             202            2,02                     100        20         --- 14,00                  
141        14         86         0          19200              192,00             202            2,02                     100        20         --- 14,00                  
142        99         1          0          300                3,00               1              0,01                     100        20         -------------------- 99,00 
143        99         1          0          300                3,00               1              0,01                     100        20         -------------------- 99,00 
144        99         1          0          300                3,00               1              0,01                     100        20         -------------------- 99,00 
145        99         1          0          300                3,00               1              0,01                     100        20         -------------------- 99,00 
146        100        0          0          100                1,00               0              0,00                     100        20         NaN                        
147        100        0          0          100                1,00               0              0,00                     100        20         NaN                        
148        100        0          0          100                1,00               0              0,00                     100        20         NaN                        
149        96         4          0          491                4,91               5              0,05                     100        20         -------------------- 96,00 
150        97         0          3          500                5,00               5              0,05                     100        20         -------------------- 97,00 
152        97         3          0          400                4,00               4              0,04                     100        20         -------------------- 97,00 
153        97         3          0          400                4,00               4              0,04                     100        20         -------------------- 97,00 
155        100        0          0          100                1,00               0              0,00                     100        20         NaN                        
156        100        0          0          300                3,00               1              0,01                     100        20         -------------------- 100,00
157        100        0          0          300                3,00               1              0,01                     100        20         -------------------- 100,00
159        100        0          0          100                1,00               0              0,00                     100        20         NaN                        
160        99         1          0          200                2,00               1              0,01                     100        20         -------------------- 99,00 
161        99         1          0          200                2,00               1              0,01                     100        20         -------------------- 99,00 
163        100        0          0          100                1,00               0              0,00                     100        20         NaN                        
164        100        0          0          100                1,00               0              0,00                     100        20         NaN                        
165        99         1          0          200                2,00               1              0,01                     100        20         -------------------- 99,00 
166        99         1          0          300                3,00               1              0,01                     100        20         -------------------- 99,00 
167        96         4          0          400                4,00               4              0,04                     100        20         -------------------- 96,00 
168        96         4          0          400                4,00               4              0,04                     100        20         -------------------- 96,00 
169        85         15         0          1958               19,58              21             0,21                     100        20         ----------------- 85,00    
170        97         0          3          2000               20,00              20             0,20                     100        20         -------------------- 97,00 
172        88         12         0          1600               16,00              12             0,12                     100        20         ------------------ 88,00   
173        89         11         0          1600               16,00              12             0,12                     100        20         ------------------ 89,00   
