aggregate data per location for random rate = 0.1 and with Magnitude = 1
Exploration Plus Magnitude
magnitude value : 1 5 10 25 50 100 
164 perturbation point
PM : Numerical Perturbator
20 string of 100 char
Random char generated with 23 as seed
IndexLoc   #Success   #Failure   #Exception #CallAllExecs      AvgCallPerExec     #Perturbations AvgPerturbationPerExec   #Execs     #Tasks     %Success                   
0          93         0          7          100                1,00               7              0,07                     100        20         ------------------- 93,00  
1          100        0          0          100                1,00               7              0,07                     100        20         -------------------- 100,00
2          100        0          0          100                1,00               7              0,07                     100        20         -------------------- 100,00
3          100        0          0          100                1,00               7              0,07                     100        20         -------------------- 100,00
4          93         0          7          100                1,00               7              0,07                     100        20         ------------------- 93,00  
5          93         7          0          100                1,00               7              0,07                     100        20         ------------------- 93,00  
6          93         7          0          100                1,00               7              0,07                     100        20         ------------------- 93,00  
7          93         7          0          100                1,00               7              0,07                     100        20         ------------------- 93,00  
8          93         7          0          100                1,00               7              0,07                     100        20         ------------------- 93,00  
9          93         7          0          100                1,00               7              0,07                     100        20         ------------------- 93,00  
10         93         7          0          100                1,00               7              0,07                     100        20         ------------------- 93,00  
11         93         7          0          100                1,00               7              0,07                     100        20         ------------------- 93,00  
12         93         0          7          100                1,00               7              0,07                     100        20         ------------------- 93,00  
13         93         7          0          100                1,00               7              0,07                     100        20         ------------------- 93,00  
14         93         7          0          100                1,00               7              0,07                     100        20         ------------------- 93,00  
15         93         7          0          100                1,00               7              0,07                     100        20         ------------------- 93,00  
16         93         7          0          100                1,00               7              0,07                     100        20         ------------------- 93,00  
17         93         7          0          100                1,00               7              0,07                     100        20         ------------------- 93,00  
18         93         7          0          100                1,00               7              0,07                     100        20         ------------------- 93,00  
19         93         7          0          100                1,00               7              0,07                     100        20         ------------------- 93,00  
20         100        0          0          893                8,93               82             0,82                     100        20         -------------------- 100,00
21         92         0          8          900                9,00               96             0,96                     100        20         ------------------- 92,00  
23         73         22         5          800                8,00               64             0,64                     100        20         --------------- 73,00      
24         71         29         0          800                8,00               89             0,89                     100        20         --------------- 71,00      
25         73         22         5          800                8,00               64             0,64                     100        20         --------------- 73,00      
26         73         22         5          800                8,00               64             0,64                     100        20         --------------- 73,00      
27         73         22         5          800                8,00               64             0,64                     100        20         --------------- 73,00      
28         42         58         0          800                8,00               84             0,84                     100        20         --------- 42,00            
29         87         13         0          800                8,00               84             0,84                     100        20         ------------------ 87,00   
30         93         7          0          100                1,00               7              0,07                     100        20         ------------------- 93,00  
31         93         7          0          100                1,00               7              0,07                     100        20         ------------------- 93,00  
32         93         7          0          100                1,00               7              0,07                     100        20         ------------------- 93,00  
33         93         7          0          100                1,00               7              0,07                     100        20         ------------------- 93,00  
34         100        0          0          100                1,00               7              0,07                     100        20         -------------------- 100,00
35         93         7          0          100                1,00               7              0,07                     100        20         ------------------- 93,00  
36         99         1          0          399                3,99               33             0,33                     100        20         -------------------- 99,00 
37         91         0          9          400                4,00               43             0,43                     100        20         ------------------- 91,00  
39         74         15         11         300                3,00               28             0,28                     100        20         --------------- 74,00      
40         83         5          12         300                3,00               29             0,29                     100        20         ----------------- 83,00    
41         75         18         7          300                3,00               27             0,27                     100        20         --------------- 75,00      
42         75         25         0          300                3,00               27             0,27                     100        20         --------------- 75,00      
43         76         24         0          19476              194,76             1970           19,70                    100        20         ---------------- 76,00     
44         76         0          24         17745              177,45             1778           17,78                    100        20         ---------------- 76,00     
46         0          72         28         17216              172,16             1721           17,21                    100        20          0,00                      
47         0          100        0          19200              192,00             1944           19,44                    100        20          0,00                      
48         0          25         75         13056              130,56             1320           13,20                    100        20          0,00                      
49         90         0          10         18781              187,81             1932           19,32                    100        20         ------------------ 90,00   
50         87         0          13         18657              186,57             1899           18,99                    100        20         ------------------ 87,00   
52         0          93         7          14950              149,50             1559           15,59                    100        20          0,00                      
53         0          100        0          14950              149,50             1506           15,06                    100        20          0,00                      
54         60         25         15         4250               42,50              419            4,19                     100        20         ------------ 60,00         
55         47         38         15         3620               36,20              376            3,76                     100        20         ---------- 47,00           
56         60         25         15         4250               42,50              419            4,19                     100        20         ------------ 60,00         
57         1          99         0          4250               42,50              410            4,10                     100        20         - 1,00                     
58         0          100        0          19200              192,00             1944           19,44                    100        20          0,00                      
59         0          100        0          19200              192,00             1944           19,44                    100        20          0,00                      
60         4          96         0          19200              192,00             1944           19,44                    100        20         - 4,00                     
61         0          72         28         17216              172,16             1721           17,21                    100        20          0,00                      
62         0          100        0          19200              192,00             1944           19,44                    100        20          0,00                      
63         0          25         75         13056              130,56             1320           13,20                    100        20          0,00                      
64         100        0          0          19200              192,00             1944           19,44                    100        20         -------------------- 100,00
65         0          100        0          19200              192,00             1944           19,44                    100        20          0,00                      
66         0          100        0          19200              192,00             1944           19,44                    100        20          0,00                      
67         0          100        0          19200              192,00             1944           19,44                    100        20          0,00                      
68         75         25         0          300                3,00               27             0,27                     100        20         --------------- 75,00      
69         75         25         0          300                3,00               27             0,27                     100        20         --------------- 75,00      
70         75         25         0          300                3,00               27             0,27                     100        20         --------------- 75,00      
71         75         25         0          300                3,00               27             0,27                     100        20         --------------- 75,00      
72         75         25         0          300                3,00               27             0,27                     100        20         --------------- 75,00      
73         76         24         0          19476              194,76             1970           19,70                    100        20         ---------------- 76,00     
74         76         0          24         17745              177,45             1778           17,78                    100        20         ---------------- 76,00     
76         26         46         28         17216              172,16             1721           17,21                    100        20         ------ 26,00               
77         0          1          99         3826               38,26              381            3,81                     100        20          0,00                      
78         0          2          98         7243               72,43              725            7,25                     100        20          0,00                      
79         100        0          0          19200              192,00             1944           19,44                    100        20         -------------------- 100,00
80         0          68         32         14912              149,12             1486           14,86                    100        20          0,00                      
81         0          1          99         6838               68,38              675            6,75                     100        20          0,00                      
82         10         90         0          4800               48,00              489            4,89                     100        20         -- 10,00                   
83         3          97         0          4800               48,00              489            4,89                     100        20         - 3,00                     
84         3          97         0          4800               48,00              489            4,89                     100        20         - 3,00                     
85         5          95         0          4800               48,00              489            4,89                     100        20         - 5,00                     
86         2          98         0          4800               48,00              489            4,89                     100        20         - 2,00                     
87         2          98         0          4800               48,00              489            4,89                     100        20         - 2,00                     
88         4          96         0          4800               48,00              489            4,89                     100        20         - 4,00                     
89         8          92         0          4800               48,00              489            4,89                     100        20         -- 8,00                    
90         2          98         0          4800               48,00              489            4,89                     100        20         - 2,00                     
91         2          98         0          4800               48,00              489            4,89                     100        20         - 2,00                     
92         5          95         0          4800               48,00              489            4,89                     100        20         - 5,00                     
93         3          97         0          4800               48,00              489            4,89                     100        20         - 3,00                     
94         1          99         0          4800               48,00              489            4,89                     100        20         - 1,00                     
95         2          98         0          4800               48,00              489            4,89                     100        20         - 2,00                     
96         1          99         0          4800               48,00              489            4,89                     100        20         - 1,00                     
97         1          99         0          4800               48,00              489            4,89                     100        20         - 1,00                     
98         1          99         0          4800               48,00              489            4,89                     100        20         - 1,00                     
99         1          3          96         1551               15,51              162            1,62                     100        20         - 1,00                     
100        1          99         0          4800               48,00              489            4,89                     100        20         - 1,00                     
101        1          99         0          4800               48,00              489            4,89                     100        20         - 1,00                     
102        1          99         0          4800               48,00              489            4,89                     100        20         - 1,00                     
103        1          99         0          4800               48,00              489            4,89                     100        20         - 1,00                     
104        1          99         0          4800               48,00              489            4,89                     100        20         - 1,00                     
105        2          98         0          4800               48,00              489            4,89                     100        20         - 2,00                     
106        1          99         0          4800               48,00              489            4,89                     100        20         - 1,00                     
107        1          99         0          4800               48,00              489            4,89                     100        20         - 1,00                     
108        1          99         0          4800               48,00              489            4,89                     100        20         - 1,00                     
109        1          14         85         2200               22,00              233            2,33                     100        20         - 1,00                     
110        1          99         0          4800               48,00              489            4,89                     100        20         - 1,00                     
111        6          94         0          4800               48,00              489            4,89                     100        20         -- 6,00                    
112        3          97         0          4800               48,00              489            4,89                     100        20         - 3,00                     
113        1          99         0          4800               48,00              489            4,89                     100        20         - 1,00                     
114        1          99         0          4800               48,00              489            4,89                     100        20         - 1,00                     
115        2          98         0          4800               48,00              489            4,89                     100        20         - 2,00                     
116        1          99         0          4800               48,00              489            4,89                     100        20         - 1,00                     
117        0          6          94         1414               14,14              153            1,53                     100        20          0,00                      
118        0          100        0          19200              192,00             1944           19,44                    100        20          0,00                      
119        0          100        0          19200              192,00             1944           19,44                    100        20          0,00                      
120        0          100        0          19200              192,00             1944           19,44                    100        20          0,00                      
121        0          100        0          19200              192,00             1944           19,44                    100        20          0,00                      
122        0          23         77         10538              105,38             1065           10,65                    100        20          0,00                      
123        0          100        0          19200              192,00             1944           19,44                    100        20          0,00                      
124        0          100        0          19200              192,00             1944           19,44                    100        20          0,00                      
125        0          72         28         17216              172,16             1721           17,21                    100        20          0,00                      
126        0          100        0          19200              192,00             1944           19,44                    100        20          0,00                      
127        0          100        0          19200              192,00             1944           19,44                    100        20          0,00                      
128        0          2          98         7243               72,43              725            7,25                     100        20          0,00                      
129        0          0          100        4494               44,94              471            4,71                     100        20          0,00                      
130        0          100        0          19200              192,00             1859           18,59                    100        20          0,00                      
131        0          100        0          19200              192,00             1944           19,44                    100        20          0,00                      
132        0          100        0          19200              192,00             1872           18,72                    100        20          0,00                      
133        0          100        0          19200              192,00             1966           19,66                    100        20          0,00                      
134        0          30         70         13076              130,76             1362           13,62                    100        20          0,00                      
135        0          100        0          19200              192,00             1944           19,44                    100        20          0,00                      
136        0          100        0          19200              192,00             1944           19,44                    100        20          0,00                      
137        0          100        0          19200              192,00             1944           19,44                    100        20          0,00                      
138        0          100        0          19200              192,00             1944           19,44                    100        20          0,00                      
139        0          100        0          19200              192,00             1944           19,44                    100        20          0,00                      
140        0          100        0          19200              192,00             1944           19,44                    100        20          0,00                      
141        0          100        0          19200              192,00             1944           19,44                    100        20          0,00                      
142        75         25         0          300                3,00               27             0,27                     100        20         --------------- 75,00      
143        75         25         0          300                3,00               27             0,27                     100        20         --------------- 75,00      
144        75         25         0          300                3,00               27             0,27                     100        20         --------------- 75,00      
145        75         25         0          300                3,00               27             0,27                     100        20         --------------- 75,00      
146        93         7          0          100                1,00               7              0,07                     100        20         ------------------- 93,00  
147        93         0          7          100                1,00               7              0,07                     100        20         ------------------- 93,00  
148        93         7          0          100                1,00               7              0,07                     100        20         ------------------- 93,00  
149        94         6          0          494                4,94               41             0,41                     100        20         ------------------- 94,00  
150        88         0          12         500                5,00               47             0,47                     100        20         ------------------ 88,00   
152        88         12         0          400                4,00               43             0,43                     100        20         ------------------ 88,00   
153        81         19         0          400                4,00               43             0,43                     100        20         ----------------- 81,00    
155        93         7          0          100                1,00               7              0,07                     100        20         ------------------- 93,00  
156        91         9          0          300                3,00               27             0,27                     100        20         ------------------- 91,00  
157        85         15         0          300                3,00               27             0,27                     100        20         ----------------- 85,00    
159        93         7          0          100                1,00               7              0,07                     100        20         ------------------- 93,00  
160        87         13         0          200                2,00               19             0,19                     100        20         ------------------ 87,00   
161        84         16         0          200                2,00               19             0,19                     100        20         ----------------- 84,00    
163        93         7          0          100                1,00               7              0,07                     100        20         ------------------- 93,00  
164        93         7          0          100                1,00               7              0,07                     100        20         ------------------- 93,00  
165        84         16         0          200                2,00               19             0,19                     100        20         ----------------- 84,00    
166        75         25         0          300                3,00               27             0,27                     100        20         --------------- 75,00      
167        64         36         0          400                4,00               43             0,43                     100        20         ------------- 64,00        
168        64         36         0          400                4,00               43             0,43                     100        20         ------------- 64,00        
169        76         24         0          1971               19,71              195            1,95                     100        20         ---------------- 76,00     
170        57         0          43         2000               20,00              205            2,05                     100        20         ------------ 57,00         
172        17         83         0          1600               16,00              170            1,70                     100        20         ---- 17,00                 
173        29         71         0          1600               16,00              170            1,70                     100        20         ------ 29,00               
