aggregate data per location for random rate = 0.5 and with Magnitude = 5
Exploration Plus Magnitude
magnitude value : 1 5 10 25 50 100 
164 perturbation point
PM : Numerical Perturbator
20 string of 100 char
Random char generated with 23 as seed
IndexLoc   #Success   #Failure   #Exception #CallAllExecs      AvgCallPerExec     #Perturbations AvgPerturbationPerExec   #Execs     #Tasks     %Success                   
0          49         0          51         100                1,00               51             0,51                     100        20         ---------- 49,00           
1          100        0          0          100                1,00               51             0,51                     100        20         -------------------- 100,00
2          100        0          0          100                1,00               51             0,51                     100        20         -------------------- 100,00
3          100        0          0          100                1,00               51             0,51                     100        20         -------------------- 100,00
4          49         0          51         100                1,00               51             0,51                     100        20         ---------- 49,00           
5          49         51         0          100                1,00               51             0,51                     100        20         ---------- 49,00           
6          49         51         0          100                1,00               51             0,51                     100        20         ---------- 49,00           
7          49         51         0          100                1,00               51             0,51                     100        20         ---------- 49,00           
8          49         51         0          100                1,00               51             0,51                     100        20         ---------- 49,00           
9          49         51         0          100                1,00               51             0,51                     100        20         ---------- 49,00           
10         49         51         0          100                1,00               51             0,51                     100        20         ---------- 49,00           
11         49         51         0          100                1,00               51             0,51                     100        20         ---------- 49,00           
12         49         0          51         100                1,00               51             0,51                     100        20         ---------- 49,00           
13         49         51         0          100                1,00               51             0,51                     100        20         ---------- 49,00           
14         49         51         0          100                1,00               51             0,51                     100        20         ---------- 49,00           
15         49         51         0          100                1,00               51             0,51                     100        20         ---------- 49,00           
16         49         51         0          100                1,00               51             0,51                     100        20         ---------- 49,00           
17         49         51         0          100                1,00               51             0,51                     100        20         ---------- 49,00           
18         49         51         0          100                1,00               51             0,51                     100        20         ---------- 49,00           
19         49         51         0          100                1,00               51             0,51                     100        20         ---------- 49,00           
20         100        0          0          493                4,93               254            2,54                     100        20         -------------------- 100,00
21         45         0          55         900                9,00               458            4,58                     100        20         --------- 45,00            
23         2          2          96         509                5,09               249            2,49                     100        20         - 2,00                     
24         3          97         0          800                8,00               411            4,11                     100        20         - 3,00                     
25         2          2          96         509                5,09               249            2,49                     100        20         - 2,00                     
26         2          2          96         509                5,09               249            2,49                     100        20         - 2,00                     
27         2          2          96         509                5,09               249            2,49                     100        20         - 2,00                     
28         0          100        0          800                8,00               381            3,81                     100        20          0,00                      
29         49         51         0          800                8,00               381            3,81                     100        20         ---------- 49,00           
30         49         51         0          100                1,00               51             0,51                     100        20         ---------- 49,00           
31         49         51         0          100                1,00               51             0,51                     100        20         ---------- 49,00           
32         49         51         0          100                1,00               51             0,51                     100        20         ---------- 49,00           
33         49         51         0          100                1,00               51             0,51                     100        20         ---------- 49,00           
34         100        0          0          100                1,00               51             0,51                     100        20         -------------------- 100,00
35         49         51         0          100                1,00               51             0,51                     100        20         ---------- 49,00           
36         15         85         0          190                1,90               93             0,93                     100        20         --- 15,00                  
37         47         0          53         400                4,00               191            1,91                     100        20         ---------- 47,00           
39         10         0          90         171                1,71               90             0,90                     100        20         -- 10,00                   
40         29         0          71         255                2,55               121            1,21                     100        20         ------ 29,00               
41         7          48         45         300                3,00               147            1,47                     100        20         -- 7,00                    
42         12         88         0          300                3,00               149            1,49                     100        20         --- 12,00                  
43         0          100        0          18316              183,16             9167           91,67                    100        20          0,00                      
44         17         0          83         11570              115,70             5801           58,01                    100        20         ---- 17,00                 
46         0          0          100        6489               64,89              3258           32,58                    100        20          0,00                      
47         0          100        0          19200              192,00             9673           96,73                    100        20          0,00                      
48         0          0          100        4593               45,93              2322           23,22                    100        20          0,00                      
49         7          0          93         14962              149,62             7578           75,78                    100        20         -- 7,00                    
50         2          0          98         15234              152,34             7566           75,66                    100        20         - 2,00                     
52         0          1          99         14664              146,64             7284           72,84                    100        20          0,00                      
53         0          100        0          14950              149,50             7356           73,56                    100        20          0,00                      
54         0          3          97         3959               39,59              1949           19,49                    100        20          0,00                      
55         0          1          99         239                2,39               117            1,17                     100        20          0,00                      
56         0          3          97         3959               39,59              1949           19,49                    100        20          0,00                      
57         0          100        0          4250               42,50              2215           22,15                    100        20          0,00                      
58         0          100        0          19200              192,00             9673           96,73                    100        20          0,00                      
59         0          100        0          19200              192,00             9673           96,73                    100        20          0,00                      
60         0          100        0          19200              192,00             9673           96,73                    100        20          0,00                      
61         0          0          100        6489               64,89              3258           32,58                    100        20          0,00                      
62         0          100        0          19200              192,00             9673           96,73                    100        20          0,00                      
63         0          0          100        4593               45,93              2322           23,22                    100        20          0,00                      
64         100        0          0          19200              192,00             9673           96,73                    100        20         -------------------- 100,00
65         0          100        0          19200              192,00             9673           96,73                    100        20          0,00                      
66         0          100        0          19200              192,00             9673           96,73                    100        20          0,00                      
67         0          100        0          19200              192,00             9673           96,73                    100        20          0,00                      
68         12         88         0          300                3,00               149            1,49                     100        20         --- 12,00                  
69         12         88         0          300                3,00               149            1,49                     100        20         --- 12,00                  
70         12         88         0          300                3,00               149            1,49                     100        20         --- 12,00                  
71         12         88         0          300                3,00               149            1,49                     100        20         --- 12,00                  
72         12         88         0          300                3,00               149            1,49                     100        20         --- 12,00                  
73         0          100        0          18316              183,16             9167           91,67                    100        20          0,00                      
74         17         0          83         11570              115,70             5801           58,01                    100        20         ---- 17,00                 
76         0          0          100        6489               64,89              3258           32,58                    100        20          0,00                      
77         0          0          100        1818               18,18              930            9,30                     100        20          0,00                      
78         0          0          100        215                2,15               100            1,00                     100        20          0,00                      
79         100        0          0          19200              192,00             9673           96,73                    100        20         -------------------- 100,00
80         0          0          100        1418               14,18              715            7,15                     100        20          0,00                      
81         0          0          100        1786               17,86              884            8,84                     100        20          0,00                      
82         0          100        0          4800               48,00              2438           24,38                    100        20          0,00                      
83         0          100        0          4800               48,00              2438           24,38                    100        20          0,00                      
84         0          100        0          4800               48,00              2438           24,38                    100        20          0,00                      
85         0          100        0          4800               48,00              2438           24,38                    100        20          0,00                      
86         0          100        0          4800               48,00              2438           24,38                    100        20          0,00                      
87         0          100        0          4800               48,00              2438           24,38                    100        20          0,00                      
88         0          100        0          4800               48,00              2438           24,38                    100        20          0,00                      
89         0          100        0          4800               48,00              2438           24,38                    100        20          0,00                      
90         0          100        0          4800               48,00              2438           24,38                    100        20          0,00                      
91         0          100        0          4800               48,00              2438           24,38                    100        20          0,00                      
92         0          100        0          4800               48,00              2438           24,38                    100        20          0,00                      
93         0          100        0          4800               48,00              2438           24,38                    100        20          0,00                      
94         0          100        0          4800               48,00              2438           24,38                    100        20          0,00                      
95         0          100        0          4800               48,00              2438           24,38                    100        20          0,00                      
96         0          100        0          4800               48,00              2438           24,38                    100        20          0,00                      
97         0          100        0          4800               48,00              2438           24,38                    100        20          0,00                      
98         0          100        0          4800               48,00              2438           24,38                    100        20          0,00                      
99         0          0          100        247                2,47               124            1,24                     100        20          0,00                      
100        0          100        0          4800               48,00              2438           24,38                    100        20          0,00                      
101        0          100        0          4800               48,00              2438           24,38                    100        20          0,00                      
102        0          100        0          4800               48,00              2438           24,38                    100        20          0,00                      
103        0          100        0          4800               48,00              2438           24,38                    100        20          0,00                      
104        0          100        0          4800               48,00              2438           24,38                    100        20          0,00                      
105        0          100        0          4800               48,00              2438           24,38                    100        20          0,00                      
106        0          100        0          4800               48,00              2438           24,38                    100        20          0,00                      
107        0          100        0          4800               48,00              2438           24,38                    100        20          0,00                      
108        0          100        0          4800               48,00              2438           24,38                    100        20          0,00                      
109        0          0          100        605                6,05               281            2,81                     100        20          0,00                      
110        0          100        0          4800               48,00              2438           24,38                    100        20          0,00                      
111        0          100        0          4800               48,00              2438           24,38                    100        20          0,00                      
112        0          100        0          4800               48,00              2438           24,38                    100        20          0,00                      
113        0          100        0          4800               48,00              2438           24,38                    100        20          0,00                      
114        0          100        0          4800               48,00              2438           24,38                    100        20          0,00                      
115        0          100        0          4800               48,00              2438           24,38                    100        20          0,00                      
116        0          100        0          4800               48,00              2438           24,38                    100        20          0,00                      
117        0          0          100        236                2,36               116            1,16                     100        20          0,00                      
118        0          100        0          19200              192,00             9673           96,73                    100        20          0,00                      
119        0          100        0          19200              192,00             9673           96,73                    100        20          0,00                      
120        0          100        0          19200              192,00             9673           96,73                    100        20          0,00                      
121        0          100        0          19200              192,00             9673           96,73                    100        20          0,00                      
122        0          0          100        1314               13,14              662            6,62                     100        20          0,00                      
123        0          100        0          19200              192,00             9673           96,73                    100        20          0,00                      
124        0          100        0          19200              192,00             9673           96,73                    100        20          0,00                      
125        0          0          100        6489               64,89              3258           32,58                    100        20          0,00                      
126        0          100        0          19200              192,00             9673           96,73                    100        20          0,00                      
127        0          100        0          19200              192,00             9673           96,73                    100        20          0,00                      
128        0          0          100        215                2,15               100            1,00                     100        20          0,00                      
129        0          0          100        1781               17,81              898            8,98                     100        20          0,00                      
130        0          0          100        5011               50,11              2486           24,86                    100        20          0,00                      
131        0          100        0          19200              192,00             9673           96,73                    100        20          0,00                      
132        0          100        0          19200              192,00             9665           96,65                    100        20          0,00                      
133        0          100        0          19200              192,00             9671           96,71                    100        20          0,00                      
134        0          0          100        3920               39,20              1966           19,66                    100        20          0,00                      
135        0          100        0          19200              192,00             9673           96,73                    100        20          0,00                      
136        0          100        0          19200              192,00             9673           96,73                    100        20          0,00                      
137        0          100        0          19200              192,00             9673           96,73                    100        20          0,00                      
138        0          100        0          19200              192,00             9673           96,73                    100        20          0,00                      
139        0          100        0          19200              192,00             9673           96,73                    100        20          0,00                      
140        0          100        0          19200              192,00             9673           96,73                    100        20          0,00                      
141        0          100        0          19200              192,00             9673           96,73                    100        20          0,00                      
142        12         88         0          300                3,00               149            1,49                     100        20         --- 12,00                  
143        12         88         0          300                3,00               149            1,49                     100        20         --- 12,00                  
144        12         88         0          300                3,00               149            1,49                     100        20         --- 12,00                  
145        12         88         0          300                3,00               149            1,49                     100        20         --- 12,00                  
146        49         51         0          100                1,00               51             0,51                     100        20         ---------- 49,00           
147        49         0          51         100                1,00               51             0,51                     100        20         ---------- 49,00           
148        49         51         0          100                1,00               51             0,51                     100        20         ---------- 49,00           
149        5          95         0          194                1,94               99             0,99                     100        20         - 5,00                     
150        44         0          56         500                5,00               249            2,49                     100        20         --------- 44,00            
152        52         48         0          400                4,00               191            1,91                     100        20         ----------- 52,00          
153        52         48         0          400                4,00               191            1,91                     100        20         ----------- 52,00          
155        49         51         0          100                1,00               51             0,51                     100        20         ---------- 49,00           
156        56         44         0          300                3,00               149            1,49                     100        20         ------------ 56,00         
157        56         44         0          300                3,00               149            1,49                     100        20         ------------ 56,00         
159        49         51         0          100                1,00               51             0,51                     100        20         ---------- 49,00           
160        51         49         0          200                2,00               107            1,07                     100        20         ----------- 51,00          
161        51         49         0          200                2,00               107            1,07                     100        20         ----------- 51,00          
163        49         51         0          100                1,00               51             0,51                     100        20         ---------- 49,00           
164        49         51         0          100                1,00               51             0,51                     100        20         ---------- 49,00           
165        21         79         0          200                2,00               107            1,07                     100        20         ----- 21,00                
166        12         88         0          300                3,00               149            1,49                     100        20         --- 12,00                  
167        6          94         0          400                4,00               191            1,91                     100        20         -- 6,00                    
168        6          94         0          400                4,00               191            1,91                     100        20         -- 6,00                    
169        0          100        0          783                7,83               387            3,87                     100        20          0,00                      
170        2          0          98         1977               19,77              997            9,97                     100        20         - 2,00                     
172        0          100        0          1600               16,00              816            8,16                     100        20          0,00                      
173        0          100        0          1600               16,00              816            8,16                     100        20          0,00                      
