aggregate data per location for random rate = 0.9 and with Magnitude = 10
Exploration Plus Magnitude
magnitude value : 1 5 10 25 50 100 
164 perturbation point
PM : Numerical Perturbator
20 string of 100 char
Random char generated with 23 as seed
IndexLoc   #Success   #Failure   #Exception #CallAllExecs      AvgCallPerExec     #Perturbations AvgPerturbationPerExec   #Execs     #Tasks     %Success                   
0          13         0          87         100                1,00               87             0,87                     100        20         --- 13,00                  
1          100        0          0          100                1,00               87             0,87                     100        20         -------------------- 100,00
2          100        0          0          100                1,00               87             0,87                     100        20         -------------------- 100,00
3          100        0          0          100                1,00               87             0,87                     100        20         -------------------- 100,00
4          13         0          87         100                1,00               87             0,87                     100        20         --- 13,00                  
5          13         87         0          100                1,00               87             0,87                     100        20         --- 13,00                  
6          13         87         0          100                1,00               87             0,87                     100        20         --- 13,00                  
7          13         87         0          100                1,00               87             0,87                     100        20         --- 13,00                  
8          13         87         0          100                1,00               87             0,87                     100        20         --- 13,00                  
9          13         87         0          100                1,00               87             0,87                     100        20         --- 13,00                  
10         13         87         0          100                1,00               87             0,87                     100        20         --- 13,00                  
11         13         87         0          100                1,00               87             0,87                     100        20         --- 13,00                  
12         13         0          87         100                1,00               87             0,87                     100        20         --- 13,00                  
13         13         87         0          100                1,00               87             0,87                     100        20         --- 13,00                  
14         13         87         0          100                1,00               87             0,87                     100        20         --- 13,00                  
15         13         87         0          100                1,00               87             0,87                     100        20         --- 13,00                  
16         13         87         0          100                1,00               87             0,87                     100        20         --- 13,00                  
17         13         87         0          100                1,00               87             0,87                     100        20         --- 13,00                  
18         13         87         0          100                1,00               87             0,87                     100        20         --- 13,00                  
19         13         87         0          100                1,00               87             0,87                     100        20         --- 13,00                  
20         1          99         0          112                1,12               100            1,00                     100        20         - 1,00                     
21         8          0          92         900                9,00               814            8,14                     100        20         -- 8,00                    
23         0          0          100        112                1,12               100            1,00                     100        20          0,00                      
24         0          100        0          800                8,00               716            7,16                     100        20          0,00                      
25         0          0          100        112                1,12               100            1,00                     100        20          0,00                      
26         0          0          100        112                1,12               100            1,00                     100        20          0,00                      
27         0          0          100        112                1,12               100            1,00                     100        20          0,00                      
28         0          100        0          800                8,00               733            7,33                     100        20          0,00                      
29         9          91         0          800                8,00               733            7,33                     100        20         -- 9,00                    
30         13         87         0          100                1,00               87             0,87                     100        20         --- 13,00                  
31         13         87         0          100                1,00               87             0,87                     100        20         --- 13,00                  
32         13         87         0          100                1,00               87             0,87                     100        20         --- 13,00                  
33         13         87         0          100                1,00               87             0,87                     100        20         --- 13,00                  
34         100        0          0          100                1,00               87             0,87                     100        20         -------------------- 100,00
35         13         87         0          100                1,00               87             0,87                     100        20         --- 13,00                  
36         0          100        0          111                1,11               100            1,00                     100        20          0,00                      
37         15         0          85         400                4,00               352            3,52                     100        20         --- 15,00                  
39         0          0          100        114                1,14               100            1,00                     100        20          0,00                      
40         1          0          99         213                2,13               183            1,83                     100        20         - 1,00                     
41         0          10         90         300                3,00               275            2,75                     100        20          0,00                      
42         0          100        0          300                3,00               272            2,72                     100        20          0,00                      
43         0          100        0          16535              165,35             14906          149,06                   100        20          0,00                      
44         0          0          100        7215               72,15              6473           64,73                    100        20          0,00                      
46         0          0          100        5515               55,15              4986           49,86                    100        20          0,00                      
47         0          100        0          19200              192,00             17233          172,33                   100        20          0,00                      
48         0          0          100        2516               25,16              2240           22,40                    100        20          0,00                      
49         0          0          100        14057              140,57             12678          126,78                   100        20          0,00                      
50         0          0          100        15058              150,58             13578          135,78                   100        20          0,00                      
52         0          0          100        14059              140,59             12684          126,84                   100        20          0,00                      
53         0          100        0          14950              149,50             13509          135,09                   100        20          0,00                      
54         0          0          100        3365               33,65              3017           30,17                    100        20          0,00                      
55         0          0          100        112                1,12               100            1,00                     100        20          0,00                      
56         0          0          100        3365               33,65              3017           30,17                    100        20          0,00                      
57         0          100        0          4250               42,50              3845           38,45                    100        20          0,00                      
58         0          100        0          19200              192,00             17233          172,33                   100        20          0,00                      
59         0          100        0          19200              192,00             17233          172,33                   100        20          0,00                      
60         0          100        0          19200              192,00             17233          172,33                   100        20          0,00                      
61         0          0          100        5515               55,15              4986           49,86                    100        20          0,00                      
62         0          100        0          19200              192,00             17233          172,33                   100        20          0,00                      
63         0          0          100        2516               25,16              2240           22,40                    100        20          0,00                      
64         100        0          0          19200              192,00             17233          172,33                   100        20         -------------------- 100,00
65         0          100        0          19200              192,00             17233          172,33                   100        20          0,00                      
66         0          100        0          19200              192,00             17233          172,33                   100        20          0,00                      
67         0          100        0          19200              192,00             17233          172,33                   100        20          0,00                      
68         0          100        0          300                3,00               272            2,72                     100        20          0,00                      
69         0          100        0          300                3,00               272            2,72                     100        20          0,00                      
70         0          100        0          300                3,00               272            2,72                     100        20          0,00                      
71         0          100        0          300                3,00               272            2,72                     100        20          0,00                      
72         0          100        0          300                3,00               272            2,72                     100        20          0,00                      
73         0          100        0          16535              165,35             14906          149,06                   100        20          0,00                      
74         0          0          100        7215               72,15              6473           64,73                    100        20          0,00                      
76         0          0          100        5515               55,15              4986           49,86                    100        20          0,00                      
77         0          0          100        1711               17,11              1544           15,44                    100        20          0,00                      
78         0          0          100        113                1,13               100            1,00                     100        20          0,00                      
79         100        0          0          19200              192,00             17233          172,33                   100        20         -------------------- 100,00
80         0          0          100        710                7,10               644            6,44                     100        20          0,00                      
81         0          0          100        1716               17,16              1544           15,44                    100        20          0,00                      
82         0          100        0          4800               48,00              4333           43,33                    100        20          0,00                      
83         0          100        0          4800               48,00              4333           43,33                    100        20          0,00                      
84         0          100        0          4800               48,00              4333           43,33                    100        20          0,00                      
85         0          100        0          4800               48,00              4333           43,33                    100        20          0,00                      
86         0          100        0          4800               48,00              4333           43,33                    100        20          0,00                      
87         0          100        0          4800               48,00              4333           43,33                    100        20          0,00                      
88         0          100        0          4800               48,00              4333           43,33                    100        20          0,00                      
89         0          100        0          4800               48,00              4333           43,33                    100        20          0,00                      
90         0          100        0          4800               48,00              4333           43,33                    100        20          0,00                      
91         0          100        0          4800               48,00              4333           43,33                    100        20          0,00                      
92         0          100        0          4800               48,00              4333           43,33                    100        20          0,00                      
93         0          100        0          4800               48,00              4333           43,33                    100        20          0,00                      
94         0          100        0          4800               48,00              4333           43,33                    100        20          0,00                      
95         0          100        0          4800               48,00              4333           43,33                    100        20          0,00                      
96         0          100        0          4800               48,00              4333           43,33                    100        20          0,00                      
97         0          100        0          4800               48,00              4333           43,33                    100        20          0,00                      
98         0          100        0          4800               48,00              4333           43,33                    100        20          0,00                      
99         0          0          100        117                1,17               100            1,00                     100        20          0,00                      
100        0          100        0          4800               48,00              4333           43,33                    100        20          0,00                      
101        0          100        0          4800               48,00              4333           43,33                    100        20          0,00                      
102        0          100        0          4800               48,00              4333           43,33                    100        20          0,00                      
103        0          100        0          4800               48,00              4333           43,33                    100        20          0,00                      
104        0          100        0          4800               48,00              4333           43,33                    100        20          0,00                      
105        0          100        0          4800               48,00              4333           43,33                    100        20          0,00                      
106        0          100        0          4800               48,00              4333           43,33                    100        20          0,00                      
107        0          100        0          4800               48,00              4333           43,33                    100        20          0,00                      
108        0          100        0          4800               48,00              4333           43,33                    100        20          0,00                      
109        0          0          100        507                5,07               460            4,60                     100        20          0,00                      
110        0          100        0          4800               48,00              4333           43,33                    100        20          0,00                      
111        0          100        0          4800               48,00              4333           43,33                    100        20          0,00                      
112        0          100        0          4800               48,00              4333           43,33                    100        20          0,00                      
113        0          100        0          4800               48,00              4333           43,33                    100        20          0,00                      
114        0          100        0          4800               48,00              4333           43,33                    100        20          0,00                      
115        0          100        0          4800               48,00              4333           43,33                    100        20          0,00                      
116        0          100        0          4800               48,00              4333           43,33                    100        20          0,00                      
117        0          0          100        117                1,17               100            1,00                     100        20          0,00                      
118        0          100        0          19200              192,00             17233          172,33                   100        20          0,00                      
119        0          100        0          19200              192,00             17233          172,33                   100        20          0,00                      
120        0          100        0          19200              192,00             17233          172,33                   100        20          0,00                      
121        0          100        0          19200              192,00             17233          172,33                   100        20          0,00                      
122        0          0          100        716                7,16               646            6,46                     100        20          0,00                      
123        0          100        0          19200              192,00             17233          172,33                   100        20          0,00                      
124        0          100        0          19200              192,00             17233          172,33                   100        20          0,00                      
125        0          0          100        5515               55,15              4986           49,86                    100        20          0,00                      
126        0          100        0          19200              192,00             17233          172,33                   100        20          0,00                      
127        0          100        0          19200              192,00             17233          172,33                   100        20          0,00                      
128        0          0          100        113                1,13               100            1,00                     100        20          0,00                      
129        0          0          100        1714               17,14              1550           15,50                    100        20          0,00                      
130        0          0          100        3309               33,09              2990           29,90                    100        20          0,00                      
131        0          100        0          19200              192,00             17233          172,33                   100        20          0,00                      
132        0          100        0          19200              192,00             17263          172,63                   100        20          0,00                      
133        0          100        0          19200              192,00             17295          172,95                   100        20          0,00                      
134        0          0          100        1916               19,16              1708           17,08                    100        20          0,00                      
135        0          100        0          19200              192,00             17233          172,33                   100        20          0,00                      
136        0          100        0          19200              192,00             17233          172,33                   100        20          0,00                      
137        0          100        0          19200              192,00             17233          172,33                   100        20          0,00                      
138        0          100        0          19200              192,00             17233          172,33                   100        20          0,00                      
139        0          100        0          19200              192,00             17233          172,33                   100        20          0,00                      
140        0          100        0          19200              192,00             17233          172,33                   100        20          0,00                      
141        0          100        0          19200              192,00             17233          172,33                   100        20          0,00                      
142        0          100        0          300                3,00               272            2,72                     100        20          0,00                      
143        0          100        0          300                3,00               272            2,72                     100        20          0,00                      
144        0          100        0          300                3,00               272            2,72                     100        20          0,00                      
145        0          100        0          300                3,00               272            2,72                     100        20          0,00                      
146        13         87         0          100                1,00               87             0,87                     100        20         --- 13,00                  
147        13         0          87         100                1,00               87             0,87                     100        20         --- 13,00                  
148        13         87         0          100                1,00               87             0,87                     100        20         --- 13,00                  
149        0          100        0          116                1,16               100            1,00                     100        20          0,00                      
150        8          0          92         500                5,00               448            4,48                     100        20         -- 8,00                    
152        9          91         0          400                4,00               352            3,52                     100        20         -- 9,00                    
153        9          91         0          400                4,00               352            3,52                     100        20         -- 9,00                    
155        13         87         0          100                1,00               87             0,87                     100        20         --- 13,00                  
156        14         86         0          300                3,00               272            2,72                     100        20         --- 14,00                  
157        14         86         0          300                3,00               272            2,72                     100        20         --- 14,00                  
159        13         87         0          100                1,00               87             0,87                     100        20         --- 13,00                  
160        7          93         0          200                2,00               181            1,81                     100        20         -- 7,00                    
161        7          93         0          200                2,00               181            1,81                     100        20         -- 7,00                    
163        13         87         0          100                1,00               87             0,87                     100        20         --- 13,00                  
164        13         87         0          100                1,00               87             0,87                     100        20         --- 13,00                  
165        1          99         0          200                2,00               181            1,81                     100        20         - 1,00                     
166        0          100        0          300                3,00               272            2,72                     100        20          0,00                      
167        0          100        0          400                4,00               352            3,52                     100        20          0,00                      
168        0          100        0          400                4,00               352            3,52                     100        20          0,00                      
169        0          100        0          449                4,49               400            4,00                     100        20          0,00                      
170        0          0          100        1821               18,21              1655           16,55                    100        20          0,00                      
172        0          100        0          1600               16,00              1433           14,33                    100        20          0,00                      
173        0          100        0          1600               16,00              1433           14,33                    100        20          0,00                      
