aggregate data per location for magnitude = 0.002
SERN
164 perturbation point
Random Enactor, seed :32
PONE : Numerical Perturbator
20 string of 100 char
Random char generated with 23 as seed
IndexLoc   #Success   #Failure   #Exception #call_all_execs    avg_call_per_execs #Perturbations AvgPerturbationPerExecs  #Execs     #Tasks     %Success                   
0          100        0          0          20                 1                  0              0,00                     100        20         NaN                        
1          100        0          0          20                 1                  0              0,00                     100        20         NaN                        
2          100        0          0          20                 1                  0              0,00                     100        20         NaN                        
3          100        0          0          20                 1                  0              0,00                     100        20         NaN                        
4          100        0          0          20                 1                  0              0,00                     100        20         NaN                        
5          100        0          0          20                 1                  0              0,00                     100        20         NaN                        
6          100        0          0          20                 1                  0              0,00                     100        20         NaN                        
7          100        0          0          20                 1                  0              0,00                     100        20         NaN                        
8          100        0          0          20                 1                  0              0,00                     100        20         NaN                        
9          100        0          0          20                 1                  0              0,00                     100        20         NaN                        
10         100        0          0          20                 1                  0              0,00                     100        20         NaN                        
11         100        0          0          20                 1                  0              0,00                     100        20         NaN                        
12         100        0          0          20                 1                  0              0,00                     100        20         NaN                        
13         100        0          0          20                 1                  0              0,00                     100        20         NaN                        
14         100        0          0          20                 1                  0              0,00                     100        20         NaN                        
15         100        0          0          20                 1                  0              0,00                     100        20         NaN                        
16         100        0          0          20                 1                  0              0,00                     100        20         NaN                        
17         100        0          0          20                 1                  0              0,00                     100        20         NaN                        
18         100        0          0          20                 1                  0              0,00                     100        20         NaN                        
19         100        0          0          20                 1                  0              0,00                     100        20         NaN                        
20         100        0          0          20                 1                  0              0,00                     900        20         NaN                        
21         100        0          0          20                 1                  0              0,00                     900        20         NaN                        
23         100        0          0          20                 1                  0              0,00                     800        20         NaN                        
24         100        0          0          20                 1                  0              0,00                     800        20         NaN                        
25         100        0          0          20                 1                  0              0,00                     800        20         NaN                        
26         100        0          0          20                 1                  0              0,00                     800        20         NaN                        
27         100        0          0          20                 1                  0              0,00                     800        20         NaN                        
28         100        0          0          20                 1                  0              0,00                     800        20         NaN                        
29         100        0          0          20                 1                  0              0,00                     800        20         NaN                        
30         100        0          0          20                 1                  0              0,00                     100        20         NaN                        
31         100        0          0          20                 1                  0              0,00                     100        20         NaN                        
32         100        0          0          20                 1                  0              0,00                     100        20         NaN                        
33         100        0          0          20                 1                  0              0,00                     100        20         NaN                        
34         100        0          0          20                 1                  0              0,00                     100        20         NaN                        
35         100        0          0          20                 1                  0              0,00                     100        20         NaN                        
36         100        0          0          20                 1                  0              0,00                     400        20         NaN                        
37         100        0          0          20                 1                  0              0,00                     400        20         NaN                        
39         100        0          0          20                 1                  0              0,00                     300        20         NaN                        
40         100        0          0          20                 1                  0              0,00                     300        20         NaN                        
41         100        0          0          20                 1                  0              0,00                     300        20         NaN                        
42         100        0          0          20                 1                  0              0,00                     300        20         NaN                        
43         100        0          0          20                 1                  31             1,55                     19500      20         -------------------- 100,00
44         100        0          0          20                 1                  31             1,55                     19500      20         -------------------- 100,00
46         90         9          1          20                 1                  30             1,50                     19136      20         ------------------ 90,00   
47         79         21         0          20                 1                  30             1,50                     19200      20         ---------------- 79,00     
48         75         23         2          20                 1                  30             1,50                     19130      20         --------------- 75,00      
49         100        0          0          20                 1                  30             1,50                     19200      20         -------------------- 100,00
50         100        0          0          20                 1                  30             1,50                     19200      20         -------------------- 100,00
52         79         21         0          20                 1                  24             1,20                     14950      20         ---------------- 79,00     
53         79         21         0          20                 1                  24             1,20                     14950      20         ---------------- 79,00     
54         99         1          0          20                 1                  5              0,25                     4250       20         -------------------- 99,00 
55         99         1          0          20                 1                  5              0,25                     4250       20         -------------------- 99,00 
56         99         1          0          20                 1                  5              0,25                     4250       20         -------------------- 99,00 
57         95         5          0          20                 1                  5              0,25                     4250       20         ------------------- 95,00  
58         75         25         0          20                 1                  30             1,50                     19200      20         --------------- 75,00      
59         79         21         0          20                 1                  30             1,50                     19200      20         ---------------- 79,00     
60         93         7          0          20                 1                  30             1,50                     19200      20         ------------------- 93,00  
61         90         9          1          20                 1                  30             1,50                     19136      20         ------------------ 90,00   
62         83         17         0          20                 1                  30             1,50                     19200      20         ----------------- 83,00    
63         77         21         2          20                 1                  30             1,50                     19130      20         ---------------- 77,00     
64         100        0          0          20                 1                  30             1,50                     19200      20         -------------------- 100,00
65         81         19         0          20                 1                  30             1,50                     19200      20         ----------------- 81,00    
66         90         10         0          20                 1                  30             1,50                     19200      20         ------------------ 90,00   
67         90         10         0          20                 1                  30             1,50                     19200      20         ------------------ 90,00   
68         100        0          0          20                 1                  0              0,00                     300        20         NaN                        
69         100        0          0          20                 1                  0              0,00                     300        20         NaN                        
70         100        0          0          20                 1                  0              0,00                     300        20         NaN                        
71         100        0          0          20                 1                  0              0,00                     300        20         NaN                        
72         100        0          0          20                 1                  0              0,00                     300        20         NaN                        
73         100        0          0          20                 1                  31             1,55                     19500      20         -------------------- 100,00
74         100        0          0          20                 1                  31             1,55                     19500      20         -------------------- 100,00
76         98         1          1          20                 1                  30             1,50                     19136      20         -------------------- 98,00 
77         76         15         9          20                 1                  29             1,45                     18324      20         ---------------- 76,00     
78         75         19         6          20                 1                  29             1,45                     18516      20         --------------- 75,00      
79         100        0          0          20                 1                  30             1,50                     19200      20         -------------------- 100,00
80         77         22         1          20                 1                  30             1,50                     19152      20         ---------------- 77,00     
81         75         19         6          20                 1                  29             1,45                     18516      20         --------------- 75,00      
82         95         5          0          20                 1                  7              0,35                     4800       20         ------------------- 95,00  
83         94         6          0          20                 1                  7              0,35                     4800       20         ------------------- 94,00  
84         94         6          0          20                 1                  7              0,35                     4800       20         ------------------- 94,00  
85         95         5          0          20                 1                  7              0,35                     4800       20         ------------------- 95,00  
86         97         3          0          20                 1                  7              0,35                     4800       20         -------------------- 97,00 
87         96         4          0          20                 1                  7              0,35                     4800       20         -------------------- 96,00 
88         95         5          0          20                 1                  7              0,35                     4800       20         ------------------- 95,00  
89         97         3          0          20                 1                  7              0,35                     4800       20         -------------------- 97,00 
90         96         4          0          20                 1                  7              0,35                     4800       20         -------------------- 96,00 
91         96         4          0          20                 1                  7              0,35                     4800       20         -------------------- 96,00 
92         94         6          0          20                 1                  7              0,35                     4800       20         ------------------- 94,00  
93         94         6          0          20                 1                  7              0,35                     4800       20         ------------------- 94,00  
94         95         5          0          20                 1                  7              0,35                     4800       20         ------------------- 95,00  
95         95         5          0          20                 1                  7              0,35                     4800       20         ------------------- 95,00  
96         95         5          0          20                 1                  7              0,35                     4800       20         ------------------- 95,00  
97         95         5          0          20                 1                  7              0,35                     4800       20         ------------------- 95,00  
98         95         5          0          20                 1                  7              0,35                     4800       20         ------------------- 95,00  
99         93         4          3          20                 1                  7              0,35                     4699       20         ------------------- 93,00  
100        94         6          0          20                 1                  7              0,35                     4800       20         ------------------- 94,00  
101        94         6          0          20                 1                  7              0,35                     4800       20         ------------------- 94,00  
102        94         6          0          20                 1                  7              0,35                     4800       20         ------------------- 94,00  
103        94         6          0          20                 1                  7              0,35                     4800       20         ------------------- 94,00  
104        94         6          0          20                 1                  7              0,35                     4800       20         ------------------- 94,00  
105        94         6          0          20                 1                  7              0,35                     4800       20         ------------------- 94,00  
106        94         6          0          20                 1                  7              0,35                     4800       20         ------------------- 94,00  
107        94         6          0          20                 1                  7              0,35                     4800       20         ------------------- 94,00  
108        94         6          0          20                 1                  7              0,35                     4800       20         ------------------- 94,00  
109        93         3          4          20                 1                  7              0,35                     4704       20         ------------------- 93,00  
110        94         6          0          20                 1                  7              0,35                     4800       20         ------------------- 94,00  
111        97         3          0          20                 1                  7              0,35                     4800       20         -------------------- 97,00 
112        96         4          0          20                 1                  7              0,35                     4800       20         -------------------- 96,00 
113        94         6          0          20                 1                  7              0,35                     4800       20         ------------------- 94,00  
114        94         6          0          20                 1                  7              0,35                     4800       20         ------------------- 94,00  
115        94         6          0          20                 1                  7              0,35                     4800       20         ------------------- 94,00  
116        94         6          0          20                 1                  7              0,35                     4800       20         ------------------- 94,00  
117        94         4          2          20                 1                  7              0,35                     4754       20         ------------------- 94,00  
118        75         25         0          20                 1                  30             1,50                     19200      20         --------------- 75,00      
119        75         25         0          20                 1                  30             1,50                     19200      20         --------------- 75,00      
120        75         25         0          20                 1                  30             1,50                     19200      20         --------------- 75,00      
121        75         25         0          20                 1                  30             1,50                     19200      20         --------------- 75,00      
122        77         22         1          20                 1                  30             1,50                     19152      20         ---------------- 77,00     
123        75         25         0          20                 1                  30             1,50                     19200      20         --------------- 75,00      
124        75         25         0          20                 1                  30             1,50                     19200      20         --------------- 75,00      
125        75         24         1          20                 1                  30             1,50                     19136      20         --------------- 75,00      
126        75         25         0          20                 1                  30             1,50                     19200      20         --------------- 75,00      
127        75         25         0          20                 1                  30             1,50                     19200      20         --------------- 75,00      
128        75         19         6          20                 1                  29             1,45                     18516      20         --------------- 75,00      
129        75         5          20         20                 1                  29             1,45                     17860      20         --------------- 75,00      
130        92         8          0          20                 1                  30             1,50                     19200      20         ------------------- 92,00  
131        75         25         0          20                 1                  30             1,50                     19200      20         --------------- 75,00      
132        78         22         0          20                 1                  30             1,50                     19200      20         ---------------- 78,00     
133        75         25         0          20                 1                  30             1,50                     19200      20         --------------- 75,00      
134        74         25         1          20                 1                  30             1,50                     19192      20         --------------- 74,00      
135        75         25         0          20                 1                  30             1,50                     19200      20         --------------- 75,00      
136        75         25         0          20                 1                  30             1,50                     19200      20         --------------- 75,00      
137        75         25         0          20                 1                  30             1,50                     19200      20         --------------- 75,00      
138        75         25         0          20                 1                  30             1,50                     19200      20         --------------- 75,00      
139        75         25         0          20                 1                  30             1,50                     19200      20         --------------- 75,00      
140        75         25         0          20                 1                  30             1,50                     19200      20         --------------- 75,00      
141        75         25         0          20                 1                  30             1,50                     19200      20         --------------- 75,00      
142        100        0          0          20                 1                  0              0,00                     300        20         NaN                        
143        100        0          0          20                 1                  0              0,00                     300        20         NaN                        
144        100        0          0          20                 1                  0              0,00                     300        20         NaN                        
145        100        0          0          20                 1                  0              0,00                     300        20         NaN                        
146        100        0          0          20                 1                  0              0,00                     100        20         NaN                        
147        100        0          0          20                 1                  0              0,00                     100        20         NaN                        
148        100        0          0          20                 1                  0              0,00                     100        20         NaN                        
149        100        0          0          20                 1                  0              0,00                     500        20         NaN                        
150        100        0          0          20                 1                  0              0,00                     500        20         NaN                        
152        100        0          0          20                 1                  0              0,00                     400        20         NaN                        
153        100        0          0          20                 1                  0              0,00                     400        20         NaN                        
155        100        0          0          20                 1                  0              0,00                     100        20         NaN                        
156        100        0          0          20                 1                  0              0,00                     300        20         NaN                        
157        100        0          0          20                 1                  0              0,00                     300        20         NaN                        
159        100        0          0          20                 1                  0              0,00                     100        20         NaN                        
160        100        0          0          20                 1                  0              0,00                     200        20         NaN                        
161        100        0          0          20                 1                  0              0,00                     200        20         NaN                        
163        100        0          0          20                 1                  0              0,00                     100        20         NaN                        
164        100        0          0          20                 1                  0              0,00                     100        20         NaN                        
165        100        0          0          20                 1                  0              0,00                     200        20         NaN                        
166        100        0          0          20                 1                  0              0,00                     300        20         NaN                        
167        100        0          0          20                 1                  0              0,00                     400        20         NaN                        
168        100        0          0          20                 1                  0              0,00                     400        20         NaN                        
169        98         2          0          20                 1                  3              0,15                     1998       20         -------------------- 98,00 
170        100        0          0          20                 1                  3              0,15                     2000       20         -------------------- 100,00
172        97         3          0          20                 1                  3              0,15                     1600       20         -------------------- 97,00 
173        97         3          0          20                 1                  3              0,15                     1600       20         -------------------- 97,00 
