aggregate data per location for random rate = 0.1 and with Magnitude = 50
Exploration Plus Magnitude
magnitude value : 1 5 10 25 50 100 
164 perturbation point
PM : Numerical Perturbator
20 string of 100 char
Random char generated with 23 as seed
IndexLoc   #Success   #Failure   #Exception #CallAllExecs      AvgCallPerExec     #Perturbations AvgPerturbationPerExec   #Execs     #Tasks     %Success                   
0          88         0          12         100                1,00               12             0,12                     100        20         ------------------ 88,00   
1          88         12         0          100                1,00               12             0,12                     100        20         ------------------ 88,00   
2          88         12         0          100                1,00               12             0,12                     100        20         ------------------ 88,00   
3          88         12         0          100                1,00               12             0,12                     100        20         ------------------ 88,00   
4          88         0          12         100                1,00               12             0,12                     100        20         ------------------ 88,00   
5          88         12         0          100                1,00               12             0,12                     100        20         ------------------ 88,00   
6          88         12         0          100                1,00               12             0,12                     100        20         ------------------ 88,00   
7          88         12         0          100                1,00               12             0,12                     100        20         ------------------ 88,00   
8          88         12         0          100                1,00               12             0,12                     100        20         ------------------ 88,00   
9          88         12         0          100                1,00               12             0,12                     100        20         ------------------ 88,00   
10         88         12         0          100                1,00               12             0,12                     100        20         ------------------ 88,00   
11         88         12         0          100                1,00               12             0,12                     100        20         ------------------ 88,00   
12         88         0          12         100                1,00               12             0,12                     100        20         ------------------ 88,00   
13         88         12         0          100                1,00               12             0,12                     100        20         ------------------ 88,00   
14         88         0          12         100                1,00               12             0,12                     100        20         ------------------ 88,00   
15         88         12         0          100                1,00               12             0,12                     100        20         ------------------ 88,00   
16         88         12         0          100                1,00               12             0,12                     100        20         ------------------ 88,00   
17         88         12         0          100                1,00               12             0,12                     100        20         ------------------ 88,00   
18         88         12         0          100                1,00               12             0,12                     100        20         ------------------ 88,00   
19         88         12         0          100                1,00               12             0,12                     100        20         ------------------ 88,00   
20         79         21         0          598                5,98               62             0,62                     100        20         ---------------- 79,00     
21         89         0          11         900                9,00               85             0,85                     100        20         ------------------ 89,00   
23         42         0          58         568                5,68               58             0,58                     100        20         --------- 42,00            
24         38         0          62         536                5,36               62             0,62                     100        20         -------- 38,00             
25         42         0          58         568                5,68               58             0,58                     100        20         --------- 42,00            
26         42         0          58         568                5,68               58             0,58                     100        20         --------- 42,00            
27         42         0          58         568                5,68               58             0,58                     100        20         --------- 42,00            
28         37         63         0          800                8,00               76             0,76                     100        20         -------- 37,00             
29         87         13         0          800                8,00               76             0,76                     100        20         ------------------ 87,00   
30         88         12         0          100                1,00               12             0,12                     100        20         ------------------ 88,00   
31         88         12         0          100                1,00               12             0,12                     100        20         ------------------ 88,00   
32         88         12         0          100                1,00               12             0,12                     100        20         ------------------ 88,00   
33         88         12         0          100                1,00               12             0,12                     100        20         ------------------ 88,00   
34         100        0          0          100                1,00               12             0,12                     100        20         -------------------- 100,00
35         88         12         0          100                1,00               12             0,12                     100        20         ------------------ 88,00   
36         80         20         0          362                3,62               27             0,27                     100        20         ---------------- 80,00     
37         89         0          11         400                4,00               41             0,41                     100        20         ------------------ 89,00   
39         69         0          31         272                2,72               31             0,31                     100        20         -------------- 69,00       
40         81         0          19         289                2,89               30             0,30                     100        20         ----------------- 81,00    
41         75         12         13         300                3,00               27             0,27                     100        20         --------------- 75,00      
42         72         28         0          300                3,00               31             0,31                     100        20         --------------- 72,00      
43         0          100        0          7264               72,64              758            7,58                     100        20          0,00                      
44         70         0          30         17615              176,15             1797           17,97                    100        20         -------------- 70,00       
46         0          0          100        2498               24,98              233            2,33                     100        20          0,00                      
47         0          100        0          19200              192,00             1884           18,84                    100        20          0,00                      
48         0          0          100        995                9,95               100            1,00                     100        20          0,00                      
49         0          0          100        10857              108,57             1114           11,14                    100        20          0,00                      
50         3          0          97         15886              158,86             1634           16,34                    100        20         - 3,00                     
52         0          1          99         11018              110,18             1073           10,73                    100        20          0,00                      
53         0          100        0          14950              149,50             1500           15,00                    100        20          0,00                      
54         1          0          99         879                8,79               99             0,99                     100        20         - 1,00                     
55         2          0          98         1031               10,31              98             0,98                     100        20         - 2,00                     
56         1          0          99         879                8,79               99             0,99                     100        20         - 1,00                     
57         1          99         0          4250               42,50              415            4,15                     100        20         - 1,00                     
58         0          100        0          19200              192,00             1884           18,84                    100        20          0,00                      
59         0          100        0          19200              192,00             1884           18,84                    100        20          0,00                      
60         2          98         0          19200              192,00             1884           18,84                    100        20         - 2,00                     
61         0          0          100        2498               24,98              233            2,33                     100        20          0,00                      
62         0          100        0          19200              192,00             1884           18,84                    100        20          0,00                      
63         0          0          100        995                9,95               100            1,00                     100        20          0,00                      
64         100        0          0          19200              192,00             1884           18,84                    100        20         -------------------- 100,00
65         0          100        0          19200              192,00             1884           18,84                    100        20          0,00                      
66         1          99         0          19200              192,00             1884           18,84                    100        20         - 1,00                     
67         1          99         0          19200              192,00             1884           18,84                    100        20         - 1,00                     
68         72         28         0          300                3,00               31             0,31                     100        20         --------------- 72,00      
69         72         28         0          300                3,00               31             0,31                     100        20         --------------- 72,00      
70         72         28         0          300                3,00               31             0,31                     100        20         --------------- 72,00      
71         72         28         0          300                3,00               31             0,31                     100        20         --------------- 72,00      
72         72         28         0          300                3,00               31             0,31                     100        20         --------------- 72,00      
73         0          100        0          7264               72,64              758            7,58                     100        20          0,00                      
74         70         0          30         17615              176,15             1797           17,97                    100        20         -------------- 70,00       
76         0          0          100        2498               24,98              233            2,33                     100        20          0,00                      
77         0          0          100        2655               26,55              283            2,83                     100        20          0,00                      
78         0          0          100        1052               10,52              100            1,00                     100        20          0,00                      
79         100        0          0          19200              192,00             1884           18,84                    100        20         -------------------- 100,00
80         0          5          95         3043               30,43              291            2,91                     100        20          0,00                      
81         0          0          100        2596               25,96              255            2,55                     100        20          0,00                      
82         1          99         0          4800               48,00              454            4,54                     100        20         - 1,00                     
83         0          100        0          4800               48,00              454            4,54                     100        20          0,00                      
84         0          100        0          4800               48,00              454            4,54                     100        20          0,00                      
85         2          98         0          4800               48,00              454            4,54                     100        20         - 2,00                     
86         0          100        0          4800               48,00              454            4,54                     100        20          0,00                      
87         0          100        0          4800               48,00              454            4,54                     100        20          0,00                      
88         0          100        0          4800               48,00              454            4,54                     100        20          0,00                      
89         0          100        0          4800               48,00              454            4,54                     100        20          0,00                      
90         0          100        0          4800               48,00              454            4,54                     100        20          0,00                      
91         0          100        0          4800               48,00              454            4,54                     100        20          0,00                      
92         2          98         0          4800               48,00              454            4,54                     100        20         - 2,00                     
93         1          99         0          4800               48,00              454            4,54                     100        20         - 1,00                     
94         0          100        0          4800               48,00              454            4,54                     100        20          0,00                      
95         1          99         0          4800               48,00              454            4,54                     100        20         - 1,00                     
96         1          99         0          4800               48,00              454            4,54                     100        20         - 1,00                     
97         1          99         0          4800               48,00              454            4,54                     100        20         - 1,00                     
98         1          99         0          4800               48,00              454            4,54                     100        20         - 1,00                     
99         0          3          97         1123               11,23              122            1,22                     100        20          0,00                      
100        0          100        0          4800               48,00              454            4,54                     100        20          0,00                      
101        0          100        0          4800               48,00              454            4,54                     100        20          0,00                      
102        0          100        0          4800               48,00              454            4,54                     100        20          0,00                      
103        0          100        0          4800               48,00              454            4,54                     100        20          0,00                      
104        1          99         0          4800               48,00              454            4,54                     100        20         - 1,00                     
105        2          98         0          4800               48,00              454            4,54                     100        20         - 2,00                     
106        1          99         0          4800               48,00              454            4,54                     100        20         - 1,00                     
107        1          99         0          4800               48,00              454            4,54                     100        20         - 1,00                     
108        1          99         0          4800               48,00              454            4,54                     100        20         - 1,00                     
109        1          5          94         1262               12,62              123            1,23                     100        20         - 1,00                     
110        0          100        0          4800               48,00              454            4,54                     100        20          0,00                      
111        0          100        0          4800               48,00              454            4,54                     100        20          0,00                      
112        0          100        0          4800               48,00              454            4,54                     100        20          0,00                      
113        0          100        0          4800               48,00              454            4,54                     100        20          0,00                      
114        1          99         0          4800               48,00              454            4,54                     100        20         - 1,00                     
115        2          98         0          4800               48,00              454            4,54                     100        20         - 2,00                     
116        2          98         0          4800               48,00              454            4,54                     100        20         - 2,00                     
117        2          11         87         1779               17,79              186            1,86                     100        20         - 2,00                     
118        0          100        0          19200              192,00             1884           18,84                    100        20          0,00                      
119        0          100        0          19200              192,00             1884           18,84                    100        20          0,00                      
120        0          100        0          19200              192,00             1884           18,84                    100        20          0,00                      
121        0          100        0          19200              192,00             1884           18,84                    100        20          0,00                      
122        0          0          100        1035               10,35              100            1,00                     100        20          0,00                      
123        0          100        0          19200              192,00             1884           18,84                    100        20          0,00                      
124        0          100        0          19200              192,00             1884           18,84                    100        20          0,00                      
125        0          0          100        2498               24,98              233            2,33                     100        20          0,00                      
126        0          100        0          19200              192,00             1884           18,84                    100        20          0,00                      
127        0          100        0          19200              192,00             1884           18,84                    100        20          0,00                      
128        0          0          100        1052               10,52              100            1,00                     100        20          0,00                      
129        0          0          100        2608               26,08              245            2,45                     100        20          0,00                      
130        0          0          100        1054               10,54              100            1,00                     100        20          0,00                      
131        0          100        0          19200              192,00             1884           18,84                    100        20          0,00                      
132        0          0          100        2626               26,26              278            2,78                     100        20          0,00                      
133        0          0          100        1088               10,88              100            1,00                     100        20          0,00                      
134        0          0          100        1122               11,22              100            1,00                     100        20          0,00                      
135        0          100        0          19200              192,00             1884           18,84                    100        20          0,00                      
136        0          100        0          19200              192,00             1884           18,84                    100        20          0,00                      
137        0          100        0          19200              192,00             1884           18,84                    100        20          0,00                      
138        0          100        0          19200              192,00             1884           18,84                    100        20          0,00                      
139        0          100        0          19200              192,00             1884           18,84                    100        20          0,00                      
140        0          100        0          19200              192,00             1884           18,84                    100        20          0,00                      
141        0          100        0          19200              192,00             1884           18,84                    100        20          0,00                      
142        72         28         0          300                3,00               31             0,31                     100        20         --------------- 72,00      
143        72         28         0          300                3,00               31             0,31                     100        20         --------------- 72,00      
144        72         28         0          300                3,00               31             0,31                     100        20         --------------- 72,00      
145        72         28         0          300                3,00               31             0,31                     100        20         --------------- 72,00      
146        88         12         0          100                1,00               12             0,12                     100        20         ------------------ 88,00   
147        88         0          12         100                1,00               12             0,12                     100        20         ------------------ 88,00   
148        88         12         0          100                1,00               12             0,12                     100        20         ------------------ 88,00   
149        62         38         0          393                3,93               45             0,45                     100        20         ------------- 62,00        
150        93         0          7          500                5,00               56             0,56                     100        20         ------------------- 93,00  
152        89         11         0          400                4,00               41             0,41                     100        20         ------------------ 89,00   
153        89         11         0          400                4,00               41             0,41                     100        20         ------------------ 89,00   
155        88         12         0          100                1,00               12             0,12                     100        20         ------------------ 88,00   
156        94         6          0          300                3,00               31             0,31                     100        20         ------------------- 94,00  
157        94         6          0          300                3,00               31             0,31                     100        20         ------------------- 94,00  
159        88         12         0          100                1,00               12             0,12                     100        20         ------------------ 88,00   
160        83         17         0          200                2,00               27             0,27                     100        20         ----------------- 83,00    
161        83         17         0          200                2,00               27             0,27                     100        20         ----------------- 83,00    
163        88         12         0          100                1,00               12             0,12                     100        20         ------------------ 88,00   
164        88         12         0          100                1,00               12             0,12                     100        20         ------------------ 88,00   
165        76         24         0          200                2,00               27             0,27                     100        20         ---------------- 76,00     
166        72         28         0          300                3,00               31             0,31                     100        20         --------------- 72,00      
167        66         34         0          400                4,00               41             0,41                     100        20         -------------- 66,00       
168        66         34         0          400                4,00               41             0,41                     100        20         -------------- 66,00       
169        15         85         0          1609               16,09              170            1,70                     100        20         --- 15,00                  
170        54         0          46         2000               20,00              208            2,08                     100        20         ----------- 54,00          
172        13         87         0          1600               16,00              170            1,70                     100        20         --- 13,00                  
173        29         71         0          1600               16,00              170            1,70                     100        20         ------ 29,00               
