aggregate data per location for random rate = 0.01 and with Magnitude = 1
Exploration Plus Magnitude
magnitude value : 1 5 10 25 50 100 
164 perturbation point
PM : Numerical Perturbator
20 string of 100 char
Random char generated with 23 as seed
IndexLoc   #Success   #Failure   #Exception #CallAllExecs      AvgCallPerExec     #Perturbations AvgPerturbationPerExec   #Execs     #Tasks     %Success                   
0          100        0          0          100                1,00               0              0,00                     100        20         NaN                        
1          100        0          0          100                1,00               0              0,00                     100        20         NaN                        
2          100        0          0          100                1,00               0              0,00                     100        20         NaN                        
3          100        0          0          100                1,00               0              0,00                     100        20         NaN                        
4          100        0          0          100                1,00               0              0,00                     100        20         NaN                        
5          100        0          0          100                1,00               0              0,00                     100        20         NaN                        
6          100        0          0          100                1,00               0              0,00                     100        20         NaN                        
7          100        0          0          100                1,00               0              0,00                     100        20         NaN                        
8          100        0          0          100                1,00               0              0,00                     100        20         NaN                        
9          100        0          0          100                1,00               0              0,00                     100        20         NaN                        
10         100        0          0          100                1,00               0              0,00                     100        20         NaN                        
11         100        0          0          100                1,00               0              0,00                     100        20         NaN                        
12         100        0          0          100                1,00               0              0,00                     100        20         NaN                        
13         100        0          0          100                1,00               0              0,00                     100        20         NaN                        
14         100        0          0          100                1,00               0              0,00                     100        20         NaN                        
15         100        0          0          100                1,00               0              0,00                     100        20         NaN                        
16         100        0          0          100                1,00               0              0,00                     100        20         NaN                        
17         100        0          0          100                1,00               0              0,00                     100        20         NaN                        
18         100        0          0          100                1,00               0              0,00                     100        20         NaN                        
19         100        0          0          100                1,00               0              0,00                     100        20         NaN                        
20         100        0          0          899                8,99               12             0,12                     100        20         -------------------- 100,00
21         99         0          1          900                9,00               13             0,13                     100        20         -------------------- 99,00 
23         100        0          0          800                8,00               4              0,04                     100        20         -------------------- 100,00
24         99         1          0          800                8,00               4              0,04                     100        20         -------------------- 99,00 
25         100        0          0          800                8,00               4              0,04                     100        20         -------------------- 100,00
26         100        0          0          800                8,00               4              0,04                     100        20         -------------------- 100,00
27         100        0          0          800                8,00               4              0,04                     100        20         -------------------- 100,00
28         92         8          0          800                8,00               8              0,08                     100        20         ------------------- 92,00  
29         99         1          0          800                8,00               8              0,08                     100        20         -------------------- 99,00 
30         100        0          0          100                1,00               0              0,00                     100        20         NaN                        
31         100        0          0          100                1,00               0              0,00                     100        20         NaN                        
32         100        0          0          100                1,00               0              0,00                     100        20         NaN                        
33         100        0          0          100                1,00               0              0,00                     100        20         NaN                        
34         100        0          0          100                1,00               0              0,00                     100        20         NaN                        
35         100        0          0          100                1,00               0              0,00                     100        20         NaN                        
36         98         2          0          398                3,98               3              0,03                     100        20         -------------------- 98,00 
37         100        0          0          400                4,00               3              0,03                     100        20         -------------------- 100,00
39         97         1          2          300                3,00               3              0,03                     100        20         -------------------- 97,00 
40         98         0          2          300                3,00               4              0,04                     100        20         -------------------- 98,00 
41         96         2          2          300                3,00               4              0,04                     100        20         -------------------- 96,00 
42         96         4          0          300                3,00               4              0,04                     100        20         -------------------- 96,00 
43         99         1          0          19499              194,99             187            1,87                     100        20         -------------------- 99,00 
44         98         0          2          19305              193,05             202            2,02                     100        20         -------------------- 98,00 
46         57         40         3          19072              190,72             189            1,89                     100        20         ------------ 57,00         
47         20         80         0          19200              192,00             198            1,98                     100        20         ---- 20,00                 
48         16         73         11         18729              187,29             175            1,75                     100        20         ---- 16,00                 
49         100        0          0          19200              192,00             186            1,86                     100        20         -------------------- 100,00
50         100        0          0          19200              192,00             175            1,75                     100        20         -------------------- 100,00
52         27         73         0          14950              149,50             139            1,39                     100        20         ------ 27,00               
53         20         80         0          14950              149,50             162            1,62                     100        20         ---- 20,00                 
54         96         4          0          4250               42,50              42             0,42                     100        20         -------------------- 96,00 
55         94         5          1          4205               42,05              44             0,44                     100        20         ------------------- 94,00  
56         96         4          0          4250               42,50              42             0,42                     100        20         -------------------- 96,00 
57         62         38         0          4250               42,50              45             0,45                     100        20         ------------- 62,00        
58         18         82         0          19200              192,00             198            1,98                     100        20         ---- 18,00                 
59         27         73         0          19200              192,00             198            1,98                     100        20         ------ 27,00               
60         69         31         0          19200              192,00             198            1,98                     100        20         -------------- 69,00       
61         57         40         3          19072              190,72             189            1,89                     100        20         ------------ 57,00         
62         32         68         0          19200              192,00             198            1,98                     100        20         ------- 32,00              
63         25         64         11         18729              187,29             175            1,75                     100        20         ----- 25,00                
64         100        0          0          19200              192,00             198            1,98                     100        20         -------------------- 100,00
65         34         66         0          19200              192,00             198            1,98                     100        20         ------- 34,00              
66         57         43         0          19200              192,00             198            1,98                     100        20         ------------ 57,00         
67         57         43         0          19200              192,00             198            1,98                     100        20         ------------ 57,00         
68         96         4          0          300                3,00               4              0,04                     100        20         -------------------- 96,00 
69         96         4          0          300                3,00               4              0,04                     100        20         -------------------- 96,00 
70         96         4          0          300                3,00               4              0,04                     100        20         -------------------- 96,00 
71         96         4          0          300                3,00               4              0,04                     100        20         -------------------- 96,00 
72         96         4          0          300                3,00               4              0,04                     100        20         -------------------- 96,00 
73         99         1          0          19499              194,99             187            1,87                     100        20         -------------------- 99,00 
74         98         0          2          19305              193,05             202            2,02                     100        20         -------------------- 98,00 
76         87         10         3          19072              190,72             189            1,89                     100        20         ------------------ 87,00   
77         22         37         41         15114              151,14             145            1,45                     100        20         ----- 22,00                
78         16         46         38         16183              161,83             156            1,56                     100        20         ---- 16,00                 
79         100        0          0          19200              192,00             198            1,98                     100        20         -------------------- 100,00
80         15         82         3          18800              188,00             187            1,87                     100        20         --- 15,00                  
81         16         40         44         16074              160,74             175            1,75                     100        20         ---- 16,00                 
82         80         20         0          4800               48,00              52             0,52                     100        20         ---------------- 80,00     
83         74         26         0          4800               48,00              52             0,52                     100        20         --------------- 74,00      
84         69         31         0          4800               48,00              52             0,52                     100        20         -------------- 69,00       
85         75         25         0          4800               48,00              52             0,52                     100        20         --------------- 75,00      
86         68         32         0          4800               48,00              52             0,52                     100        20         -------------- 68,00       
87         66         34         0          4800               48,00              52             0,52                     100        20         -------------- 66,00       
88         71         29         0          4800               48,00              52             0,52                     100        20         --------------- 71,00      
89         76         24         0          4800               48,00              52             0,52                     100        20         ---------------- 76,00     
90         66         34         0          4800               48,00              52             0,52                     100        20         -------------- 66,00       
91         72         28         0          4800               48,00              52             0,52                     100        20         --------------- 72,00      
92         75         25         0          4800               48,00              52             0,52                     100        20         --------------- 75,00      
93         70         30         0          4800               48,00              52             0,52                     100        20         -------------- 70,00       
94         65         35         0          4800               48,00              52             0,52                     100        20         ------------- 65,00        
95         68         32         0          4800               48,00              52             0,52                     100        20         -------------- 68,00       
96         66         34         0          4800               48,00              52             0,52                     100        20         -------------- 66,00       
97         66         34         0          4800               48,00              52             0,52                     100        20         -------------- 66,00       
98         66         34         0          4800               48,00              52             0,52                     100        20         -------------- 66,00       
99         66         11         23         4294               42,94              39             0,39                     100        20         -------------- 66,00       
100        61         39         0          4800               48,00              52             0,52                     100        20         ------------- 61,00        
101        61         39         0          4800               48,00              52             0,52                     100        20         ------------- 61,00        
102        61         39         0          4800               48,00              52             0,52                     100        20         ------------- 61,00        
103        61         39         0          4800               48,00              52             0,52                     100        20         ------------- 61,00        
104        66         34         0          4800               48,00              52             0,52                     100        20         -------------- 66,00       
105        67         33         0          4800               48,00              52             0,52                     100        20         -------------- 67,00       
106        66         34         0          4800               48,00              52             0,52                     100        20         -------------- 66,00       
107        66         34         0          4800               48,00              52             0,52                     100        20         -------------- 66,00       
108        66         34         0          4800               48,00              52             0,52                     100        20         -------------- 66,00       
109        67         19         14         4529               45,29              48             0,48                     100        20         -------------- 67,00       
110        61         39         0          4800               48,00              52             0,52                     100        20         ------------- 61,00        
111        69         31         0          4800               48,00              52             0,52                     100        20         -------------- 69,00       
112        69         31         0          4800               48,00              52             0,52                     100        20         -------------- 69,00       
113        61         39         0          4800               48,00              52             0,52                     100        20         ------------- 61,00        
114        62         38         0          4800               48,00              52             0,52                     100        20         ------------- 62,00        
115        65         35         0          4800               48,00              52             0,52                     100        20         ------------- 65,00        
116        64         36         0          4800               48,00              52             0,52                     100        20         ------------- 64,00        
117        67         8          25         4156               41,56              37             0,37                     100        20         -------------- 67,00       
118        18         82         0          19200              192,00             198            1,98                     100        20         ---- 18,00                 
119        18         82         0          19200              192,00             198            1,98                     100        20         ---- 18,00                 
120        18         82         0          19200              192,00             198            1,98                     100        20         ---- 18,00                 
121        18         82         0          19200              192,00             198            1,98                     100        20         ---- 18,00                 
122        20         70         10         18136              181,36             191            1,91                     100        20         ---- 20,00                 
123        18         82         0          19200              192,00             198            1,98                     100        20         ---- 18,00                 
124        18         82         0          19200              192,00             198            1,98                     100        20         ---- 18,00                 
125        14         83         3          19072              190,72             189            1,89                     100        20         --- 14,00                  
126        18         82         0          19200              192,00             198            1,98                     100        20         ---- 18,00                 
127        18         82         0          19200              192,00             198            1,98                     100        20         ---- 18,00                 
128        16         46         38         16183              161,83             156            1,56                     100        20         ---- 16,00                 
129        25         14         61         14020              140,20             135            1,35                     100        20         ----- 25,00                
130        38         62         0          19200              192,00             214            2,14                     100        20         -------- 38,00             
131        18         82         0          19200              192,00             198            1,98                     100        20         ---- 18,00                 
132        22         78         0          19200              192,00             182            1,82                     100        20         ----- 22,00                
133        16         84         0          19200              192,00             183            1,83                     100        20         ---- 16,00                 
134        17         71         12         18564              185,64             188            1,88                     100        20         ---- 17,00                 
135        18         82         0          19200              192,00             198            1,98                     100        20         ---- 18,00                 
136        18         82         0          19200              192,00             198            1,98                     100        20         ---- 18,00                 
137        18         82         0          19200              192,00             198            1,98                     100        20         ---- 18,00                 
138        18         82         0          19200              192,00             198            1,98                     100        20         ---- 18,00                 
139        18         82         0          19200              192,00             198            1,98                     100        20         ---- 18,00                 
140        18         82         0          19200              192,00             198            1,98                     100        20         ---- 18,00                 
141        18         82         0          19200              192,00             198            1,98                     100        20         ---- 18,00                 
142        96         4          0          300                3,00               4              0,04                     100        20         -------------------- 96,00 
143        96         4          0          300                3,00               4              0,04                     100        20         -------------------- 96,00 
144        96         4          0          300                3,00               4              0,04                     100        20         -------------------- 96,00 
145        96         4          0          300                3,00               4              0,04                     100        20         -------------------- 96,00 
146        100        0          0          100                1,00               0              0,00                     100        20         NaN                        
147        100        0          0          100                1,00               0              0,00                     100        20         NaN                        
148        100        0          0          100                1,00               0              0,00                     100        20         NaN                        
149        100        0          0          500                5,00               5              0,05                     100        20         -------------------- 100,00
150        99         0          1          500                5,00               4              0,04                     100        20         -------------------- 99,00 
152        99         1          0          400                4,00               3              0,03                     100        20         -------------------- 99,00 
153        98         2          0          400                4,00               3              0,03                     100        20         -------------------- 98,00 
155        100        0          0          100                1,00               0              0,00                     100        20         NaN                        
156        99         1          0          300                3,00               4              0,04                     100        20         -------------------- 99,00 
157        98         2          0          300                3,00               4              0,04                     100        20         -------------------- 98,00 
159        100        0          0          100                1,00               0              0,00                     100        20         NaN                        
160        100        0          0          200                2,00               1              0,01                     100        20         -------------------- 100,00
161        99         1          0          200                2,00               1              0,01                     100        20         -------------------- 99,00 
163        100        0          0          100                1,00               0              0,00                     100        20         NaN                        
164        100        0          0          100                1,00               0              0,00                     100        20         NaN                        
165        99         1          0          200                2,00               1              0,01                     100        20         -------------------- 99,00 
166        96         4          0          300                3,00               4              0,04                     100        20         -------------------- 96,00 
167        97         3          0          400                4,00               3              0,03                     100        20         -------------------- 97,00 
168        97         3          0          400                4,00               3              0,03                     100        20         -------------------- 97,00 
169        97         3          0          1997               19,97              22             0,22                     100        20         -------------------- 97,00 
170        96         0          4          2000               20,00              16             0,16                     100        20         -------------------- 96,00 
172        83         17         0          1600               16,00              18             0,18                     100        20         ----------------- 83,00    
173        91         9          0          1600               16,00              18             0,18                     100        20         ------------------- 91,00  
