aggregate data per location for random rate = 0.01 and with Magnitude = 5
Exploration Plus Magnitude
magnitude value : 1 5 10 25 50 100 
164 perturbation point
PM : Numerical Perturbator
20 string of 100 char
Random char generated with 23 as seed
IndexLoc   #Success   #Failure   #Exception #CallAllExecs      AvgCallPerExec     #Perturbations AvgPerturbationPerExec   #Execs     #Tasks     %Success                   
0          100        0          0          100                1,00               0              0,00                     100        20         NaN                        
1          100        0          0          100                1,00               0              0,00                     100        20         NaN                        
2          100        0          0          100                1,00               0              0,00                     100        20         NaN                        
3          100        0          0          100                1,00               0              0,00                     100        20         NaN                        
4          100        0          0          100                1,00               0              0,00                     100        20         NaN                        
5          100        0          0          100                1,00               0              0,00                     100        20         NaN                        
6          100        0          0          100                1,00               0              0,00                     100        20         NaN                        
7          100        0          0          100                1,00               0              0,00                     100        20         NaN                        
8          100        0          0          100                1,00               0              0,00                     100        20         NaN                        
9          100        0          0          100                1,00               0              0,00                     100        20         NaN                        
10         100        0          0          100                1,00               0              0,00                     100        20         NaN                        
11         100        0          0          100                1,00               0              0,00                     100        20         NaN                        
12         100        0          0          100                1,00               0              0,00                     100        20         NaN                        
13         100        0          0          100                1,00               0              0,00                     100        20         NaN                        
14         100        0          0          100                1,00               0              0,00                     100        20         NaN                        
15         100        0          0          100                1,00               0              0,00                     100        20         NaN                        
16         100        0          0          100                1,00               0              0,00                     100        20         NaN                        
17         100        0          0          100                1,00               0              0,00                     100        20         NaN                        
18         100        0          0          100                1,00               0              0,00                     100        20         NaN                        
19         100        0          0          100                1,00               0              0,00                     100        20         NaN                        
20         100        0          0          885                8,85               7              0,07                     100        20         -------------------- 100,00
21         100        0          0          900                9,00               5              0,05                     100        20         -------------------- 100,00
23         92         0          8          779                7,79               8              0,08                     100        20         ------------------- 92,00  
24         96         4          0          800                8,00               8              0,08                     100        20         -------------------- 96,00 
25         92         0          8          779                7,79               8              0,08                     100        20         ------------------- 92,00  
26         92         0          8          779                7,79               8              0,08                     100        20         ------------------- 92,00  
27         92         0          8          779                7,79               8              0,08                     100        20         ------------------- 92,00  
28         89         11         0          800                8,00               12             0,12                     100        20         ------------------ 89,00   
29         97         3          0          800                8,00               12             0,12                     100        20         -------------------- 97,00 
30         100        0          0          100                1,00               0              0,00                     100        20         NaN                        
31         100        0          0          100                1,00               0              0,00                     100        20         NaN                        
32         100        0          0          100                1,00               0              0,00                     100        20         NaN                        
33         100        0          0          100                1,00               0              0,00                     100        20         NaN                        
34         100        0          0          100                1,00               0              0,00                     100        20         NaN                        
35         100        0          0          100                1,00               0              0,00                     100        20         NaN                        
36         98         2          0          396                3,96               3              0,03                     100        20         -------------------- 98,00 
37         100        0          0          400                4,00               5              0,05                     100        20         -------------------- 100,00
39         97         0          3          297                2,97               3              0,03                     100        20         -------------------- 97,00 
40         98         0          2          300                3,00               3              0,03                     100        20         -------------------- 98,00 
41         97         1          2          300                3,00               3              0,03                     100        20         -------------------- 97,00 
42         97         3          0          300                3,00               3              0,03                     100        20         -------------------- 97,00 
43         87         13         0          19465              194,65             195            1,95                     100        20         ------------------ 87,00   
44         98         0          2          19435              194,35             193            1,93                     100        20         -------------------- 98,00 
46         11         70         19         17885              178,85             188            1,88                     100        20         --- 11,00                  
47         18         82         0          19200              192,00             189            1,89                     100        20         ---- 18,00                 
48         10         43         47         15886              158,86             171            1,71                     100        20         -- 10,00                   
49         94         0          6          18944              189,44             183            1,83                     100        20         ------------------- 94,00  
50         96         0          4          19020              190,20             199            1,99                     100        20         -------------------- 96,00 
52         24         71         5          14939              149,39             148            1,48                     100        20         ----- 24,00                
53         22         78         0          14950              149,50             159            1,59                     100        20         ----- 22,00                
54         93         6          1          4250               42,50              34             0,34                     100        20         ------------------- 93,00  
55         90         4          6          4012               40,12              48             0,48                     100        20         ------------------ 90,00   
56         93         6          1          4250               42,50              34             0,34                     100        20         ------------------- 93,00  
57         69         31         0          4250               42,50              37             0,37                     100        20         -------------- 69,00       
58         16         84         0          19200              192,00             189            1,89                     100        20         ---- 16,00                 
59         24         76         0          19200              192,00             189            1,89                     100        20         ----- 24,00                
60         72         28         0          19200              192,00             189            1,89                     100        20         --------------- 72,00      
61         18         63         19         17885              178,85             188            1,88                     100        20         ---- 18,00                 
62         28         72         0          19200              192,00             189            1,89                     100        20         ------ 28,00               
63         17         36         47         15886              158,86             171            1,71                     100        20         ---- 17,00                 
64         100        0          0          19200              192,00             189            1,89                     100        20         -------------------- 100,00
65         30         70         0          19200              192,00             189            1,89                     100        20         ------ 30,00               
66         66         34         0          19200              192,00             189            1,89                     100        20         -------------- 66,00       
67         66         34         0          19200              192,00             189            1,89                     100        20         -------------- 66,00       
68         97         3          0          300                3,00               3              0,03                     100        20         -------------------- 97,00 
69         97         3          0          300                3,00               3              0,03                     100        20         -------------------- 97,00 
70         97         3          0          300                3,00               3              0,03                     100        20         -------------------- 97,00 
71         97         3          0          300                3,00               3              0,03                     100        20         -------------------- 97,00 
72         97         3          0          300                3,00               3              0,03                     100        20         -------------------- 97,00 
73         87         13         0          19465              194,65             195            1,95                     100        20         ------------------ 87,00   
74         98         0          2          19435              194,35             193            1,93                     100        20         -------------------- 98,00 
76         57         24         19         17885              178,85             188            1,88                     100        20         ------------ 57,00         
77         19         0          81         10004              100,04             103            1,03                     100        20         ---- 19,00                 
78         8          0          92         7540               75,40              92             0,92                     100        20         -- 8,00                    
79         100        0          0          19200              192,00             189            1,89                     100        20         -------------------- 100,00
80         16         71         13         17786              177,86             182            1,82                     100        20         ---- 16,00                 
81         10         8          82         10211              102,11             122            1,22                     100        20         -- 10,00                   
82         68         32         0          4800               48,00              55             0,55                     100        20         -------------- 68,00       
83         61         39         0          4800               48,00              55             0,55                     100        20         ------------- 61,00        
84         59         41         0          4800               48,00              55             0,55                     100        20         ------------ 59,00         
85         63         37         0          4800               48,00              55             0,55                     100        20         ------------- 63,00        
86         58         42         0          4800               48,00              55             0,55                     100        20         ------------ 58,00         
87         57         43         0          4800               48,00              55             0,55                     100        20         ------------ 57,00         
88         62         38         0          4800               48,00              55             0,55                     100        20         ------------- 62,00        
89         64         36         0          4800               48,00              55             0,55                     100        20         ------------- 64,00        
90         58         42         0          4800               48,00              55             0,55                     100        20         ------------ 58,00         
91         60         40         0          4800               48,00              55             0,55                     100        20         ------------ 60,00         
92         63         37         0          4800               48,00              55             0,55                     100        20         ------------- 63,00        
93         58         42         0          4800               48,00              55             0,55                     100        20         ------------ 58,00         
94         61         39         0          4800               48,00              55             0,55                     100        20         ------------- 61,00        
95         64         36         0          4800               48,00              55             0,55                     100        20         ------------- 64,00        
96         61         39         0          4800               48,00              55             0,55                     100        20         ------------- 61,00        
97         61         39         0          4800               48,00              55             0,55                     100        20         ------------- 61,00        
98         61         39         0          4800               48,00              55             0,55                     100        20         ------------- 61,00        
99         61         8          31         3888               38,88              42             0,42                     100        20         ------------- 61,00        
100        57         43         0          4800               48,00              55             0,55                     100        20         ------------ 57,00         
101        57         43         0          4800               48,00              55             0,55                     100        20         ------------ 57,00         
102        57         43         0          4800               48,00              55             0,55                     100        20         ------------ 57,00         
103        57         43         0          4800               48,00              55             0,55                     100        20         ------------ 57,00         
104        65         35         0          4800               48,00              55             0,55                     100        20         ------------- 65,00        
105        65         35         0          4800               48,00              55             0,55                     100        20         ------------- 65,00        
106        61         39         0          4800               48,00              55             0,55                     100        20         ------------- 61,00        
107        61         39         0          4800               48,00              55             0,55                     100        20         ------------- 61,00        
108        61         39         0          4800               48,00              55             0,55                     100        20         ------------- 61,00        
109        66         18         16         4406               44,06              42             0,42                     100        20         -------------- 66,00       
110        57         43         0          4800               48,00              55             0,55                     100        20         ------------ 57,00         
111        63         37         0          4800               48,00              55             0,55                     100        20         ------------- 63,00        
112        63         37         0          4800               48,00              55             0,55                     100        20         ------------- 63,00        
113        57         43         0          4800               48,00              55             0,55                     100        20         ------------ 57,00         
114        64         36         0          4800               48,00              55             0,55                     100        20         ------------- 64,00        
115        68         32         0          4800               48,00              55             0,55                     100        20         -------------- 68,00       
116        63         37         0          4800               48,00              55             0,55                     100        20         ------------- 63,00        
117        58         14         28         3947               39,47              46             0,46                     100        20         ------------ 58,00         
118        16         84         0          19200              192,00             189            1,89                     100        20         ---- 16,00                 
119        16         84         0          19200              192,00             189            1,89                     100        20         ---- 16,00                 
120        16         84         0          19200              192,00             189            1,89                     100        20         ---- 16,00                 
121        16         84         0          19200              192,00             189            1,89                     100        20         ---- 16,00                 
122        13         45         42         15141              151,41             155            1,55                     100        20         --- 13,00                  
123        16         84         0          19200              192,00             189            1,89                     100        20         ---- 16,00                 
124        16         84         0          19200              192,00             189            1,89                     100        20         ---- 16,00                 
125        11         70         19         17885              178,85             188            1,88                     100        20         --- 11,00                  
126        16         84         0          19200              192,00             189            1,89                     100        20         ---- 16,00                 
127        16         84         0          19200              192,00             189            1,89                     100        20         ---- 16,00                 
128        8          0          92         7540               75,40              92             0,92                     100        20         -- 8,00                    
129        25         0          75         11248              112,48             115            1,15                     100        20         ----- 25,00                
130        12         52         36         16250              162,50             172            1,72                     100        20         --- 12,00                  
131        16         84         0          19200              192,00             189            1,89                     100        20         ---- 16,00                 
132        23         77         0          19200              192,00             191            1,91                     100        20         ----- 23,00                
133        16         84         0          19200              192,00             178            1,78                     100        20         ---- 16,00                 
134        12         40         48         14764              147,64             157            1,57                     100        20         --- 12,00                  
135        16         84         0          19200              192,00             189            1,89                     100        20         ---- 16,00                 
136        16         84         0          19200              192,00             189            1,89                     100        20         ---- 16,00                 
137        16         84         0          19200              192,00             189            1,89                     100        20         ---- 16,00                 
138        16         84         0          19200              192,00             189            1,89                     100        20         ---- 16,00                 
139        16         84         0          19200              192,00             189            1,89                     100        20         ---- 16,00                 
140        16         84         0          19200              192,00             189            1,89                     100        20         ---- 16,00                 
141        16         84         0          19200              192,00             189            1,89                     100        20         ---- 16,00                 
142        97         3          0          300                3,00               3              0,03                     100        20         -------------------- 97,00 
143        97         3          0          300                3,00               3              0,03                     100        20         -------------------- 97,00 
144        97         3          0          300                3,00               3              0,03                     100        20         -------------------- 97,00 
145        97         3          0          300                3,00               3              0,03                     100        20         -------------------- 97,00 
146        100        0          0          100                1,00               0              0,00                     100        20         NaN                        
147        100        0          0          100                1,00               0              0,00                     100        20         NaN                        
148        100        0          0          100                1,00               0              0,00                     100        20         NaN                        
149        93         7          0          484                4,84               8              0,08                     100        20         ------------------- 93,00  
150        99         0          1          500                5,00               6              0,06                     100        20         -------------------- 99,00 
152        99         1          0          400                4,00               5              0,05                     100        20         -------------------- 99,00 
153        99         1          0          400                4,00               5              0,05                     100        20         -------------------- 99,00 
155        100        0          0          100                1,00               0              0,00                     100        20         NaN                        
156        99         1          0          300                3,00               3              0,03                     100        20         -------------------- 99,00 
157        99         1          0          300                3,00               3              0,03                     100        20         -------------------- 99,00 
159        100        0          0          100                1,00               0              0,00                     100        20         NaN                        
160        100        0          0          200                2,00               0              0,00                     100        20         NaN                        
161        100        0          0          200                2,00               0              0,00                     100        20         NaN                        
163        100        0          0          100                1,00               0              0,00                     100        20         NaN                        
164        100        0          0          100                1,00               0              0,00                     100        20         NaN                        
165        100        0          0          200                2,00               0              0,00                     100        20         NaN                        
166        97         3          0          300                3,00               3              0,03                     100        20         -------------------- 97,00 
167        95         5          0          400                4,00               5              0,05                     100        20         ------------------- 95,00  
168        95         5          0          400                4,00               5              0,05                     100        20         ------------------- 95,00  
169        88         12         0          1972               19,72              15             0,15                     100        20         ------------------ 88,00   
170        95         0          5          2000               20,00              30             0,30                     100        20         ------------------- 95,00  
172        83         17         0          1600               16,00              17             0,17                     100        20         ----------------- 83,00    
173        86         14         0          1600               16,00              17             0,17                     100        20         ------------------ 86,00   
