SERN
random Rates : 0.001 0.002 0.005 0.009 0.01 0.02 0.05 0.09 0.1 0.2 0.5 0.9 
164 perturbation point
Random Enactor, seed :32
PONE : Numerical Perturbator
20 string of 100 char
Random char generated with 23 as seed
aggregate data per location for magnitude = 0.05
IndexLoc   #Success   #Failure   #Exception #Call      #Enaction  %Success                   
0          20         0          0          20         0          -------------------- 100,00
1          20         0          0          20         0          -------------------- 100,00
2          20         0          0          20         0          -------------------- 100,00
3          20         0          0          20         0          -------------------- 100,00
4          20         0          0          20         0          -------------------- 100,00
5          20         0          0          20         0          -------------------- 100,00
6          20         0          0          20         0          -------------------- 100,00
7          20         0          0          20         0          -------------------- 100,00
8          20         0          0          20         0          -------------------- 100,00
9          20         0          0          20         0          -------------------- 100,00
10         20         0          0          20         0          -------------------- 100,00
11         20         0          0          20         0          -------------------- 100,00
12         20         0          0          20         0          -------------------- 100,00
13         20         0          0          20         0          -------------------- 100,00
14         20         0          0          20         0          -------------------- 100,00
15         20         0          0          20         0          -------------------- 100,00
16         20         0          0          20         0          -------------------- 100,00
17         20         0          0          20         0          -------------------- 100,00
18         20         0          0          20         0          -------------------- 100,00
19         20         0          0          20         0          -------------------- 100,00
20         20         0          0          179        9          -------------------- 100,00
21         19         0          1          180        9          ------------------- 95,00  
23         17         1          2          160        8          ----------------- 85,00    
24         19         1          0          160        8          ------------------- 95,00  
25         17         1          2          160        8          ----------------- 85,00    
26         17         1          2          160        8          ----------------- 85,00    
27         17         1          2          160        8          ----------------- 85,00    
28         15         5          0          160        8          --------------- 75,00      
29         19         1          0          160        8          ------------------- 95,00  
30         20         0          0          20         0          -------------------- 100,00
31         20         0          0          20         0          -------------------- 100,00
32         20         0          0          20         0          -------------------- 100,00
33         20         0          0          20         0          -------------------- 100,00
34         20         0          0          20         0          -------------------- 100,00
35         20         0          0          20         0          -------------------- 100,00
36         19         1          0          79         5          ------------------- 95,00  
37         17         0          3          80         5          ----------------- 85,00    
39         15         3          2          60         5          --------------- 75,00      
40         16         2          2          60         5          ---------------- 80,00     
41         15         3          2          60         5          --------------- 75,00      
42         15         5          0          60         5          --------------- 75,00      
43         16         4          0          3895       192        ---------------- 80,00     
44         15         0          5          3575       174        --------------- 75,00      
46         4          15         1          3840       188        ---- 20,00                 
47         0          20         0          3840       188         0,00                      
48         0          14         6          3511       173         0,00                      
49         20         0          0          3840       188        -------------------- 100,00
50         19         0          1          3800       186        ------------------- 95,00  
52         0          20         0          2990       141         0,00                      
53         0          20         0          2990       141         0,00                      
54         17         3          0          850        43         ----------------- 85,00    
55         15         4          1          809        42         --------------- 75,00      
56         17         3          0          850        43         ----------------- 85,00    
57         3          17         0          850        43         --- 15,00                  
58         0          20         0          3840       188         0,00                      
59         0          20         0          3840       188         0,00                      
60         8          12         0          3840       188        -------- 40,00             
61         4          15         1          3840       188        ---- 20,00                 
62         0          20         0          3840       188         0,00                      
63         0          14         6          3511       173         0,00                      
64         20         0          0          3840       188        -------------------- 100,00
65         0          20         0          3840       188         0,00                      
66         4          16         0          3840       188        ---- 20,00                 
67         4          16         0          3840       188        ---- 20,00                 
68         15         5          0          60         5          --------------- 75,00      
69         15         5          0          60         5          --------------- 75,00      
70         15         5          0          60         5          --------------- 75,00      
71         15         5          0          60         5          --------------- 75,00      
72         15         5          0          60         5          --------------- 75,00      
73         16         4          0          3895       192        ---------------- 80,00     
74         15         0          5          3575       174        --------------- 75,00      
76         10         9          1          3840       188        ---------- 50,00           
77         0          0          20         1185       60          0,00                      
78         0          2          18         2339       110         0,00                      
79         20         0          0          3840       188        -------------------- 100,00
80         0          17         3          3568       174         0,00                      
81         0          2          18         2339       110         0,00                      
82         5          15         0          960        50         ----- 25,00                
83         5          15         0          960        50         ----- 25,00                
84         2          18         0          960        50         -- 10,00                   
85         5          15         0          960        50         ----- 25,00                
86         3          17         0          960        50         --- 15,00                  
87         3          17         0          960        50         --- 15,00                  
88         6          14         0          960        50         ------ 30,00               
89         7          13         0          960        50         ------- 35,00              
90         3          17         0          960        50         --- 15,00                  
91         4          16         0          960        50         ---- 20,00                 
92         5          15         0          960        50         ----- 25,00                
93         4          16         0          960        50         ---- 20,00                 
94         2          18         0          960        50         -- 10,00                   
95         4          16         0          960        50         ---- 20,00                 
96         2          18         0          960        50         -- 10,00                   
97         2          18         0          960        50         -- 10,00                   
98         2          18         0          960        50         -- 10,00                   
99         1          7          12         664        28         - 5,00                     
100        2          18         0          960        50         -- 10,00                   
101        2          18         0          960        50         -- 10,00                   
102        2          18         0          960        50         -- 10,00                   
103        2          18         0          960        50         -- 10,00                   
104        2          18         0          960        50         -- 10,00                   
105        3          17         0          960        50         --- 15,00                  
106        2          18         0          960        50         -- 10,00                   
107        2          18         0          960        50         -- 10,00                   
108        2          18         0          960        50         -- 10,00                   
109        2          7          11         580        26         -- 10,00                   
110        2          18         0          960        50         -- 10,00                   
111        5          15         0          960        50         ----- 25,00                
112        4          16         0          960        50         ---- 20,00                 
113        2          18         0          960        50         -- 10,00                   
114        2          18         0          960        50         -- 10,00                   
115        5          15         0          960        50         ----- 25,00                
116        2          18         0          960        50         -- 10,00                   
117        1          5          14         614        27         - 5,00                     
118        0          20         0          3840       188         0,00                      
119        0          20         0          3840       188         0,00                      
120        0          20         0          3840       188         0,00                      
121        0          20         0          3840       188         0,00                      
122        0          9          11         2696       127         0,00                      
123        0          20         0          3840       188         0,00                      
124        0          20         0          3840       188         0,00                      
125        0          19         1          3840       188         0,00                      
126        0          20         0          3840       188         0,00                      
127        0          20         0          3840       188         0,00                      
128        0          2          18         2339       110         0,00                      
129        0          0          20         1265       65          0,00                      
130        0          20         0          3840       188         0,00                      
131        0          20         0          3840       188         0,00                      
132        0          20         0          3840       188         0,00                      
133        0          20         0          3840       188         0,00                      
134        0          13         7          3220       151         0,00                      
135        0          20         0          3840       188         0,00                      
136        0          20         0          3840       188         0,00                      
137        0          20         0          3840       188         0,00                      
138        0          20         0          3840       188         0,00                      
139        0          20         0          3840       188         0,00                      
140        0          20         0          3840       188         0,00                      
141        0          20         0          3840       188         0,00                      
142        15         5          0          60         5          --------------- 75,00      
143        15         5          0          60         5          --------------- 75,00      
144        15         5          0          60         5          --------------- 75,00      
145        15         5          0          60         5          --------------- 75,00      
146        20         0          0          20         0          -------------------- 100,00
147        20         0          0          20         0          -------------------- 100,00
148        20         0          0          20         0          -------------------- 100,00
149        20         0          0          100        6          -------------------- 100,00
150        18         0          2          100        6          ------------------ 90,00   
152        19         1          0          80         5          ------------------- 95,00  
153        19         1          0          80         5          ------------------- 95,00  
155        20         0          0          20         0          -------------------- 100,00
156        19         1          0          60         5          ------------------- 95,00  
157        17         3          0          60         5          ----------------- 85,00    
159        20         0          0          20         0          -------------------- 100,00
160        20         0          0          40         0          -------------------- 100,00
161        20         0          0          40         0          -------------------- 100,00
163        20         0          0          20         0          -------------------- 100,00
164        20         0          0          20         0          -------------------- 100,00
165        20         0          0          40         0          -------------------- 100,00
166        15         5          0          60         5          --------------- 75,00      
167        16         4          0          80         5          ---------------- 80,00     
168        16         4          0          80         5          ---------------- 80,00     
169        17         3          0          397        18         ----------------- 85,00    
170        16         0          4          400        18         ---------------- 80,00     
172        11         9          0          320        15         ------------ 55,00         
173        13         7          0          320        15         ------------- 65,00        
