SEPM
magnitudes value : 1 2 5 10 20 50 
89 perturbation point
N Excecution Enactor
PMAG : Numerical Perturbator
1 sudoku grid 
Those grid are read from file in resources/sudoku/grid.txt
sum of result per Perturbation point
IndexLoc #Success #Failure #Error   #Calls   #Enactions %Success                   
188      6758     69       16573    59659229 23400      ------ 28,88               
189      8282     73       15045    62474838 23400      -------- 35,39             
191      4802     47       5579     13700522 10428      ---------- 46,05           
192      3826     71       6531     12703771 10428      -------- 36,69             
195      1357     37       2638     1877529  4032       ------- 33,66              
196      2472     74       1486     2321601  4032       ------------- 61,31        
197      1588     68       2376     2024506  4032       -------- 39,38             
198      1384     76       2572     1930641  4032       ------- 34,33              
202      0        3        3        6        6           0,00                      
203      0        3        3        6        6           0,00                      
205      3582     24       222      2391075  3828       ------------------- 93,57  
206      3606     0        222      2389710  3828       ------------------- 94,20  
208      93       21       108      6304     222        --------- 41,89            
209      216      0        6        8214     222        -------------------- 97,30 
212      986      222      2614     1716461  3822       ------ 25,80               
213      1273     361      2188     1976977  3822       ------- 33,31              
214      3528     294      0        2475246  3822       ------------------- 92,31  
215      3454     368      0        2524643  3822       ------------------- 90,37  
217      351      53       688      138235   1092       ------- 32,14              
218      351      53       688      138235   1092       ------- 32,14              
219      351      53       688      138235   1092       ------- 32,14              
220      255      203      634      147814   1092       ----- 23,35                
222      2541     189      0        1335921  2730       ------------------- 93,08  
223      25001    835      0        115747225 25836      -------------------- 96,77 
224      23400    0        2436     105915366 25836      ------------------- 90,57  
226      6751     76       16573    59799419 23400      ------ 28,85               
227      17768    53       5579     80787949 23400      ---------------- 75,93     
228      8139     216      15045    62926065 23400      ------- 34,78              
230      76       865      1789     874158   2730       - 2,78                     
231      65       1116     1549     933564   2730       - 2,38                     
232      2436     294      0        1242150  2730       ------------------ 89,23   
233      439      502      1789     1078446  2730       ---- 16,08                 
234      475      706      1549     1340243  2730       ---- 17,40                 
235      310      691      1729     1113975  2730       --- 11,36                  
237      864      77       1789     845895   2730       ------- 31,65              
238      864      77       1789     845895   2730       ------- 31,65              
239      864      77       1789     845895   2730       ------- 31,65              
240      747      434      1549     988851   2730       ------ 27,36               
243      0        839      1597     956680   2436        0,00                      
244      0        1083     1353     881285   2436        0,00                      
245      0        895      1541     844897   2436        0,00                      
247      236      466      1734     744815   2436       -- 9,69                    
248      288      790      1358     1206438  2436       --- 11,82                  
249      135      2301     0        1099524  2436       -- 5,54                    
251      2570     673      6147     10802779 9390       ------ 27,37               
252      7140     2250     0        18335348 9390       ---------------- 76,04     
253      793      538      8059     9146044  9390       -- 8,45                    
254      3984     1869     3537     14817540 9390       --------- 42,43            
255      8523     867      0        16938489 9390       ------------------- 90,77  
256      2179     1614     5597     12825454 9390       ----- 23,21                
257      793      538      8059     9146044  9390       -- 8,45                    
258      3177     1055     5158     12242152 9390       ------- 33,83              
259      2179     1614     5597     12825454 9390       ----- 23,21                
260      2179     1614     5597     12825454 9390       ----- 23,21                
261      2179     1614     5597     12825454 9390       ----- 23,21                
262      6        0        0        6        6          -------------------- 100,00
263      6        0        0        6        6          -------------------- 100,00
264      6        0        0        6        6          -------------------- 100,00
265      6        0        0        6        6          -------------------- 100,00
266      6        0        0        6        6          -------------------- 100,00
267      6        0        0        6        6          -------------------- 100,00
268      0        6        0        6        6           0,00                      
269      25       35       0        446      60         --------- 41,67            
270      54       0        6        600      60         ------------------ 90,00   
272      27       27       0        486      54         ---------- 50,00           
273      397      143      0        47214    540        --------------- 73,52      
274      486      0        54       46440    540        ------------------ 90,00   
276      109      62       315      28467    486        ----- 22,43                
277      103      68       315      26955    486        ----- 21,19                
278      17       195      274      28461    486        - 3,50                     
279      192      0        294      27606    486        -------- 39,51             
280      190      2        294      27606    486        -------- 39,09             
282      16       53       123      4496     192        -- 8,33                    
283      17       56       119      4321     192        -- 8,85                    
284      6        59       127      4198     192        - 3,13                     
286      592      1257     3509     4407013  5358       --- 11,05                  
287      629      1332     3397     4493077  5358       --- 11,74                  
288      639      1086     3633     4292934  5358       --- 11,93                  
289      629      1332     3397     4493077  5358       --- 11,74                  
291      652      1685     3021     4662792  5358       --- 12,17                  
292      690      1271     3397     3919068  5358       --- 12,88                  
293      594      1131     3633     3717611  5358       --- 11,09                  
294      690      1271     3397     3919068  5358       --- 12,88                  
296      1213     636      3509     3618476  5358       ----- 22,64                
297      1512     1795     2051     5223057  5358       ------ 28,22               
298      591      1546     3221     4502354  5358       --- 11,03                  
299      763      1198     3397     3931113  5358       --- 14,24                  
300      710      1015     3633     3733527  5358       --- 13,25                  
301      763      1198     3397     3931113  5358       --- 14,24                  
