SEPM
magnitudes value : 1 2 5 10 20 50 
89 perturbation point
N Excecution Enactor
PMAG : Numerical Perturbator
1 sudoku grid 
Those grid are read from file in resources/sudoku/grid.txt
sum of result per magnitudes
N        IndexLoc #Success #Failure #Error   #Calls   #Enactions %Success                   
1        188      3475     29       396      14876297 3900       ------------------ 89,10   
2        188      2528     26       1346     12847600 3900       ------------- 64,82        
5        188      755      14       3131     9114482  3900       ---- 19,36                 
10       188      0        0        3900     7606950  3900        0,00                      
20       188      0        0        3900     7606950  3900        0,00                      
50       188      0        0        3900     7606950  3900        0,00                      
1        189      3461     28       411      14628490 3900       ------------------ 88,74   
2        189      3047     27       826      13804559 3900       ---------------- 78,13     
5        189      1774     18       2108     11220939 3900       ---------- 45,49           
10       189      0        0        3900     7606950  3900        0,00                      
20       189      0        0        3900     7606950  3900        0,00                      
50       189      0        0        3900     7606950  3900        0,00                      
1        191      1716     16       6        3119158  1738       -------------------- 98,73 
2        191      1640     20       78       3083249  1738       ------------------- 94,36  
5        191      1446     11       281      2964542  1738       ----------------- 83,20    
10       191      0        0        1738     1511191  1738        0,00                      
20       191      0        0        1738     1511191  1738        0,00                      
50       191      0        0        1738     1511191  1738        0,00                      
1        192      1575     31       132      3013177  1738       ------------------- 90,62  
2        192      1441     26       271      2885921  1738       ----------------- 82,91    
5        192      810      14       914      2271100  1738       ---------- 46,61           
10       192      0        0        1738     1511191  1738        0,00                      
20       192      0        0        1738     1511191  1738        0,00                      
50       192      0        0        1738     1511191  1738        0,00                      
1        195      631      7        34       453712   672        ------------------- 93,90  
2        195      540      16       116      437183   672        ----------------- 80,36    
5        195      186      14       472      308250   672        ------ 27,68               
10       195      0        0        672      226128   672         0,00                      
20       195      0        0        672      226128   672         0,00                      
50       195      0        0        672      226128   672         0,00                      
1        196      665      5        2        457698   672        -------------------- 98,96 
2        196      640      20       12       478012   672        -------------------- 95,24 
5        196      613      27       32       483872   672        ------------------- 91,22  
10       196      415      19       238      396804   672        ------------- 61,76        
20       196      139      3        530      279087   672        ----- 20,68                
50       196      0        0        672      226128   672         0,00                      
1        197      632      26       14       483379   672        ------------------- 94,05  
2        197      608      27       37       482310   672        ------------------- 90,48  
5        197      348      15       309      380433   672        ----------- 51,79          
10       197      0        0        672      226128   672         0,00                      
20       197      0        0        672      226128   672         0,00                      
50       197      0        0        672      226128   672         0,00                      
1        198      550      29       93       451619   672        ----------------- 81,85    
2        198      498      30       144      431627   672        --------------- 74,11      
5        198      336      17       319      369011   672        ---------- 50,00           
10       198      0        0        672      226128   672         0,00                      
20       198      0        0        672      226128   672         0,00                      
50       198      0        0        672      226128   672         0,00                      
1        202      0        1        0        1        1           0,00                      
2        202      0        1        0        1        1           0,00                      
5        202      0        1        0        1        1           0,00                      
10       202      0        0        1        1        1           0,00                      
20       202      0        0        1        1        1           0,00                      
50       202      0        0        1        1        1           0,00                      
1        203      0        1        0        1        1           0,00                      
2        203      0        1        0        1        1           0,00                      
5        203      0        1        0        1        1           0,00                      
10       203      0        0        1        1        1           0,00                      
20       203      0        0        1        1        1           0,00                      
50       203      0        0        1        1        1           0,00                      
1        205      595      6        37       398487   638        ------------------- 93,26  
2        205      592      9        37       398972   638        ------------------- 92,79  
5        205      592      9        37       398761   638        ------------------- 92,79  
10       205      601      0        37       398285   638        ------------------- 94,20  
20       205      601      0        37       398285   638        ------------------- 94,20  
50       205      601      0        37       398285   638        ------------------- 94,20  
1        206      601      0        37       398285   638        ------------------- 94,20  
2        206      601      0        37       398285   638        ------------------- 94,20  
5        206      601      0        37       398285   638        ------------------- 94,20  
10       206      601      0        37       398285   638        ------------------- 94,20  
20       206      601      0        37       398285   638        ------------------- 94,20  
50       206      601      0        37       398285   638        ------------------- 94,20  
1        208      32       5        0        1374     37         ------------------ 86,49   
2        208      29       8        0        1389     37         ---------------- 78,38     
5        208      29       8        0        1432     37         ---------------- 78,38     
10       208      1        0        36       703      37         - 2,70                     
20       208      1        0        36       703      37         - 2,70                     
50       208      1        0        36       703      37         - 2,70                     
1        209      36       0        1        1369     37         -------------------- 97,30 
2        209      36       0        1        1369     37         -------------------- 97,30 
5        209      36       0        1        1369     37         -------------------- 97,30 
10       209      36       0        1        1369     37         -------------------- 97,30 
20       209      36       0        1        1369     37         -------------------- 97,30 
50       209      36       0        1        1369     37         -------------------- 97,30 
1        212      476      102      59       444312   637        --------------- 74,73      
2        212      371      80       186      387571   637        ------------ 58,24         
5        212      139      40       458      274969   637        ----- 21,82                
10       212      0        0        637      203203   637         0,00                      
20       212      0        0        637      203203   637         0,00                      
50       212      0        0        637      203203   637         0,00                      
1        213      488      140      9        485692   637        ---------------- 76,61     
2        213      452      128      57       475018   637        --------------- 70,96      
5        213      333      93       211      406658   637        ----------- 52,28          
10       213      0        0        637      203203   637         0,00                      
20       213      0        0        637      203203   637         0,00                      
50       213      0        0        637      203203   637         0,00                      
1        214      588      49       0        412541   637        ------------------- 92,31  
2        214      588      49       0        412541   637        ------------------- 92,31  
5        214      588      49       0        412541   637        ------------------- 92,31  
10       214      588      49       0        412541   637        ------------------- 92,31  
20       214      588      49       0        412541   637        ------------------- 92,31  
50       214      588      49       0        412541   637        ------------------- 92,31  
1        215      567      70       0        424762   637        ------------------ 89,01   
2        215      552      85       0        437345   637        ------------------ 86,66   
5        215      571      66       0        424913   637        ------------------ 89,64   
10       215      588      49       0        412541   637        ------------------- 92,31  
20       215      588      49       0        412541   637        ------------------- 92,31  
50       215      588      49       0        412541   637        ------------------- 92,31  
1        217      152      17       13       32229    182        ----------------- 83,52    
2        217      129      21       32       31026    182        --------------- 70,88      
5        217      70       15       97       25021    182        -------- 38,46             
10       217      0        0        182      16653    182         0,00                      
20       217      0        0        182      16653    182         0,00                      
50       217      0        0        182      16653    182         0,00                      
1        218      152      17       13       32229    182        ----------------- 83,52    
2        218      129      21       32       31026    182        --------------- 70,88      
5        218      70       15       97       25021    182        -------- 38,46             
10       218      0        0        182      16653    182         0,00                      
20       218      0        0        182      16653    182         0,00                      
50       218      0        0        182      16653    182         0,00                      
1        219      152      17       13       32229    182        ----------------- 83,52    
2        219      129      21       32       31026    182        --------------- 70,88      
5        219      70       15       97       25021    182        -------- 38,46             
10       219      0        0        182      16653    182         0,00                      
20       219      0        0        182      16653    182         0,00                      
50       219      0        0        182      16653    182         0,00                      
1        220      145      34       3        41301    182        ---------------- 79,67     
2        220      110      69       3        37939    182        ------------- 60,44        
5        220      0        100      82       18615    182         0,00                      
10       220      0        0        182      16653    182         0,00                      
20       220      0        0        182      16653    182         0,00                      
50       220      0        0        182      16653    182         0,00                      
1        222      450      5        0        209582   455        -------------------- 98,90 
2        222      446      9        0        211390   455        -------------------- 98,02 
5        222      427      28       0        220149   455        ------------------- 93,85  
10       222      406      49       0        231600   455        ------------------ 89,23   
20       222      406      49       0        231600   455        ------------------ 89,23   
50       222      406      49       0        231600   455        ------------------ 89,23   
1        223      4301     5        0        18569795 4306       -------------------- 99,88 
2        223      4292     14       0        18621041 4306       -------------------- 99,67 
5        223      4228     78       0        18981138 4306       -------------------- 98,19 
10       223      4060     246      0        19858417 4306       ------------------- 94,29  
20       223      4060     246      0        19858417 4306       ------------------- 94,29  
50       223      4060     246      0        19858417 4306       ------------------- 94,29  
1        224      3900     0        406      17652561 4306       ------------------- 90,57  
2        224      3900     0        406      17652561 4306       ------------------- 90,57  
5        224      3900     0        406      17652561 4306       ------------------- 90,57  
10       224      3900     0        406      17652561 4306       ------------------- 90,57  
20       224      3900     0        406      17652561 4306       ------------------- 90,57  
50       224      3900     0        406      17652561 4306       ------------------- 90,57  
1        226      3474     30       396      14901845 3900       ------------------ 89,08   
2        226      2524     30       1346     12947479 3900       ------------- 64,72        
5        226      753      16       3131     9129245  3900       ---- 19,31                 
10       226      0        0        3900     7606950  3900        0,00                      
20       226      0        0        3900     7606950  3900        0,00                      
50       226      0        0        3900     7606950  3900        0,00                      
1        227      3877     17       6        15433012 3900       -------------------- 99,41 
2        227      3799     23       78       15427135 3900       -------------------- 97,41 
5        227      3606     13       281      15164681 3900       ------------------- 92,46  
10       227      2162     0        1738     11587707 3900       ------------ 55,44         
20       227      2162     0        1738     11587707 3900       ------------ 55,44         
50       227      2162     0        1738     11587707 3900       ------------ 55,44         
1        228      3393     96       411      14805306 3900       ------------------ 87,00   
2        228      2993     81       826      14023549 3900       ---------------- 76,74     
5        228      1753     39       2108     11276360 3900       --------- 44,95            
10       228      0        0        3900     7606950  3900        0,00                      
20       228      0        0        3900     7606950  3900        0,00                      
50       228      0        0        3900     7606950  3900        0,00                      
1        230      45       386      24       220328   455        -- 9,89                    
2        230      28       363      64       210647   455        -- 6,15                    
5        230      3        116      336      131963   455        - 0,66                     
10       230      0        0        455      103740   455         0,00                      
20       230      0        0        455      103740   455         0,00                      
50       230      0        0        455      103740   455         0,00                      
1        231      36       413      6        211711   455        -- 7,91                    
2        231      8        394      53       206710   455        - 1,76                     
5        231      21       309      125      203923   455        - 4,62                     
10       231      0        0        455      103740   455         0,00                      
20       231      0        0        455      103740   455         0,00                      
50       231      0        0        455      103740   455         0,00                      
1        232      406      49       0        207025   455        ------------------ 89,23   
2        232      406      49       0        207025   455        ------------------ 89,23   
5        232      406      49       0        207025   455        ------------------ 89,23   
10       232      406      49       0        207025   455        ------------------ 89,23   
20       232      406      49       0        207025   455        ------------------ 89,23   
50       232      406      49       0        207025   455        ------------------ 89,23   
1        233      197      234      24       306423   455        --------- 43,30            
2        233      196      195      64       293614   455        --------- 43,08            
5        233      46       73       336      167189   455        --- 10,11                  
10       233      0        0        455      103740   455         0,00                      
20       233      0        0        455      103740   455         0,00                      
50       233      0        0        455      103740   455         0,00                      
1        234      193      256      6        343381   455        --------- 42,42            
2        234      174      228      53       337046   455        -------- 38,24             
5        234      108      222      125      348596   455        ----- 23,74                
10       234      0        0        455      103740   455         0,00                      
20       234      0        0        455      103740   455         0,00                      
50       234      0        0        455      103740   455         0,00                      
1        235      103      280      72       300348   455        ----- 22,64                
2        235      125      239      91       278962   455        ------ 27,47               
5        235      82       172      201      223445   455        ---- 18,02                 
10       235      0        0        455      103740   455         0,00                      
20       235      0        0        455      103740   455         0,00                      
50       235      0        0        455      103740   455         0,00                      
1        237      405      26       24       204284   455        ------------------ 89,01   
2        237      361      30       64       199023   455        ---------------- 79,34     
5        237      98       21       336      131368   455        ----- 21,54                
10       237      0        0        455      103740   455         0,00                      
20       237      0        0        455      103740   455         0,00                      
50       237      0        0        455      103740   455         0,00                      
1        238      405      26       24       204284   455        ------------------ 89,01   
2        238      361      30       64       199023   455        ---------------- 79,34     
5        238      98       21       336      131368   455        ----- 21,54                
10       238      0        0        455      103740   455         0,00                      
20       238      0        0        455      103740   455         0,00                      
50       238      0        0        455      103740   455         0,00                      
1        239      405      26       24       204284   455        ------------------ 89,01   
2        239      361      30       64       199023   455        ---------------- 79,34     
5        239      98       21       336      131368   455        ----- 21,54                
10       239      0        0        455      103740   455         0,00                      
20       239      0        0        455      103740   455         0,00                      
50       239      0        0        455      103740   455         0,00                      
1        240      366      83       6        223288   455        ----------------- 80,44    
2        240      346      56       53       232637   455        ---------------- 76,04     
5        240      35       295      125      221706   455        -- 7,69                    
10       240      0        0        455      103740   455         0,00                      
20       240      0        0        455      103740   455         0,00                      
50       240      0        0        455      103740   455         0,00                      
1        243      0        388      18       327636   406         0,00                      
2        243      0        353      53       258545   406         0,00                      
5        243      0        98       308      122636   406         0,00                      
10       243      0        0        406      82621    406         0,00                      
20       243      0        0        406      82621    406         0,00                      
50       243      0        0        406      82621    406         0,00                      
1        244      0        406      0        262981   406         0,00                      
2        244      0        368      38       208561   406         0,00                      
5        244      0        309      97       161880   406         0,00                      
10       244      0        0        406      82621    406         0,00                      
20       244      0        0        406      82621    406         0,00                      
50       244      0        0        406      82621    406         0,00                      
1        245      0        339      67       219912   406         0,00                      
2        245      0        324      82       204416   406         0,00                      
5        245      0        232      174      172706   406         0,00                      
10       245      0        0        406      82621    406         0,00                      
20       245      0        0        406      82621    406         0,00                      
50       245      0        0        406      82621    406         0,00                      
1        247      138      228      40       206933   406        ------- 33,99              
2        247      64       199      143      174160   406        ---- 15,76                 
5        247      34       39       333      115859   406        -- 8,37                    
10       247      0        0        406      82621    406         0,00                      
20       247      0        0        406      82621    406         0,00                      
50       247      0        0        406      82621    406         0,00                      
1        248      107      299      0        319519   406        ------ 26,35               
2        248      84       283      39       338123   406        ----- 20,69                
5        248      97       208      101      300933   406        ----- 23,89                
10       248      0        0        406      82621    406         0,00                      
20       248      0        0        406      82621    406         0,00                      
50       248      0        0        406      82621    406         0,00                      
1        249      95       311      0        183254   406        ----- 23,40                
2        249      18       388      0        183254   406        - 4,43                     
5        249      22       384      0        183254   406        -- 5,42                    
10       249      0        406      0        183254   406         0,00                      
20       249      0        406      0        183254   406         0,00                      
50       249      0        406      0        183254   406         0,00                      
1        251      1325     161      79       2576832  1565       ----------------- 84,66    
2        251      983      342      240      2743215  1565       ------------- 62,81        
5        251      262      170      1133     1806547  1565       ---- 16,74                 
10       251      0        0        1565     1225395  1565        0,00                      
20       251      0        0        1565     1225395  1565        0,00                      
50       251      0        0        1565     1225395  1565        0,00                      
1        252      1368     197      0        2665984  1565       ------------------ 87,41   
2        252      1230     335      0        2934223  1565       ---------------- 78,59     
5        252      1134     431      0        3176676  1565       --------------- 72,46      
10       252      1136     429      0        3186155  1565       --------------- 72,59      
20       252      1136     429      0        3186155  1565       --------------- 72,59      
50       252      1136     429      0        3186155  1565       --------------- 72,59      
1        253      588      426      551      2598339  1565       -------- 37,57             
2        253      205      112      1248     1646125  1565       --- 13,10                  
5        253      0        0        1565     1225395  1565        0,00                      
10       253      0        0        1565     1225395  1565        0,00                      
20       253      0        0        1565     1225395  1565        0,00                      
50       253      0        0        1565     1225395  1565        0,00                      
1        254      1480     80       5        2609263  1565       ------------------- 94,57  
2        254      945      588      32       3272456  1565       ------------- 60,38        
5        254      832      640      93       3409111  1565       ----------- 53,16          
10       254      572      437      556      2634644  1565       -------- 36,55             
20       254      155      124      1286     1666671  1565       -- 9,90                    
50       254      0        0        1565     1225395  1565        0,00                      
1        255      1478     87       0        2671497  1565       ------------------- 94,44  
2        255      1429     136      0        2795092  1565       ------------------- 91,31  
5        255      1404     161      0        2868476  1565       ------------------ 89,71   
10       255      1404     161      0        2867808  1565       ------------------ 89,71   
20       255      1404     161      0        2867808  1565       ------------------ 89,71   
50       255      1404     161      0        2867808  1565       ------------------ 89,71   
1        256      866      660      39       3427624  1565       ------------ 55,34         
2        256      837      619      109      3343402  1565       ----------- 53,48          
5        256      476      335      754      2378243  1565       ------- 30,42              
10       256      0        0        1565     1225395  1565        0,00                      
20       256      0        0        1565     1225395  1565        0,00                      
50       256      0        0        1565     1225395  1565        0,00                      
1        257      588      426      551      2598339  1565       -------- 37,57             
2        257      205      112      1248     1646125  1565       --- 13,10                  
5        257      0        0        1565     1225395  1565        0,00                      
10       257      0        0        1565     1225395  1565        0,00                      
20       257      0        0        1565     1225395  1565        0,00                      
50       257      0        0        1565     1225395  1565        0,00                      
1        258      905      551      109      3242981  1565       ------------ 57,83         
2        258      726      288      551      2429708  1565       ---------- 46,39           
5        258      595      216      754      2172330  1565       -------- 38,02             
10       258      317      0        1248     1465711  1565       ----- 20,26                
20       258      317      0        1248     1465711  1565       ----- 20,26                
50       258      317      0        1248     1465711  1565       ----- 20,26                
1        259      866      660      39       3427624  1565       ------------ 55,34         
2        259      837      619      109      3343402  1565       ----------- 53,48          
5        259      476      335      754      2378243  1565       ------- 30,42              
10       259      0        0        1565     1225395  1565        0,00                      
20       259      0        0        1565     1225395  1565        0,00                      
50       259      0        0        1565     1225395  1565        0,00                      
1        260      866      660      39       3427624  1565       ------------ 55,34         
2        260      837      619      109      3343402  1565       ----------- 53,48          
5        260      476      335      754      2378243  1565       ------- 30,42              
10       260      0        0        1565     1225395  1565        0,00                      
20       260      0        0        1565     1225395  1565        0,00                      
50       260      0        0        1565     1225395  1565        0,00                      
1        261      866      660      39       3427624  1565       ------------ 55,34         
2        261      837      619      109      3343402  1565       ----------- 53,48          
5        261      476      335      754      2378243  1565       ------- 30,42              
10       261      0        0        1565     1225395  1565        0,00                      
20       261      0        0        1565     1225395  1565        0,00                      
50       261      0        0        1565     1225395  1565        0,00                      
1        262      1        0        0        1        1          -------------------- 100,00
2        262      1        0        0        1        1          -------------------- 100,00
5        262      1        0        0        1        1          -------------------- 100,00
10       262      1        0        0        1        1          -------------------- 100,00
20       262      1        0        0        1        1          -------------------- 100,00
50       262      1        0        0        1        1          -------------------- 100,00
1        263      1        0        0        1        1          -------------------- 100,00
2        263      1        0        0        1        1          -------------------- 100,00
5        263      1        0        0        1        1          -------------------- 100,00
10       263      1        0        0        1        1          -------------------- 100,00
20       263      1        0        0        1        1          -------------------- 100,00
50       263      1        0        0        1        1          -------------------- 100,00
1        264      1        0        0        1        1          -------------------- 100,00
2        264      1        0        0        1        1          -------------------- 100,00
5        264      1        0        0        1        1          -------------------- 100,00
10       264      1        0        0        1        1          -------------------- 100,00
20       264      1        0        0        1        1          -------------------- 100,00
50       264      1        0        0        1        1          -------------------- 100,00
1        265      1        0        0        1        1          -------------------- 100,00
2        265      1        0        0        1        1          -------------------- 100,00
5        265      1        0        0        1        1          -------------------- 100,00
10       265      1        0        0        1        1          -------------------- 100,00
20       265      1        0        0        1        1          -------------------- 100,00
50       265      1        0        0        1        1          -------------------- 100,00
1        266      1        0        0        1        1          -------------------- 100,00
2        266      1        0        0        1        1          -------------------- 100,00
5        266      1        0        0        1        1          -------------------- 100,00
10       266      1        0        0        1        1          -------------------- 100,00
20       266      1        0        0        1        1          -------------------- 100,00
50       266      1        0        0        1        1          -------------------- 100,00
1        267      1        0        0        1        1          -------------------- 100,00
2        267      1        0        0        1        1          -------------------- 100,00
5        267      1        0        0        1        1          -------------------- 100,00
10       267      1        0        0        1        1          -------------------- 100,00
20       267      1        0        0        1        1          -------------------- 100,00
50       267      1        0        0        1        1          -------------------- 100,00
1        268      0        1        0        1        1           0,00                      
2        268      0        1        0        1        1           0,00                      
5        268      0        1        0        1        1           0,00                      
10       268      0        1        0        1        1           0,00                      
20       268      0        1        0        1        1           0,00                      
50       268      0        1        0        1        1           0,00                      
1        269      9        1        0        99       10         ------------------ 90,00   
2        269      8        2        0        97       10         ---------------- 80,00     
5        269      5        5        0        85       10         ---------- 50,00           
10       269      1        9        0        55       10         -- 10,00                   
20       269      1        9        0        55       10         -- 10,00                   
50       269      1        9        0        55       10         -- 10,00                   
1        270      9        0        1        100      10         ------------------ 90,00   
2        270      9        0        1        100      10         ------------------ 90,00   
5        270      9        0        1        100      10         ------------------ 90,00   
10       270      9        0        1        100      10         ------------------ 90,00   
20       270      9        0        1        100      10         ------------------ 90,00   
50       270      9        0        1        100      10         ------------------ 90,00   
1        272      9        0        0        81       9          -------------------- 100,00
2        272      9        0        0        81       9          -------------------- 100,00
5        272      6        3        0        81       9          -------------- 66,67       
10       272      1        8        0        81       9          --- 11,11                  
20       272      1        8        0        81       9          --- 11,11                  
50       272      1        8        0        81       9          --- 11,11                  
1        273      89       1        0        8091     90         -------------------- 98,89 
2        273      88       2        0        8073     90         -------------------- 97,78 
5        273      79       11       0        7965     90         ------------------ 87,78   
10       273      47       43       0        7695     90         ----------- 52,22          
20       273      47       43       0        7695     90         ----------- 52,22          
50       273      47       43       0        7695     90         ----------- 52,22          
1        274      81       0        9        7740     90         ------------------ 90,00   
2        274      81       0        9        7740     90         ------------------ 90,00   
5        274      81       0        9        7740     90         ------------------ 90,00   
10       274      81       0        9        7740     90         ------------------ 90,00   
20       274      81       0        9        7740     90         ------------------ 90,00   
50       274      81       0        9        7740     90         ------------------ 90,00   
1        276      48       24       9        6525     81         ------------ 59,26         
2        276      40       23       18       6408     81         ---------- 49,38           
5        276      21       15       45       5571     81         ------ 25,93               
10       276      0        0        81       3321     81          0,00                      
20       276      0        0        81       3321     81          0,00                      
50       276      0        0        81       3321     81          0,00                      
1        277      47       25       9        6237     81         ------------ 58,02         
2        277      36       27       18       5904     81         --------- 44,44            
5        277      20       16       45       4851     81         ----- 24,69                
10       277      0        0        81       3321     81          0,00                      
20       277      0        0        81       3321     81          0,00                      
50       277      0        0        81       3321     81          0,00                      
1        278      7        70       4        6413     81         -- 8,64                    
2        278      10       62       9        6220     81         --- 12,35                  
5        278      0        63       18       5865     81          0,00                      
10       278      0        0        81       3321     81          0,00                      
20       278      0        0        81       3321     81          0,00                      
50       278      0        0        81       3321     81          0,00                      
1        279      32       0        49       4601     81         -------- 39,51             
2        279      32       0        49       4601     81         -------- 39,51             
5        279      32       0        49       4601     81         -------- 39,51             
10       279      32       0        49       4601     81         -------- 39,51             
20       279      32       0        49       4601     81         -------- 39,51             
50       279      32       0        49       4601     81         -------- 39,51             
1        280      31       1        49       4601     81         -------- 38,27             
2        280      31       1        49       4601     81         -------- 38,27             
5        280      32       0        49       4601     81         -------- 39,51             
10       280      32       0        49       4601     81         -------- 39,51             
20       280      32       0        49       4601     81         -------- 39,51             
50       280      32       0        49       4601     81         -------- 39,51             
1        282      9        20       3        1021     32         ------ 28,13               
2        282      5        20       7        1003     32         ---- 15,63                 
5        282      2        13       17       888      32         -- 6,25                    
10       282      0        0        32       528      32          0,00                      
20       282      0        0        32       528      32          0,00                      
50       282      0        0        32       528      32          0,00                      
1        283      10       19       3        981      32         ------- 31,25              
2        283      7        22       3        981      32         ----- 21,88                
5        283      0        15       17       775      32          0,00                      
10       283      0        0        32       528      32          0,00                      
20       283      0        0        32       528      32          0,00                      
50       283      0        0        32       528      32          0,00                      
1        284      3        25       4        968      32         -- 9,38                    
2        284      3        20       9        892      32         -- 9,38                    
5        284      0        14       18       754      32          0,00                      
10       284      0        0        32       528      32          0,00                      
20       284      0        0        32       528      32          0,00                      
50       284      0        0        32       528      32          0,00                      
1        286      245      603      45       1366041  893        ------ 27,44               
2        286      275      494      124      1186848  893        ------- 30,80              
5        286      72       160      661      656611   893        -- 8,06                    
10       286      0        0        893      399171   893         0,00                      
20       286      0        0        893      399171   893         0,00                      
50       286      0        0        893      399171   893         0,00                      
1        287      211      539      143      1248118  893        ----- 23,63                
2        287      234      477      182      1134389  893        ------ 26,20               
5        287      184      316      393      913057   893        ----- 20,60                
10       287      0        0        893      399171   893         0,00                      
20       287      0        0        893      399171   893         0,00                      
50       287      0        0        893      399171   893         0,00                      
1        288      282      432      179      1166873  893        ------- 31,58              
2        288      264      405      224      1111921  893        ------ 29,56               
5        288      93       249      551      816627   893        --- 10,41                  
10       288      0        0        893      399171   893         0,00                      
20       288      0        0        893      399171   893         0,00                      
50       288      0        0        893      399171   893         0,00                      
1        289      211      539      143      1248118  893        ----- 23,63                
2        289      234      477      182      1134389  893        ------ 26,20               
5        289      184      316      393      913057   893        ----- 20,60                
10       289      0        0        893      399171   893         0,00                      
20       289      0        0        893      399171   893         0,00                      
50       289      0        0        893      399171   893         0,00                      
1        291      221      663      9        1279407  893        ----- 24,75                
2        291      244      555      94       1158595  893        ------ 27,32               
5        291      187      467      239      1027277  893        ----- 20,94                
10       291      0        0        893      399171   893         0,00                      
20       291      0        0        893      399171   893         0,00                      
50       291      0        0        893      399171   893         0,00                      
1        292      286      464      143      975121   893        ------- 32,03              
2        292      242      469      182      961679   893        ------ 27,10               
5        292      162      338      393      784755   893        ---- 18,14                 
10       292      0        0        893      399171   893         0,00                      
20       292      0        0        893      399171   893         0,00                      
50       292      0        0        893      399171   893         0,00                      
1        293      229      485      179      958278   893        ------ 25,64               
2        293      247      422      224      897716   893        ------ 27,66               
5        293      118      224      551      664104   893        --- 13,21                  
10       293      0        0        893      399171   893         0,00                      
20       293      0        0        893      399171   893         0,00                      
50       293      0        0        893      399171   893         0,00                      
1        294      286      464      143      975121   893        ------- 32,03              
2        294      242      469      182      961679   893        ------ 27,10               
5        294      162      338      393      784755   893        ---- 18,14                 
10       294      0        0        893      399171   893         0,00                      
20       294      0        0        893      399171   893         0,00                      
50       294      0        0        893      399171   893         0,00                      
1        296      694      154      45       852916   893        ---------------- 77,72     
2        296      443      326      124      955680   893        ---------- 49,61           
5        296      76       156      661      612367   893        -- 8,51                    
10       296      0        0        893      399171   893         0,00                      
20       296      0        0        893      399171   893         0,00                      
50       296      0        0        893      399171   893         0,00                      
1        297      815      75       3        875099   893        ------------------- 91,27  
2        297      305      568      20       1181886  893        ------- 34,15              
5        297      219      613      61       1253272  893        ----- 24,52                
10       297      157      418      318      941475   893        ---- 17,58                 
20       297      16       121      756      572154   893        - 1,79                     
50       297      0        0        893      399171   893         0,00                      
1        298      234      634      25       1259173  893        ------ 26,20               
2        298      229      592      72       1219195  893        ------ 25,64               
5        298      128      320      445      826473   893        --- 14,33                  
10       298      0        0        893      399171   893         0,00                      
20       298      0        0        893      399171   893         0,00                      
50       298      0        0        893      399171   893         0,00                      
1        299      264      486      143      992611   893        ------ 29,56               
2        299      298      413      182      971391   893        ------- 33,37              
5        299      201      299      393      769598   893        ----- 22,51                
10       299      0        0        893      399171   893         0,00                      
20       299      0        0        893      399171   893         0,00                      
50       299      0        0        893      399171   893         0,00                      
1        300      290      424      179      945463   893        ------- 32,47              
2        300      278      391      224      911451   893        ------- 31,13              
5        300      142      200      551      679100   893        ---- 15,90                 
10       300      0        0        893      399171   893         0,00                      
20       300      0        0        893      399171   893         0,00                      
50       300      0        0        893      399171   893         0,00                      
1        301      264      486      143      992611   893        ------ 29,56               
2        301      298      413      182      971391   893        ------- 33,37              
5        301      201      299      393      769598   893        ----- 22,51                
10       301      0        0        893      399171   893         0,00                      
20       301      0        0        893      399171   893         0,00                      
50       301      0        0        893      399171   893         0,00                      
