aggregate data per location for random rate = 0.01 and with Perturbator = NEGB
Exploration Boolean Negation
26 perturbation point.
NEGB : negation of boolean value.
20 sudoku grid 
Those grid are read from file in resources/sudoku/grid.txt
IndexLoc   #Success   #Failure   #Exception #CallAllExecs      AvgCallPerExec     #Perturbations AvgPerturbationPerExec   #Execs     #Tasks     %Success                   
2          82         18         0          10156              101,56             105            1,05                     100        20         ----------------- 82,00    
5          80         20         0          2879               28,79              28             0,28                     100        20         ---------------- 80,00     
6          86         14         0          11057              110,57             114            1,14                     100        20         ------------------ 86,00   
11         82         18         0          1941               19,41              19             0,19                     100        20         ----------------- 82,00    
12         45         55         0          12346              123,46             130            1,30                     100        20         --------- 45,00            
13         45         55         0          12346              123,46             130            1,30                     100        20         --------- 45,00            
16         100        0          0          100                1,00               1              0,01                     100        20         -------------------- 100,00
19         53         42         5          7803               78,03              77             0,77                     100        20         ----------- 53,00          
22         96         3          1          885                8,85               4              0,04                     100        20         -------------------- 96,00 
23         99         1          0          100                1,00               1              0,01                     100        20         -------------------- 99,00 
28         39         61         0          6462               64,62              66             0,66                     100        20         -------- 39,00             
33         56         44         0          6146               61,46              61             0,61                     100        20         ------------ 56,00         
37         36         59         5          10186              101,86             107            1,07                     100        20         -------- 36,00             
41         45         55         0          12346              123,46             130            1,30                     100        20         --------- 45,00            
48         100        0          0          2051               20,51              19             0,19                     100        20         -------------------- 100,00
53         81         19         0          2052               20,52              19             0,19                     100        20         ----------------- 81,00    
54         84         16         0          1823               18,23              17             0,17                     100        20         ----------------- 84,00    
58         100        0          0          50                 0,50               0              0,00                     100        20         NaN                        
62         100        0          0          50                 0,50               0              0,00                     100        20         NaN                        
83         96         3          1          986                9,86               6              0,06                     100        20         -------------------- 96,00 
87         87         8          5          8492               84,92              86             0,86                     100        20         ------------------ 87,00   
93         80         0          20         7391               73,91              74             0,74                     100        20         ---------------- 80,00     
97         100        0          0          6100               61,00              61             0,61                     100        20         -------------------- 100,00
102        98         2          0          8827               88,27              90             0,90                     100        20         -------------------- 98,00 
107        100        0          0          8234               82,34              85             0,85                     100        20         -------------------- 100,00
114        100        0          0          8206               82,06              84             0,84                     100        20         -------------------- 100,00
