aggregate data per location for magnitude = 0.1
SERN
26 perturbation point
Random Enactor, seed :32
INV : Boolean Perturbator5 repetition for each location for each task
1 sudoku grid 
Those grid are read from file in resources/sudoku/grid.txt
IndexLoc   #Success   #Failure   #Exception #CallAllExecs      AvgCallPerExec     #Perturbations AvgPerturbationPerExec   #Execs     #Tasks     %Success                   
2          0          5          0          1836               367,20             189            37,80                    5          1           0,00                      
5          2          3          0          5308               1061,60            544            108,80                   5          1          -------- 40,00             
6          0          5          0          10409              2081,80            1056           211,20                   5          1           0,00                      
11         0          5          0          155                31,00              21             4,20                     5          1           0,00                      
12         0          5          0          1108               221,60             123            24,60                    5          1           0,00                      
13         0          5          0          1108               221,60             123            24,60                    5          1           0,00                      
16         5          0          0          5                  1,00               0              0,00                     5          1          NaN                        
19         0          4          1          324                64,80              38             7,60                     5          1           0,00                      
22         1          4          0          45                 9,00               4              0,80                     5          1          ---- 20,00                 
23         5          0          0          5                  1,00               0              0,00                     5          1          NaN                        
28         0          5          0          174                34,80              22             4,40                     5          1           0,00                      
33         1          4          0          268                53,60              29             5,80                     5          1          ---- 20,00                 
37         0          5          0          56                 11,20              9              1,80                     5          1           0,00                      
41         0          5          0          1108               221,60             123            24,60                    5          1           0,00                      
48         3          2          0          649                129,80             70             14,00                    5          1          ------------ 60,00         
53         0          5          0          238                47,60              25             5,00                     5          1           0,00                      
54         0          5          0          47                 9,40               5              1,00                     5          1           0,00                      
58         0          5          0          176                35,20              22             4,40                     5          1           0,00                      
62         0          5          0          47                 9,40               5              1,00                     5          1           0,00                      
83         3          2          0          37                 7,40               2              0,40                     5          1          ------------ 60,00         
87         0          4          1          253                50,60              27             5,40                     5          1           0,00                      
93         0          0          5          88                 17,60              13             2,60                     5          1           0,00                      
97         2          3          0          180                36,00              22             4,40                     5          1          -------- 40,00             
102        0          5          0          608                121,60             65             13,00                    5          1           0,00                      
107        0          5          0          504                100,80             57             11,40                    5          1           0,00                      
114        0          5          0          678                135,60             74             14,80                    5          1           0,00                      
