aggregate data per location for magnitude = 0.5
SERN
26 perturbation point
Random Enactor, seed :32
INV : Boolean Perturbator5 repetition for each location for each task
1 sudoku grid 
Those grid are read from file in resources/sudoku/grid.txt
IndexLoc   #Success   #Failure   #Exception #CallAllExecs      AvgCallPerExec     #Perturbations AvgPerturbationPerExec   #Execs     #Tasks     %Success                   
2          0          5          0          477                95.40              256            51.20                    5          1           0.00                      
5          0          5          0          1003               200.60             527            105.40                   5          1           0.00                      
6          0          5          0          8312               1662.40            4181           836.20                   5          1           0.00                      
11         0          5          0          29                 5.80               13             2.60                     5          1           0.00                      
12         0          5          0          429                85.80              221            44.20                    5          1           0.00                      
13         0          5          0          429                85.80              221            44.20                    5          1           0.00                      
16         5          0          0          5                  1.00               2              0.40                     5          1          -------------------- 100.00
19         0          5          0          88                 17.60              45             9.00                     5          1           0.00                      
22         0          5          0          12                 2.40               5              1.00                     5          1           0.00                      
23         3          2          0          5                  1.00               2              0.40                     5          1          ------------ 60.00         
28         0          5          0          325                65.00              162            32.40                    5          1           0.00                      
33         0          5          0          51                 10.20              23             4.60                     5          1           0.00                      
37         0          5          0          12                 2.40               5              1.00                     5          1           0.00                      
41         0          5          0          429                85.80              221            44.20                    5          1           0.00                      
48         0          5          0          6733               1346.60            3355           671.00                   5          1           0.00                      
53         0          5          0          135                27.00              71             14.20                    5          1           0.00                      
54         0          5          0          12                 2.40               5              1.00                     5          1           0.00                      
58         0          5          0          60                 12.00              28             5.60                     5          1           0.00                      
62         0          5          0          12                 2.40               5              1.00                     5          1           0.00                      
83         0          5          0          12                 2.40               5              1.00                     5          1           0.00                      
87         0          5          0          88                 17.60              45             9.00                     5          1           0.00                      
93         0          0          5          27                 5.40               13             2.60                     5          1           0.00                      
97         0          5          0          180                36.00              93             18.60                    5          1           0.00                      
102        0          5          0          454                90.80              238            47.60                    5          1           0.00                      
107        0          5          0          530                106.00             283            56.60                    5          1           0.00                      
114        0          5          0          340                68.00              169            33.80                    5          1           0.00                      
