contains the data for build a graph for analysis.
Exploration Boolean Negation
26 perturbation point.
NEGB : negation of boolean value.
20 sudoku grid 
Those grid are read from file in resources/sudoku/grid.txt
Perturbator IndexLoc   #Success   #Failure   #Exception #Call      #Perturtions   %Success                   
NEGB        2          1603       389        0          208166     1992           ----------------- 80,47    
NEGB        5          202        389        0          17444      591            ------- 34,18              
NEGB        6          1603       389        0          214196     1992           ----------------- 80,47    
NEGB        11         28         389        0          5852       417            -- 6,71                    
NEGB        12         517        1475       0          226947     1992           ------ 25,95               
NEGB        13         517        1475       0          226947     1992           ------ 25,95               
NEGB        16         20         0          0          20         20             -------------------- 100,00
NEGB        19         458        1018       180        124225     1656           ------ 27,66               
NEGB        22         0          160        20         900        180             0,00                      
NEGB        23         1          19         0          21         20             - 5,00                     
NEGB        28         10         1626       0          91749      1636           - 0,61                     
NEGB        33         73         1153       0          77272      1226           -- 5,95                    
NEGB        37         135        1857       10         241610     2002           -- 6,74                    
NEGB        41         517        1475       0          226947     1992           ------ 25,95               
NEGB        48         402        8          0          8575       410            -------------------- 98,05 
NEGB        53         7          403        0          8614       410            - 1,71                     
NEGB        54         26         374        0          4299       400            -- 6,50                    
NEGB        58         0          10         0          134        10              0,00                      
NEGB        62         0          10         0          18         10              0,00                      
NEGB        83         19         161        20         1100       200            -- 9,50                    
NEGB        87         1602       18         180        146700     1800           ------------------ 89,00   
NEGB        93         1218       2          400        115397     1620           ---------------- 75,19     
NEGB        97         1218       2          0          74420      1220           -------------------- 99,84 
NEGB        102        1630       10         0          134846     1640           -------------------- 99,39 
NEGB        107        1630       10         0          135036     1640           -------------------- 99,39 
NEGB        114        1630       10         0          134630     1640           -------------------- 99,39 
