detail per task and per Perturbator.
Exploration Boolean Negation
26 perturbation point.
NEGB : negation of boolean value.
20 sudoku grid 
Those grid are read from file in resources/sudoku/grid.txt
Task       Perturbator IndexLoc   #Success   #Failure   #Exception #Call      #Perturbations %Success                   
0          NEGB       2          67         20         0          7971       87             ---------------- 77,01     
0          NEGB       5          5          20         0          730        25             ---- 20,00                 
0          NEGB       6          67         20         0          8007       87             ---------------- 77,01     
0          NEGB       11         0          20         0          238        20              0,00                      
0          NEGB       12         12         75         0          8389       87             --- 13,79                  
0          NEGB       13         12         75         0          8389       87             --- 13,79                  
0          NEGB       16         1          0          0          1          1              -------------------- 100,00
0          NEGB       19         23         50         9          6081       82             ------ 28,05               
0          NEGB       22         0          8          1          45         9               0,00                      
0          NEGB       23         0          1          0          1          1               0,00                      
0          NEGB       28         0          81         0          4340       81              0,00                      
0          NEGB       33         3          58         0          3869       61             - 4,92                     
0          NEGB       37         0          87         0          9760       87              0,00                      
0          NEGB       41         12         75         0          8389       87             --- 13,79                  
0          NEGB       48         20         0          0          403        20             -------------------- 100,00
0          NEGB       53         0          20         0          419        20              0,00                      
0          NEGB       54         1          19         0          210        20             - 5,00                     
0          NEGB       58         0          0          0          0          0              NaN                        
0          NEGB       62         0          0          0          0          0              NaN                        
0          NEGB       83         1          8          1          55         10             -- 10,00                   
0          NEGB       87         81         0          9          7335       90             ------------------ 90,00   
0          NEGB       93         61         0          20         5723       81             ---------------- 75,31     
0          NEGB       97         61         0          0          3721       61             -------------------- 100,00
0          NEGB       102        81         0          0          6561       81             -------------------- 100,00
0          NEGB       107        81         0          0          6561       81             -------------------- 100,00
0          NEGB       114        81         0          0          6561       81             -------------------- 100,00
1          NEGB       2          100        9          0          12052      109            ------------------- 91,74  
1          NEGB       5          23         9          0          988        32             --------------- 71,88      
1          NEGB       6          100        9          0          12322      109            ------------------- 91,74  
1          NEGB       11         13         9          0          416        22             ------------ 59,09         
1          NEGB       12         48         61         0          13035      109            --------- 44,04            
1          NEGB       13         48         61         0          13035      109            --------- 44,04            
1          NEGB       16         1          0          0          1          1              -------------------- 100,00
1          NEGB       19         26         51         9          6752       86             ------- 30,23              
1          NEGB       22         0          8          1          45         9               0,00                      
1          NEGB       23         1          0          0          2          1              -------------------- 100,00
1          NEGB       28         2          83         0          6184       85             - 2,35                     
1          NEGB       33         36         27         0          5338       63             ------------ 57,14         
1          NEGB       37         63         46         2          12812      111            ------------ 56,76         
1          NEGB       41         48         61         0          13035      109            --------- 44,04            
1          NEGB       48         20         2          0          490        22             ------------------- 90,91  
1          NEGB       53         7          15         0          517        22             ------- 31,82              
1          NEGB       54         7          13         0          309        20             ------- 35,00              
1          NEGB       58         0          2          0          28         2               0,00                      
1          NEGB       62         0          2          0          3          2               0,00                      
1          NEGB       83         1          8          1          55         10             -- 10,00                   
1          NEGB       87         81         0          9          7335       90             ------------------ 90,00   
1          NEGB       93         61         0          20         5773       81             ---------------- 75,31     
1          NEGB       97         61         0          0          3721       61             -------------------- 100,00
1          NEGB       102        83         2          0          7285       85             -------------------- 97,65 
1          NEGB       107        83         2          0          7269       85             -------------------- 97,65 
1          NEGB       114        83         2          0          7241       85             -------------------- 97,65 
2          NEGB       2          74         20         0          9323       94             ---------------- 78,72     
2          NEGB       5          11         20         0          1024       31             -------- 35,48             
2          NEGB       6          74         20         0          9899       94             ---------------- 78,72     
2          NEGB       11         1          20         0          305        21             - 4,76                     
2          NEGB       12         25         69         0          10537      94             ------ 26,60               
2          NEGB       13         25         69         0          10537      94             ------ 26,60               
2          NEGB       16         1          0          0          1          1              -------------------- 100,00
2          NEGB       19         14         59         9          6083       82             ---- 17,07                 
2          NEGB       22         0          8          1          45         9               0,00                      
2          NEGB       23         0          1          0          1          1               0,00                      
2          NEGB       28         0          81         0          4506       81              0,00                      
2          NEGB       33         3          58         0          3721       61             - 4,92                     
2          NEGB       37         0          94         0          10434      94              0,00                      
2          NEGB       41         25         69         0          10537      94             ------ 26,60               
2          NEGB       48         20         0          0          415        20             -------------------- 100,00
2          NEGB       53         0          20         0          428        20              0,00                      
2          NEGB       54         1          19         0          210        20             - 5,00                     
2          NEGB       58         0          0          0          0          0              NaN                        
2          NEGB       62         0          0          0          0          0              NaN                        
2          NEGB       83         1          8          1          55         10             -- 10,00                   
2          NEGB       87         81         0          9          7335       90             ------------------ 90,00   
2          NEGB       93         61         0          20         5886       81             ---------------- 75,31     
2          NEGB       97         61         0          0          3721       61             -------------------- 100,00
2          NEGB       102        81         0          0          6561       81             -------------------- 100,00
2          NEGB       107        81         0          0          6613       81             -------------------- 100,00
2          NEGB       114        81         0          0          6567       81             -------------------- 100,00
3          NEGB       2          63         20         0          9342       83             ---------------- 75,90     
3          NEGB       5          7          20         0          1298       27             ------ 25,93               
3          NEGB       6          63         20         0          9792       83             ---------------- 75,90     
3          NEGB       11         0          20         0          457        20              0,00                      
3          NEGB       12         27         56         0          10261      83             ------- 32,53              
3          NEGB       13         27         56         0          10261      83             ------- 32,53              
3          NEGB       16         1          0          0          1          1              -------------------- 100,00
3          NEGB       19         24         49         9          6079       82             ------ 29,27               
3          NEGB       22         0          8          1          45         9               0,00                      
3          NEGB       23         0          1          0          1          1               0,00                      
3          NEGB       28         0          81         0          5614       81              0,00                      
3          NEGB       33         3          58         0          3850       61             - 4,92                     
3          NEGB       37         0          83         0          18856      83              0,00                      
3          NEGB       41         27         56         0          10261      83             ------- 32,53              
3          NEGB       48         20         0          0          418        20             -------------------- 100,00
3          NEGB       53         0          20         0          439        20              0,00                      
3          NEGB       54         1          19         0          210        20             - 5,00                     
3          NEGB       58         0          0          0          0          0              NaN                        
3          NEGB       62         0          0          0          0          0              NaN                        
3          NEGB       83         1          8          1          55         10             -- 10,00                   
3          NEGB       87         81         0          9          7335       90             ------------------ 90,00   
3          NEGB       93         61         0          20         5842       81             ---------------- 75,31     
3          NEGB       97         61         0          0          3721       61             -------------------- 100,00
3          NEGB       102        81         0          0          6561       81             -------------------- 100,00
3          NEGB       107        81         0          0          6589       81             -------------------- 100,00
3          NEGB       114        81         0          0          6561       81             -------------------- 100,00
4          NEGB       2          78         20         0          12495      98             ---------------- 79,59     
4          NEGB       5          9          20         0          1344       29             ------- 31,03              
4          NEGB       6          78         20         0          12819      98             ---------------- 79,59     
4          NEGB       11         0          20         0          535        20              0,00                      
4          NEGB       12         19         79         0          13254      98             ---- 19,39                 
4          NEGB       13         19         79         0          13254      98             ---- 19,39                 
4          NEGB       16         1          0          0          1          1              -------------------- 100,00
4          NEGB       19         12         61         9          6082       82             --- 14,63                  
4          NEGB       22         0          8          1          45         9               0,00                      
4          NEGB       23         0          1          0          1          1               0,00                      
4          NEGB       28         0          81         0          6500       81              0,00                      
4          NEGB       33         3          58         0          3912       61             - 4,92                     
4          NEGB       37         0          98         0          26197      98              0,00                      
4          NEGB       41         19         79         0          13254      98             ---- 19,39                 
4          NEGB       48         20         0          0          415        20             -------------------- 100,00
4          NEGB       53         0          20         0          489        20              0,00                      
4          NEGB       54         1          19         0          210        20             - 5,00                     
4          NEGB       58         0          0          0          0          0              NaN                        
4          NEGB       62         0          0          0          0          0              NaN                        
4          NEGB       83         1          8          1          55         10             -- 10,00                   
4          NEGB       87         81         0          9          7335       90             ------------------ 90,00   
4          NEGB       93         61         0          20         5870       81             ---------------- 75,31     
4          NEGB       97         61         0          0          3721       61             -------------------- 100,00
4          NEGB       102        81         0          0          6569       81             -------------------- 100,00
4          NEGB       107        81         0          0          6585       81             -------------------- 100,00
4          NEGB       114        81         0          0          6561       81             -------------------- 100,00
5          NEGB       2          82         20         0          10659      102            ----------------- 80,39    
5          NEGB       5          11         20         0          836        31             -------- 35,48             
5          NEGB       6          82         20         0          10992      102            ----------------- 80,39    
5          NEGB       11         1          20         0          299        21             - 4,76                     
5          NEGB       12         30         72         0          12369      102            ------ 29,41               
5          NEGB       13         30         72         0          12369      102            ------ 29,41               
5          NEGB       16         1          0          0          1          1              -------------------- 100,00
5          NEGB       19         30         43         9          6076       82             -------- 36,59             
5          NEGB       22         0          8          1          45         9               0,00                      
5          NEGB       23         0          1          0          1          1               0,00                      
5          NEGB       28         0          81         0          4256       81              0,00                      
5          NEGB       33         7          54         0          3731       61             --- 11,48                  
5          NEGB       37         0          102        0          11089      102             0,00                      
5          NEGB       41         30         72         0          12369      102            ------ 29,41               
5          NEGB       48         20         0          0          417        20             -------------------- 100,00
5          NEGB       53         0          20         0          408        20              0,00                      
5          NEGB       54         1          19         0          210        20             - 5,00                     
5          NEGB       58         0          0          0          0          0              NaN                        
5          NEGB       62         0          0          0          0          0              NaN                        
5          NEGB       83         1          8          1          55         10             -- 10,00                   
5          NEGB       87         81         0          9          7335       90             ------------------ 90,00   
5          NEGB       93         61         0          20         5700       81             ---------------- 75,31     
5          NEGB       97         61         0          0          3721       61             -------------------- 100,00
5          NEGB       102        81         0          0          6587       81             -------------------- 100,00
5          NEGB       107        81         0          0          6575       81             -------------------- 100,00
5          NEGB       114        81         0          0          6567       81             -------------------- 100,00
6          NEGB       2          88         20         0          11412      108            ----------------- 81,48    
6          NEGB       5          10         20         0          787        30             ------- 33,33              
6          NEGB       6          88         20         0          11655      108            ----------------- 81,48    
6          NEGB       11         1          20         0          264        21             - 4,76                     
6          NEGB       12         17         91         0          12021      108            ---- 15,74                 
6          NEGB       13         17         91         0          12021      108            ---- 15,74                 
6          NEGB       16         1          0          0          1          1              -------------------- 100,00
6          NEGB       19         24         49         9          6067       82             ------ 29,27               
6          NEGB       22         0          8          1          45         9               0,00                      
6          NEGB       23         0          1          0          1          1               0,00                      
6          NEGB       28         0          81         0          4082       81              0,00                      
6          NEGB       33         1          60         0          3721       61             - 1,64                     
6          NEGB       37         0          108        0          10116      108             0,00                      
6          NEGB       41         17         91         0          12021      108            ---- 15,74                 
6          NEGB       48         20         0          0          400        20             -------------------- 100,00
6          NEGB       53         0          20         0          400        20              0,00                      
6          NEGB       54         1          19         0          210        20             - 5,00                     
6          NEGB       58         0          0          0          0          0              NaN                        
6          NEGB       62         0          0          0          0          0              NaN                        
6          NEGB       83         1          8          1          55         10             -- 10,00                   
6          NEGB       87         81         0          9          7335       90             ------------------ 90,00   
6          NEGB       93         61         0          20         5785       81             ---------------- 75,31     
6          NEGB       97         61         0          0          3721       61             -------------------- 100,00
6          NEGB       102        81         0          0          6565       81             -------------------- 100,00
6          NEGB       107        81         0          0          6581       81             -------------------- 100,00
6          NEGB       114        81         0          0          6565       81             -------------------- 100,00
7          NEGB       2          110        20         0          16793      130            ----------------- 84,62    
7          NEGB       5          17         20         0          1232       37             ---------- 45,95           
7          NEGB       6          110        20         0          17720      130            ----------------- 84,62    
7          NEGB       11         4          20         0          378        24             ---- 16,67                 
7          NEGB       12         58         72         0          19532      130            --------- 44,62            
7          NEGB       13         58         72         0          19532      130            --------- 44,62            
7          NEGB       16         1          0          0          1          1              -------------------- 100,00
7          NEGB       19         27         51         9          6944       87             ------- 31,03              
7          NEGB       22         0          8          1          45         9               0,00                      
7          NEGB       23         0          1          0          1          1               0,00                      
7          NEGB       28         4          82         0          5222       86             - 4,65                     
7          NEGB       33         0          62         0          3790       62              0,00                      
7          NEGB       37         36         94         4          16578      134            ------ 26,87               
7          NEGB       41         58         72         0          19532      130            --------- 44,62            
7          NEGB       48         22         2          0          581        24             ------------------- 91,67  
7          NEGB       53         0          24         0          513        24              0,00                      
7          NEGB       54         1          19         0          210        20             - 5,00                     
7          NEGB       58         0          4          0          40         4               0,00                      
7          NEGB       62         0          4          0          10         4               0,00                      
7          NEGB       83         1          8          1          55         10             -- 10,00                   
7          NEGB       87         81         0          9          7335       90             ------------------ 90,00   
7          NEGB       93         61         0          20         5778       81             ---------------- 75,31     
7          NEGB       97         61         0          0          3721       61             -------------------- 100,00
7          NEGB       102        85         4          0          7953       89             -------------------- 95,51 
7          NEGB       107        85         4          0          7939       89             -------------------- 95,51 
7          NEGB       114        85         4          0          7897       89             -------------------- 95,51 
8          NEGB       2          84         20         0          10635      104            ----------------- 80,77    
8          NEGB       5          8          20         0          650        28             ------ 28,57               
8          NEGB       6          84         20         0          10851      104            ----------------- 80,77    
8          NEGB       11         1          20         0          251        21             - 4,76                     
8          NEGB       12         21         83         0          11110      104            ----- 20,19                
8          NEGB       13         21         83         0          11110      104            ----- 20,19                
8          NEGB       16         1          0          0          1          1              -------------------- 100,00
8          NEGB       19         21         52         9          6067       82             ------ 25,61               
8          NEGB       22         0          8          1          45         9               0,00                      
8          NEGB       23         0          1          0          1          1               0,00                      
8          NEGB       28         0          81         0          4121       81              0,00                      
8          NEGB       33         1          60         0          3721       61             - 1,64                     
8          NEGB       37         0          104        0          10437      104             0,00                      
8          NEGB       41         21         83         0          11110      104            ----- 20,19                
8          NEGB       48         20         0          0          400        20             -------------------- 100,00
8          NEGB       53         0          20         0          400        20              0,00                      
8          NEGB       54         1          19         0          210        20             - 5,00                     
8          NEGB       58         0          0          0          0          0              NaN                        
8          NEGB       62         0          0          0          0          0              NaN                        
8          NEGB       83         1          8          1          55         10             -- 10,00                   
8          NEGB       87         81         0          9          7335       90             ------------------ 90,00   
8          NEGB       93         61         0          20         5772       81             ---------------- 75,31     
8          NEGB       97         61         0          0          3721       61             -------------------- 100,00
8          NEGB       102        81         0          0          6563       81             -------------------- 100,00
8          NEGB       107        81         0          0          6575       81             -------------------- 100,00
8          NEGB       114        81         0          0          6563       81             -------------------- 100,00
9          NEGB       2          75         20         0          9258       95             ---------------- 78,95     
9          NEGB       5          6          20         0          615        26             ----- 23,08                
9          NEGB       6          75         20         0          9357       95             ---------------- 78,95     
9          NEGB       11         0          20         0          256        20              0,00                      
9          NEGB       12         15         80         0          9623       95             ---- 15,79                 
9          NEGB       13         15         80         0          9623       95             ---- 15,79                 
9          NEGB       16         1          0          0          1          1              -------------------- 100,00
9          NEGB       19         23         50         9          6067       82             ------ 28,05               
9          NEGB       22         0          8          1          45         9               0,00                      
9          NEGB       23         0          1          0          1          1               0,00                      
9          NEGB       28         0          81         0          4258       81              0,00                      
9          NEGB       33         0          61         0          3761       61              0,00                      
9          NEGB       37         0          95         0          11015      95              0,00                      
9          NEGB       41         15         80         0          9623       95             ---- 15,79                 
9          NEGB       48         20         0          0          403        20             -------------------- 100,00
9          NEGB       53         0          20         0          405        20              0,00                      
9          NEGB       54         1          19         0          210        20             - 5,00                     
9          NEGB       58         0          0          0          0          0              NaN                        
9          NEGB       62         0          0          0          0          0              NaN                        
9          NEGB       83         1          8          1          55         10             -- 10,00                   
9          NEGB       87         81         0          9          7335       90             ------------------ 90,00   
9          NEGB       93         61         0          20         5738       81             ---------------- 75,31     
9          NEGB       97         61         0          0          3721       61             -------------------- 100,00
9          NEGB       102        81         0          0          6563       81             -------------------- 100,00
9          NEGB       107        81         0          0          6575       81             -------------------- 100,00
9          NEGB       114        81         0          0          6561       81             -------------------- 100,00
10         NEGB       2          83         20         0          10457      103            ----------------- 80,58    
10         NEGB       5          11         20         0          832        31             -------- 35,48             
10         NEGB       6          83         20         0          10718      103            ----------------- 80,58    
10         NEGB       11         1          20         0          241        21             - 4,76                     
10         NEGB       12         27         76         0          11482      103            ------ 26,21               
10         NEGB       13         27         76         0          11482      103            ------ 26,21               
10         NEGB       16         1          0          0          1          1              -------------------- 100,00
10         NEGB       19         23         50         9          6067       82             ------ 28,05               
10         NEGB       22         0          8          1          45         9               0,00                      
10         NEGB       23         0          1          0          1          1               0,00                      
10         NEGB       28         0          81         0          4100       81              0,00                      
10         NEGB       33         1          60         0          3721       61             - 1,64                     
10         NEGB       37         0          103        0          9792       103             0,00                      
10         NEGB       41         27         76         0          11482      103            ------ 26,21               
10         NEGB       48         20         0          0          400        20             -------------------- 100,00
10         NEGB       53         0          20         0          400        20              0,00                      
10         NEGB       54         1          19         0          210        20             - 5,00                     
10         NEGB       58         0          0          0          0          0              NaN                        
10         NEGB       62         0          0          0          0          0              NaN                        
10         NEGB       83         0          9          1          55         10              0,00                      
10         NEGB       87         77         4          9          7335       90             ------------------ 85,56   
10         NEGB       93         60         1          20         5764       81             --------------- 74,07      
10         NEGB       97         60         1          0          3721       61             -------------------- 98,36 
10         NEGB       102        81         0          0          6565       81             -------------------- 100,00
10         NEGB       107        81         0          0          6579       81             -------------------- 100,00
10         NEGB       114        81         0          0          6563       81             -------------------- 100,00
11         NEGB       2          79         20         0          9711       99             ---------------- 79,80     
11         NEGB       5          11         20         0          887        31             -------- 35,48             
11         NEGB       6          79         20         0          9873       99             ---------------- 79,80     
11         NEGB       11         1          20         0          251        21             - 4,76                     
11         NEGB       12         20         79         0          11175      99             ----- 20,20                
11         NEGB       13         20         79         0          11175      99             ----- 20,20                
11         NEGB       16         1          0          0          1          1              -------------------- 100,00
11         NEGB       19         26         47         9          6070       82             ------- 31,71              
11         NEGB       22         0          8          1          45         9               0,00                      
11         NEGB       23         0          1          0          1          1               0,00                      
11         NEGB       28         0          81         0          4378       81              0,00                      
11         NEGB       33         3          58         0          3721       61             - 4,92                     
11         NEGB       37         0          99         0          10005      99              0,00                      
11         NEGB       41         20         79         0          11175      99             ----- 20,20                
11         NEGB       48         20         0          0          438        20             -------------------- 100,00
11         NEGB       53         0          20         0          400        20              0,00                      
11         NEGB       54         1          19         0          210        20             - 5,00                     
11         NEGB       58         0          0          0          0          0              NaN                        
11         NEGB       62         0          0          0          0          0              NaN                        
11         NEGB       83         1          8          1          55         10             -- 10,00                   
11         NEGB       87         81         0          9          7335       90             ------------------ 90,00   
11         NEGB       93         61         0          20         5695       81             ---------------- 75,31     
11         NEGB       97         61         0          0          3721       61             -------------------- 100,00
11         NEGB       102        81         0          0          6561       81             -------------------- 100,00
11         NEGB       107        81         0          0          6589       81             -------------------- 100,00
11         NEGB       114        81         0          0          6567       81             -------------------- 100,00
12         NEGB       2          80         20         0          10061      100            ---------------- 80,00     
12         NEGB       5          10         20         0          823        30             ------- 33,33              
12         NEGB       6          80         20         0          10304      100            ---------------- 80,00     
12         NEGB       11         1          20         0          240        21             - 4,76                     
12         NEGB       12         32         68         0          10919      100            ------- 32,00              
12         NEGB       13         32         68         0          10919      100            ------- 32,00              
12         NEGB       16         1          0          0          1          1              -------------------- 100,00
12         NEGB       19         23         51         9          6260       83             ------ 27,71               
12         NEGB       22         0          8          1          45         9               0,00                      
12         NEGB       23         0          1          0          1          1               0,00                      
12         NEGB       28         1          81         0          4218       82             - 1,22                     
12         NEGB       33         1          60         0          3721       61             - 1,64                     
12         NEGB       37         9          91         1          10574      101            -- 8,91                    
12         NEGB       41         32         68         0          10919      100            ------- 32,00              
12         NEGB       48         20         1          0          447        21             -------------------- 95,24 
12         NEGB       53         0          21         0          432        21              0,00                      
12         NEGB       54         1          19         0          210        20             - 5,00                     
12         NEGB       58         0          1          0          13         1               0,00                      
12         NEGB       62         0          1          0          1          1               0,00                      
12         NEGB       83         1          8          1          55         10             -- 10,00                   
12         NEGB       87         77         4          9          7335       90             ------------------ 85,56   
12         NEGB       93         61         0          20         5771       81             ---------------- 75,31     
12         NEGB       97         61         0          0          3721       61             -------------------- 100,00
12         NEGB       102        82         1          0          6923       83             -------------------- 98,80 
12         NEGB       107        82         1          0          6909       83             -------------------- 98,80 
12         NEGB       114        82         1          0          6893       83             -------------------- 98,80 
13         NEGB       2          79         20         0          10080      99             ---------------- 79,80     
13         NEGB       5          10         20         0          878        30             ------- 33,33              
13         NEGB       6          79         20         0          10548      99             ---------------- 79,80     
13         NEGB       11         1          20         0          290        21             - 4,76                     
13         NEGB       12         27         72         0          10977      99             ------ 27,27               
13         NEGB       13         27         72         0          10977      99             ------ 27,27               
13         NEGB       16         1          0          0          1          1              -------------------- 100,00
13         NEGB       19         16         59         9          6384       84             ---- 19,05                 
13         NEGB       22         0          8          1          45         9               0,00                      
13         NEGB       23         0          1          0          1          1               0,00                      
13         NEGB       28         1          82         0          4599       83             - 1,20                     
13         NEGB       33         3          59         0          4023       62             - 4,84                     
13         NEGB       37         9          90         1          11507      100            -- 9,00                    
13         NEGB       41         27         72         0          10977      99             ------ 27,27               
13         NEGB       48         20         1          0          440        21             -------------------- 95,24 
13         NEGB       53         0          21         0          466        21              0,00                      
13         NEGB       54         1          19         0          210        20             - 5,00                     
13         NEGB       58         0          1          0          19         1               0,00                      
13         NEGB       62         0          1          0          1          1               0,00                      
13         NEGB       83         1          8          1          55         10             -- 10,00                   
13         NEGB       87         81         0          9          7335       90             ------------------ 90,00   
13         NEGB       93         61         0          20         5883       81             ---------------- 75,31     
13         NEGB       97         61         0          0          3721       61             -------------------- 100,00
13         NEGB       102        82         1          0          6911       83             -------------------- 98,80 
13         NEGB       107        82         1          0          6939       83             -------------------- 98,80 
13         NEGB       114        82         1          0          6909       83             -------------------- 98,80 
14         NEGB       2          50         20         0          5408       70             --------------- 71,43      
14         NEGB       5          9          20         0          722        29             ------- 31,03              
14         NEGB       6          50         20         0          5633       70             --------------- 71,43      
14         NEGB       11         1          20         0          250        21             - 4,76                     
14         NEGB       12         21         49         0          6162       70             ------ 30,00               
14         NEGB       13         21         49         0          6162       70             ------ 30,00               
14         NEGB       16         1          0          0          1          1              -------------------- 100,00
14         NEGB       19         27         46         9          6080       82             ------- 32,93              
14         NEGB       22         0          8          1          45         9               0,00                      
14         NEGB       23         0          1          0          1          1               0,00                      
14         NEGB       28         0          81         0          4198       81              0,00                      
14         NEGB       33         0          61         0          3721       61              0,00                      
14         NEGB       37         0          70         0          6970       70              0,00                      
14         NEGB       41         21         49         0          6162       70             ------ 30,00               
14         NEGB       48         20         0          0          413        20             -------------------- 100,00
14         NEGB       53         0          20         0          400        20              0,00                      
14         NEGB       54         1          19         0          210        20             - 5,00                     
14         NEGB       58         0          0          0          0          0              NaN                        
14         NEGB       62         0          0          0          0          0              NaN                        
14         NEGB       83         1          8          1          55         10             -- 10,00                   
14         NEGB       87         81         0          9          7335       90             ------------------ 90,00   
14         NEGB       93         61         0          20         5608       81             ---------------- 75,31     
14         NEGB       97         61         0          0          3721       61             -------------------- 100,00
14         NEGB       102        81         0          0          6565       81             -------------------- 100,00
14         NEGB       107        81         0          0          6563       81             -------------------- 100,00
14         NEGB       114        81         0          0          6563       81             -------------------- 100,00
15         NEGB       2          88         20         0          11547      108            ----------------- 81,48    
15         NEGB       5          8          20         0          690        28             ------ 28,57               
15         NEGB       6          88         20         0          11655      108            ----------------- 81,48    
15         NEGB       11         0          20         0          222        20              0,00                      
15         NEGB       12         17         91         0          11924      108            ---- 15,74                 
15         NEGB       13         17         91         0          11924      108            ---- 15,74                 
15         NEGB       16         1          0          0          1          1              -------------------- 100,00
15         NEGB       19         25         48         9          6067       82             ------- 30,49              
15         NEGB       22         0          8          1          45         9               0,00                      
15         NEGB       23         0          1          0          1          1               0,00                      
15         NEGB       28         0          81         0          4210       81              0,00                      
15         NEGB       33         0          61         0          3769       61              0,00                      
15         NEGB       37         0          108        0          11902      108             0,00                      
15         NEGB       41         17         91         0          11924      108            ---- 15,74                 
15         NEGB       48         20         0          0          400        20             -------------------- 100,00
15         NEGB       53         0          20         0          409        20              0,00                      
15         NEGB       54         1          19         0          210        20             - 5,00                     
15         NEGB       58         0          0          0          0          0              NaN                        
15         NEGB       62         0          0          0          0          0              NaN                        
15         NEGB       83         1          8          1          55         10             -- 10,00                   
15         NEGB       87         74         7          9          7335       90             ----------------- 82,22    
15         NEGB       93         60         1          20         5701       81             --------------- 74,07      
15         NEGB       97         60         1          0          3721       61             -------------------- 98,36 
15         NEGB       102        81         0          0          6571       81             -------------------- 100,00
15         NEGB       107        81         0          0          6567       81             -------------------- 100,00
15         NEGB       114        81         0          0          6561       81             -------------------- 100,00
16         NEGB       2          85         20         0          10851      105            ----------------- 80,95    
16         NEGB       5          6          20         0          593        26             ----- 23,08                
16         NEGB       6          85         20         0          11121      105            ----------------- 80,95    
16         NEGB       11         0          20         0          210        20              0,00                      
16         NEGB       12         22         83         0          11401      105            ----- 20,95                
16         NEGB       13         22         83         0          11401      105            ----- 20,95                
16         NEGB       16         1          0          0          1          1              -------------------- 100,00
16         NEGB       19         35         38         9          6067       82             --------- 42,68            
16         NEGB       22         0          8          1          45         9               0,00                      
16         NEGB       23         0          1          0          1          1               0,00                      
16         NEGB       28         0          81         0          3999       81              0,00                      
16         NEGB       33         0          61         0          3721       61              0,00                      
16         NEGB       37         0          105        0          10647      105             0,00                      
16         NEGB       41         22         83         0          11401      105            ----- 20,95                
16         NEGB       48         20         0          0          404        20             -------------------- 100,00
16         NEGB       53         0          20         0          400        20              0,00                      
16         NEGB       54         1          19         0          210        20             - 5,00                     
16         NEGB       58         0          0          0          0          0              NaN                        
16         NEGB       62         0          0          0          0          0              NaN                        
16         NEGB       83         1          8          1          55         10             -- 10,00                   
16         NEGB       87         81         0          9          7335       90             ------------------ 90,00   
16         NEGB       93         61         0          20         5751       81             ---------------- 75,31     
16         NEGB       97         61         0          0          3721       61             -------------------- 100,00
16         NEGB       102        81         0          0          6569       81             -------------------- 100,00
16         NEGB       107        81         0          0          6587       81             -------------------- 100,00
16         NEGB       114        81         0          0          6561       81             -------------------- 100,00
17         NEGB       2          69         20         0          8040       89             ---------------- 77,53     
17         NEGB       5          8          20         0          694        28             ------ 28,57               
17         NEGB       6          69         20         0          8274       89             ---------------- 77,53     
17         NEGB       11         0          20         0          210        20              0,00                      
17         NEGB       12         19         70         0          8318       89             ----- 21,35                
17         NEGB       13         19         70         0          8318       89             ----- 21,35                
17         NEGB       16         1          0          0          1          1              -------------------- 100,00
17         NEGB       19         9          64         9          6067       82             --- 10,98                  
17         NEGB       22         0          8          1          45         9               0,00                      
17         NEGB       23         0          1          0          1          1               0,00                      
17         NEGB       28         0          81         0          4098       81              0,00                      
17         NEGB       33         1          60         0          3721       61             - 1,64                     
17         NEGB       37         0          89         0          9989       89              0,00                      
17         NEGB       41         19         70         0          8318       89             ----- 21,35                
17         NEGB       48         20         0          0          405        20             -------------------- 100,00
17         NEGB       53         0          20         0          400        20              0,00                      
17         NEGB       54         1          19         0          210        20             - 5,00                     
17         NEGB       58         0          0          0          0          0              NaN                        
17         NEGB       62         0          0          0          0          0              NaN                        
17         NEGB       83         1          8          1          55         10             -- 10,00                   
17         NEGB       87         81         0          9          7335       90             ------------------ 90,00   
17         NEGB       93         61         0          20         5830       81             ---------------- 75,31     
17         NEGB       97         61         0          0          3721       61             -------------------- 100,00
17         NEGB       102        81         0          0          6563       81             -------------------- 100,00
17         NEGB       107        81         0          0          6583       81             -------------------- 100,00
17         NEGB       114        81         0          0          6561       81             -------------------- 100,00
18         NEGB       2          76         20         0          9375       96             ---------------- 79,17     
18         NEGB       5          6          20         0          638        26             ----- 23,08                
18         NEGB       6          76         20         0          9528       96             ---------------- 79,17     
18         NEGB       11         0          20         0          225        20              0,00                      
18         NEGB       12         20         76         0          9858       96             ----- 20,83                
18         NEGB       13         20         76         0          9858       96             ----- 20,83                
18         NEGB       16         1          0          0          1          1              -------------------- 100,00
18         NEGB       19         28         45         9          6081       82             ------- 34,15              
18         NEGB       22         0          8          1          45         9               0,00                      
18         NEGB       23         0          1          0          1          1               0,00                      
18         NEGB       28         0          81         0          4163       81              0,00                      
18         NEGB       33         6          55         0          3781       61             -- 9,84                    
18         NEGB       37         0          96         0          11345      96              0,00                      
18         NEGB       41         20         76         0          9858       96             ----- 20,83                
18         NEGB       48         20         0          0          402        20             -------------------- 100,00
18         NEGB       53         0          20         0          413        20              0,00                      
18         NEGB       54         1          19         0          210        20             - 5,00                     
18         NEGB       58         0          0          0          0          0              NaN                        
18         NEGB       62         0          0          0          0          0              NaN                        
18         NEGB       83         1          8          1          55         10             -- 10,00                   
18         NEGB       87         81         0          9          7335       90             ------------------ 90,00   
18         NEGB       93         61         0          20         5760       81             ---------------- 75,31     
18         NEGB       97         61         0          0          3721       61             -------------------- 100,00
18         NEGB       102        81         0          0          6573       81             -------------------- 100,00
18         NEGB       107        81         0          0          6573       81             -------------------- 100,00
18         NEGB       114        81         0          0          6561       81             -------------------- 100,00
19         NEGB       2          93         20         0          12696      113            ----------------- 82,30    
19         NEGB       5          16         20         0          1183       36             --------- 44,44            
19         NEGB       6          93         20         0          13128      113            ----------------- 82,30    
19         NEGB       11         2          20         0          314        22             -- 9,09                    
19         NEGB       12         40         73         0          14600      113            -------- 35,40             
19         NEGB       13         40         73         0          14600      113            -------- 35,40             
19         NEGB       16         1          0          0          1          1              -------------------- 100,00
19         NEGB       19         22         55         9          6784       86             ------ 25,58               
19         NEGB       22         0          8          1          45         9               0,00                      
19         NEGB       23         0          1          0          1          1               0,00                      
19         NEGB       28         2          83         0          4703       85             - 2,35                     
19         NEGB       33         1          62         0          3959       63             - 1,59                     
19         NEGB       37         18         95         2          11585      115            ---- 15,65                 
19         NEGB       41         40         73         0          14600      113            -------- 35,40             
19         NEGB       48         20         2          0          484        22             ------------------- 90,91  
19         NEGB       53         0          22         0          476        22              0,00                      
19         NEGB       54         1          19         0          210        20             - 5,00                     
19         NEGB       58         0          2          0          34         2               0,00                      
19         NEGB       62         0          2          0          3          2               0,00                      
19         NEGB       83         1          8          1          55         10             -- 10,00                   
19         NEGB       87         78         3          9          7335       90             ------------------ 86,67   
19         NEGB       93         61         0          20         5767       81             ---------------- 75,31     
19         NEGB       97         61         0          0          3721       61             -------------------- 100,00
19         NEGB       102        83         2          0          7277       85             -------------------- 97,65 
19         NEGB       107        83         2          0          7285       85             -------------------- 97,65 
19         NEGB       114        83         2          0          7247       85             -------------------- 97,65 
