aggregate data per location for random rate = 0.005 and with Perturbator = NEGB
Exploration Boolean Negation
26 perturbation point.
NEGB : negation of boolean value.
20 sudoku grid 
Those grid are read from file in resources/sudoku/grid.txt
IndexLoc   #Success   #Failure   #Exception #CallAllExecs      AvgCallPerExec     #Perturbations AvgPerturbationPerExec   #Execs     #Tasks     %Success                   
2          90         10         0          10105              101,05             45             0,45                     100        20         ------------------ 90,00   
5          89         11         0          2879               28,79              14             0,14                     100        20         ------------------ 89,00   
6          91         9          0          10545              105,45             50             0,50                     100        20         ------------------- 91,00  
11         91         9          0          2010               20,10              9              0,09                     100        20         ------------------- 91,00  
12         70         30         0          10113              101,13             46             0,46                     100        20         -------------- 70,00       
13         70         30         0          10113              101,13             46             0,46                     100        20         -------------- 70,00       
16         100        0          0          100                1,00               1              0,01                     100        20         -------------------- 100,00
19         77         19         4          7973               79,73              35             0,35                     100        20         ---------------- 77,00     
22         98         2          0          894                8,94               2              0,02                     100        20         -------------------- 98,00 
23         99         1          0          100                1,00               1              0,01                     100        20         -------------------- 99,00 
28         68         32         0          7379               73,79              34             0,34                     100        20         -------------- 68,00       
33         77         23         0          6132               61,32              27             0,27                     100        20         ---------------- 77,00     
37         66         32         2          10283              102,83             47             0,47                     100        20         -------------- 66,00       
41         70         30         0          10113              101,13             46             0,46                     100        20         -------------- 70,00       
48         100        0          0          2051               20,51              9              0,09                     100        20         -------------------- 100,00
53         91         9          0          2051               20,51              9              0,09                     100        20         ------------------- 91,00  
54         93         7          0          1918               19,18              9              0,09                     100        20         ------------------- 93,00  
58         100        0          0          50                 0,50               0              0,00                     100        20         NaN                        
62         100        0          0          50                 0,50               0              0,00                     100        20         NaN                        
83         98         0          2          1000               10,00              2              0,02                     100        20         -------------------- 98,00 
87         95         3          2          8770               87,70              41             0,41                     100        20         ------------------- 95,00  
93         85         0          15         7647               76,47              34             0,34                     100        20         ----------------- 85,00    
97         100        0          0          6100               61,00              27             0,27                     100        20         -------------------- 100,00
102        99         1          0          10583              105,83             51             0,51                     100        20         -------------------- 99,00 
107        100        0          0          8200               82,00              38             0,38                     100        20         -------------------- 100,00
114        100        0          0          8206               82,06              38             0,38                     100        20         -------------------- 100,00
