contains the data for the random rates analysis graph.
SERN
random Rates : 0.001 0.002 0.005 0.009 0.01 0.02 0.05 0.09 0.1 0.2 0.5 0.9 
26 perturbation point
5 repetition of each point of each task
INV : Boolean Perturbator, Random Enactor, seed :32
1 sudoku grid 
Those grid are read from file in resources/sudoku/grid.txt
RandomRate IndexLoc   #Success   #Failure   #Exception #Call      #Perturbation  %Success                   
0.001      2          5          0          0          3020       2              -------------------- 100,00
0.002      2          4          1          0          2452       4              ---------------- 80,00     
0.005      2          4          1          0          2452       12             ---------------- 80,00     
0.009      2          4          1          0          2803       26             ---------------- 80,00     
0.01       2          4          1          0          2803       28             ---------------- 80,00     
0.02       2          2          3          0          3197       63             -------- 40,00             
0.05       2          0          5          0          7381       339             0,00                      
0.09       2          0          5          0          1485       138             0,00                      
0.1        2          0          5          0          1836       189             0,00                      
0.2        2          0          5          0          540        125             0,00                      
0.5        2          0          5          0          477        256             0,00                      
0.9        2          0          5          0          153        139             0,00                      
0.001      5          5          0          0          1180       1              -------------------- 100,00
0.002      5          5          0          0          1180       1              -------------------- 100,00
0.005      5          4          1          0          1160       4              ---------------- 80,00     
0.009      5          3          2          0          1112       8              ------------ 60,00         
0.01       5          3          2          0          1112       8              ------------ 60,00         
0.02       5          2          3          0          909        20             -------- 40,00             
0.05       5          1          4          0          1462       70             ---- 20,00                 
0.09       5          2          3          0          8921       814            -------- 40,00             
0.1        5          2          3          0          5308       544            -------- 40,00             
0.2        5          0          5          0          6684       1347            0,00                      
0.5        5          0          5          0          1003       527             0,00                      
0.9        5          0          5          0          242        218             0,00                      
0.001      6          5          0          0          3020       2              -------------------- 100,00
0.002      6          4          1          0          2452       4              ---------------- 80,00     
0.005      6          4          1          0          2866       14             ---------------- 80,00     
0.009      6          3          2          0          3594       31             ------------ 60,00         
0.01       6          2          3          0          32700      332            -------- 40,00             
0.02       6          3          2          0          13081      274            ------------ 60,00         
0.05       6          0          5          0          14979      715             0,00                      
0.09       6          0          5          0          13523      1221            0,00                      
0.1        6          0          5          0          10409      1056            0,00                      
0.2        6          0          5          0          7115       1442            0,00                      
0.5        6          0          5          0          8312       4181            0,00                      
0.9        6          0          5          0          3150       2836            0,00                      
0.001      11         5          0          0          540        0              NaN                        
0.002      11         5          0          0          540        0              NaN                        
0.005      11         5          0          0          537        1              -------------------- 100,00
0.009      11         4          1          0          525        2              ---------------- 80,00     
0.01       11         4          1          0          525        2              ---------------- 80,00     
0.02       11         3          2          0          398        8              ------------ 60,00         
0.05       11         0          5          0          419        19              0,00                      
0.09       11         0          5          0          249        24              0,00                      
0.1        11         0          5          0          155        21              0,00                      
0.2        11         0          5          0          72         18              0,00                      
0.5        11         0          5          0          29         13              0,00                      
0.9        11         0          5          0          20         20              0,00                      
0.001      12         5          0          0          3173       2              -------------------- 100,00
0.002      12         2          3          0          4168       5              -------- 40,00             
0.005      12         1          4          0          13430      61             ---- 20,00                 
0.009      12         0          5          0          8229       76              0,00                      
0.01       12         0          5          0          6612       68              0,00                      
0.02       12         0          5          0          5006       105             0,00                      
0.05       12         0          5          0          2848       133             0,00                      
0.09       12         0          5          0          1785       163             0,00                      
0.1        12         0          5          0          1108       123             0,00                      
0.2        12         0          5          0          835        185             0,00                      
0.5        12         0          5          0          429        221             0,00                      
0.9        12         0          5          0          251        227             0,00                      
0.001      13         5          0          0          3173       2              -------------------- 100,00
0.002      13         2          3          0          4168       5              -------- 40,00             
0.005      13         1          4          0          13430      61             ---- 20,00                 
0.009      13         0          5          0          8229       76              0,00                      
0.01       13         0          5          0          6612       68              0,00                      
0.02       13         0          5          0          5006       105             0,00                      
0.05       13         0          5          0          2848       133             0,00                      
0.09       13         0          5          0          1785       163             0,00                      
0.1        13         0          5          0          1108       123             0,00                      
0.2        13         0          5          0          835        185             0,00                      
0.5        13         0          5          0          429        221             0,00                      
0.9        13         0          5          0          251        227             0,00                      
0.001      16         5          0          0          5          0              NaN                        
0.002      16         5          0          0          5          0              NaN                        
0.005      16         5          0          0          5          0              NaN                        
0.009      16         5          0          0          5          0              NaN                        
0.01       16         5          0          0          5          0              NaN                        
0.02       16         5          0          0          5          0              NaN                        
0.05       16         5          0          0          5          0              NaN                        
0.09       16         5          0          0          5          0              NaN                        
0.1        16         5          0          0          5          0              NaN                        
0.2        16         5          0          0          5          0              NaN                        
0.5        16         5          0          0          5          2              -------------------- 100,00
0.9        16         5          0          0          5          5              -------------------- 100,00
0.001      19         5          0          0          760        0              NaN                        
0.002      19         5          0          0          760        0              NaN                        
0.005      19         5          0          0          782        1              -------------------- 100,00
0.009      19         4          1          0          777        3              ---------------- 80,00     
0.01       19         4          1          0          777        3              ---------------- 80,00     
0.02       19         1          3          1          673        12             ---- 20,00                 
0.05       19         0          3          2          409        19              0,00                      
0.09       19         0          5          0          458        45              0,00                      
0.1        19         0          4          1          324        38              0,00                      
0.2        19         0          5          0          203        42              0,00                      
0.5        19         0          5          0          88         45              0,00                      
0.9        19         0          5          0          47         45              0,00                      
0.001      22         5          0          0          75         0              NaN                        
0.002      22         5          0          0          75         0              NaN                        
0.005      22         4          0          1          75         1              ---------------- 80,00     
0.009      22         4          0          1          75         1              ---------------- 80,00     
0.01       22         4          0          1          75         1              ---------------- 80,00     
0.02       22         3          2          0          56         2              ------------ 60,00         
0.05       22         2          2          1          52         3              -------- 40,00             
0.09       22         1          4          0          45         4              ---- 20,00                 
0.1        22         1          4          0          45         4              ---- 20,00                 
0.2        22         0          5          0          21         5               0,00                      
0.5        22         0          5          0          12         5               0,00                      
0.9        22         0          5          0          5          5               0,00                      
0.001      23         5          0          0          5          0              NaN                        
0.002      23         5          0          0          5          0              NaN                        
0.005      23         5          0          0          5          0              NaN                        
0.009      23         5          0          0          5          0              NaN                        
0.01       23         5          0          0          5          0              NaN                        
0.02       23         5          0          0          5          0              NaN                        
0.05       23         5          0          0          5          0              NaN                        
0.09       23         5          0          0          5          0              NaN                        
0.1        23         5          0          0          5          0              NaN                        
0.2        23         5          0          0          5          0              NaN                        
0.5        23         3          2          0          5          2              ------------ 60,00         
0.9        23         0          5          0          5          5               0,00                      
0.001      28         5          0          0          755        0              NaN                        
0.002      28         5          0          0          755        0              NaN                        
0.005      28         4          1          0          742        1              ---------------- 80,00     
0.009      28         3          2          0          742        2              ------------ 60,00         
0.01       28         3          2          0          742        2              ------------ 60,00         
0.02       28         1          4          0          617        11             ---- 20,00                 
0.05       28         0          5          0          435        20              0,00                      
0.09       28         0          5          0          265        25              0,00                      
0.1        28         0          5          0          174        22              0,00                      
0.2        28         0          5          0          157        36              0,00                      
0.5        28         0          5          0          325        162             0,00                      
0.9        28         0          5          0          779        698             0,00                      
0.001      33         5          0          0          320        0              NaN                        
0.002      33         5          0          0          320        0              NaN                        
0.005      33         4          1          0          320        1              ---------------- 80,00     
0.009      33         3          2          0          326        2              ------------ 60,00         
0.01       33         3          2          0          326        2              ------------ 60,00         
0.02       33         2          3          0          328        7              -------- 40,00             
0.05       33         0          5          0          208        10              0,00                      
0.09       33         0          5          0          172        20              0,00                      
0.1        33         1          4          0          268        29             ---- 20,00                 
0.2        33         0          5          0          158        37              0,00                      
0.5        33         0          5          0          51         23              0,00                      
0.9        33         0          5          0          132        121             0,00                      
0.001      37         5          0          0          2888       2              -------------------- 100,00
0.002      37         3          2          0          3567       5              ------------ 60,00         
0.005      37         1          1          3          2683       13             ---- 20,00                 
0.009      37         1          2          2          2333       23             ---- 20,00                 
0.01       37         1          2          2          2318       25             ---- 20,00                 
0.02       37         0          2          3          694        13              0,00                      
0.05       37         0          4          1          134        8               0,00                      
0.09       37         0          5          0          56         9               0,00                      
0.1        37         0          5          0          56         9               0,00                      
0.2        37         0          5          0          50         11              0,00                      
0.5        37         0          5          0          12         5               0,00                      
0.9        37         0          5          0          5          5               0,00                      
0.001      41         5          0          0          3173       2              -------------------- 100,00
0.002      41         2          3          0          4168       5              -------- 40,00             
0.005      41         1          4          0          13430      61             ---- 20,00                 
0.009      41         0          5          0          8229       76              0,00                      
0.01       41         0          5          0          6612       68              0,00                      
0.02       41         0          5          0          5006       105             0,00                      
0.05       41         0          5          0          2848       133             0,00                      
0.09       41         0          5          0          1785       163             0,00                      
0.1        41         0          5          0          1108       123             0,00                      
0.2        41         0          5          0          835        185             0,00                      
0.5        41         0          5          0          429        221             0,00                      
0.9        41         0          5          0          251        227             0,00                      
0.001      48         5          0          0          435        0              NaN                        
0.002      48         5          0          0          435        0              NaN                        
0.005      48         5          0          0          435        1              -------------------- 100,00
0.009      48         5          0          0          449        2              -------------------- 100,00
0.01       48         5          0          0          449        2              -------------------- 100,00
0.02       48         5          0          0          525        10             -------------------- 100,00
0.05       48         4          1          0          501        24             ---------------- 80,00     
0.09       48         4          1          0          530        53             ---------------- 80,00     
0.1        48         3          2          0          649        70             ------------ 60,00         
0.2        48         1          4          0          1205       254            ---- 20,00                 
0.5        48         0          5          0          6733       3355            0,00                      
0.9        48         0          5          0          307518     276950          0,00                      
0.001      53         5          0          0          435        0              NaN                        
0.002      53         5          0          0          435        0              NaN                        
0.005      53         4          1          0          441        1              ---------------- 80,00     
0.009      53         3          2          0          391        2              ------------ 60,00         
0.01       53         3          2          0          391        2              ------------ 60,00         
0.02       53         1          4          0          370        8              ---- 20,00                 
0.05       53         0          5          0          246        12              0,00                      
0.09       53         0          5          0          193        21              0,00                      
0.1        53         0          5          0          238        25              0,00                      
0.2        53         0          5          0          164        37              0,00                      
0.5        53         0          5          0          135        71              0,00                      
0.9        53         0          5          0          160        145             0,00                      
0.001      54         5          0          0          225        0              NaN                        
0.002      54         5          0          0          225        0              NaN                        
0.005      54         4          1          0          195        1              ---------------- 80,00     
0.009      54         4          1          0          195        1              ---------------- 80,00     
0.01       54         4          1          0          195        1              ---------------- 80,00     
0.02       54         2          3          0          105        3              -------- 40,00             
0.05       54         1          4          0          60         5              ---- 20,00                 
0.09       54         0          5          0          47         5               0,00                      
0.1        54         0          5          0          47         5               0,00                      
0.2        54         0          5          0          21         5               0,00                      
0.5        54         0          5          0          12         5               0,00                      
0.9        54         0          5          0          5          5               0,00                      
0.001      58         5          0          0          210        0              NaN                        
0.002      58         5          0          0          210        0              NaN                        
0.005      58         4          1          0          228        1              ---------------- 80,00     
0.009      58         4          1          0          228        1              ---------------- 80,00     
0.01       58         4          1          0          228        1              ---------------- 80,00     
0.02       58         2          3          0          165        4              -------- 40,00             
0.05       58         1          4          0          143        8              ---- 20,00                 
0.09       58         0          5          0          176        20              0,00                      
0.1        58         0          5          0          176        22              0,00                      
0.2        58         0          5          0          94         23              0,00                      
0.5        58         0          5          0          60         28              0,00                      
0.9        58         0          5          0          50         48              0,00                      
0.001      62         5          0          0          210        0              NaN                        
0.002      62         5          0          0          210        0              NaN                        
0.005      62         4          1          0          186        1              ---------------- 80,00     
0.009      62         4          1          0          186        1              ---------------- 80,00     
0.01       62         4          1          0          186        1              ---------------- 80,00     
0.02       62         2          3          0          102        3              -------- 40,00             
0.05       62         1          4          0          56         4              ---- 20,00                 
0.09       62         0          5          0          47         5               0,00                      
0.1        62         0          5          0          47         5               0,00                      
0.2        62         0          5          0          21         5               0,00                      
0.5        62         0          5          0          12         5               0,00                      
0.9        62         0          5          0          5          5               0,00                      
0.001      83         5          0          0          50         0              NaN                        
0.002      83         5          0          0          50         0              NaN                        
0.005      83         5          0          0          50         0              NaN                        
0.009      83         5          0          0          50         0              NaN                        
0.01       83         5          0          0          50         0              NaN                        
0.02       83         4          1          0          47         1              ---------------- 80,00     
0.05       83         4          1          0          45         1              ---------------- 80,00     
0.09       83         3          2          0          37         2              ------------ 60,00         
0.1        83         3          2          0          37         2              ------------ 60,00         
0.2        83         1          4          0          20         4              ---- 20,00                 
0.5        83         0          5          0          12         5               0,00                      
0.9        83         0          5          0          5          5               0,00                      
0.001      87         5          0          0          450        0              NaN                        
0.002      87         5          0          0          450        0              NaN                        
0.005      87         4          0          1          420        1              ---------------- 80,00     
0.009      87         4          0          1          419        2              ---------------- 80,00     
0.01       87         4          0          1          419        2              ---------------- 80,00     
0.02       87         2          2          1          363        8              -------- 40,00             
0.05       87         1          4          0          353        17             ---- 20,00                 
0.09       87         0          4          1          266        26              0,00                      
0.1        87         0          4          1          253        27              0,00                      
0.2        87         0          5          0          185        38              0,00                      
0.5        87         0          5          0          88         45              0,00                      
0.9        87         0          5          0          47         45              0,00                      
0.001      93         5          0          0          405        0              NaN                        
0.002      93         5          0          0          405        0              NaN                        
0.005      93         4          0          1          384        1              ---------------- 80,00     
0.009      93         4          0          1          384        2              ---------------- 80,00     
0.01       93         4          0          1          384        2              ---------------- 80,00     
0.02       93         1          0          4          292        6              ---- 20,00                 
0.05       93         0          0          5          292        14              0,00                      
0.09       93         0          0          5          88         12              0,00                      
0.1        93         0          0          5          88         13              0,00                      
0.2        93         0          0          5          48         10              0,00                      
0.5        93         0          0          5          27         13              0,00                      
0.9        93         0          0          5          5          5               0,00                      
0.001      97         5          0          0          180        0              NaN                        
0.002      97         5          0          0          180        0              NaN                        
0.005      97         4          1          0          180        1              ---------------- 80,00     
0.009      97         4          1          0          180        1              ---------------- 80,00     
0.01       97         4          1          0          180        1              ---------------- 80,00     
0.02       97         4          1          0          180        4              ---------------- 80,00     
0.05       97         4          1          0          180        9              ---------------- 80,00     
0.09       97         2          3          0          180        20             -------- 40,00             
0.1        97         2          3          0          180        22             -------- 40,00             
0.2        97         0          5          0          180        38              0,00                      
0.5        97         0          5          0          180        93              0,00                      
0.9        97         0          5          0          180        159             0,00                      
0.001      102        5          0          0          825        0              NaN                        
0.002      102        5          0          0          825        0              NaN                        
0.005      102        5          0          0          825        1              -------------------- 100,00
0.009      102        3          2          0          911        4              ------------ 60,00         
0.01       102        3          2          0          911        4              ------------ 60,00         
0.02       102        2          3          0          700        14             -------- 40,00             
0.05       102        0          5          0          1020       50              0,00                      
0.09       102        0          5          0          572        54              0,00                      
0.1        102        0          5          0          608        65              0,00                      
0.2        102        0          5          0          474        113             0,00                      
0.5        102        0          5          0          454        238             0,00                      
0.9        102        0          5          0          472        424             0,00                      
0.001      107        5          0          0          825        0              NaN                        
0.002      107        5          0          0          825        0              NaN                        
0.005      107        5          0          0          825        1              -------------------- 100,00
0.009      107        4          1          0          798        3              ---------------- 80,00     
0.01       107        4          1          0          798        3              ---------------- 80,00     
0.02       107        0          5          0          880        19              0,00                      
0.05       107        0          5          0          522        25              0,00                      
0.09       107        0          5          0          686        67              0,00                      
0.1        107        0          5          0          504        57              0,00                      
0.2        107        0          5          0          386        83              0,00                      
0.5        107        0          5          0          530        283             0,00                      
0.9        107        0          5          0          380        339             0,00                      
0.001      114        5          0          0          825        0              NaN                        
0.002      114        5          0          0          825        0              NaN                        
0.005      114        5          0          0          825        1              -------------------- 100,00
0.009      114        4          1          0          798        3              ---------------- 80,00     
0.01       114        4          1          0          798        3              ---------------- 80,00     
0.02       114        1          4          0          609        10             ---- 20,00                 
0.05       114        0          5          0          488        23              0,00                      
0.09       114        0          5          0          678        65              0,00                      
0.1        114        0          5          0          678        74              0,00                      
0.2        114        0          5          0          402        88              0,00                      
0.5        114        0          5          0          340        169             0,00                      
0.9        114        0          5          0          444        398             0,00                      
