contains the data for the random rates analysis graph with Perturbator as perturbator.
Exploration Boolean Negation
26 perturbation point.
NEGB : negation of boolean value.
random rate : 0.001 0.005 0.01 0.05 0.1 0.15 0.2 0.25 0.3 
5 repetition
20 sudoku grid 
Those grid are read from file in resources/sudoku/grid.txt
RandomRate Perturbator IndexLoc   #Success   #Failure   #Exception #Call      #Perturbation  %Success                   
0.0        None        2          20         0          0          1992       0              -------------------- 100,00
0.001      NEGB        2          98         2          0          10063      11             -------------------- 98,00 
0.005      NEGB        2          90         10         0          10105      45             ------------------ 90,00   
0.01       NEGB        2          82         18         0          10156      105            ----------------- 82,00    
0.05       NEGB        2          32         68         0          9657       458            ------- 32,00              
0.1        NEGB        2          14         86         0          7319       733            --- 14,00                  
0.15       NEGB        2          2          98         0          6793       1049           - 2,00                     
0.2        NEGB        2          2          98         0          5527       1117           - 2,00                     
0.25       NEGB        2          0          100        0          4167       1041            0,00                      
0.3        NEGB        2          0          100        0          4113       1238            0,00                      
0.0        None        5          20         0          0          591        0              -------------------- 100,00
0.001      NEGB        5          98         2          0          2925       2              -------------------- 98,00 
0.005      NEGB        5          89         11         0          2879       14             ------------------ 89,00   
0.01       NEGB        5          80         20         0          2879       28             ---------------- 80,00     
0.05       NEGB        5          37         63         0          2801       131            -------- 37,00             
0.1        NEGB        5          9          91         0          2359       244            -- 9,00                    
0.15       NEGB        5          5          95         0          2263       345            - 5,00                     
0.2        NEGB        5          1          99         0          2046       414            - 1,00                     
0.25       NEGB        5          2          98         0          1774       439            - 2,00                     
0.3        NEGB        5          0          100        0          1649       476             0,00                      
0.0        None        6          20         0          0          1992       0              -------------------- 100,00
0.001      NEGB        6          98         2          0          10029      11             -------------------- 98,00 
0.005      NEGB        6          91         9          0          10545      50             ------------------- 91,00  
0.01       NEGB        6          86         14         0          11057      114            ------------------ 86,00   
0.05       NEGB        6          39         61         0          13924      668            -------- 39,00             
0.1        NEGB        6          12         88         0          19613      1936           --- 12,00                  
0.15       NEGB        6          2          98         0          19849      2963           - 2,00                     
0.2        NEGB        6          2          98         0          20249      4026           - 2,00                     
0.25       NEGB        6          0          100        0          21255      5270            0,00                      
0.3        NEGB        6          0          100        0          32112      9666            0,00                      
0.0        None        11         20         0          0          417        0              -------------------- 100,00
0.001      NEGB        11         99         1          0          2083       1              -------------------- 99,00 
0.005      NEGB        11         91         9          0          2010       9              ------------------- 91,00  
0.01       NEGB        11         82         18         0          1941       19             ----------------- 82,00    
0.05       NEGB        11         36         64         0          1381       68             -------- 36,00             
0.1        NEGB        11         12         88         0          909        105            --- 12,00                  
0.15       NEGB        11         1          99         0          721        123            - 1,00                     
0.2        NEGB        11         1          99         0          575        131            - 1,00                     
0.25       NEGB        11         1          99         0          448        121            - 1,00                     
0.3        NEGB        11         0          100        0          424        129             0,00                      
0.0        None        12         20         0          0          1992       0              -------------------- 100,00
0.001      NEGB        12         93         7          0          9924       11             ------------------- 93,00  
0.005      NEGB        12         70         30         0          10113      46             -------------- 70,00       
0.01       NEGB        12         45         55         0          12346      130            --------- 45,00            
0.05       NEGB        12         1          99         0          13007      636            - 1,00                     
0.1        NEGB        12         0          100        0          9931       1006            0,00                      
0.15       NEGB        12         0          100        0          8429       1331            0,00                      
0.2        NEGB        12         0          100        0          7818       1615            0,00                      
0.25       NEGB        12         0          100        0          6644       1669            0,00                      
0.3        NEGB        12         0          100        0          5838       1740            0,00                      
0.0        None        13         20         0          0          1992       0              -------------------- 100,00
0.001      NEGB        13         93         7          0          9924       11             ------------------- 93,00  
0.005      NEGB        13         70         30         0          10113      46             -------------- 70,00       
0.01       NEGB        13         45         55         0          12346      130            --------- 45,00            
0.05       NEGB        13         1          99         0          13007      636            - 1,00                     
0.1        NEGB        13         0          100        0          9931       1006            0,00                      
0.15       NEGB        13         0          100        0          8429       1331            0,00                      
0.2        NEGB        13         0          100        0          7818       1615            0,00                      
0.25       NEGB        13         0          100        0          6644       1669            0,00                      
0.3        NEGB        13         0          100        0          5838       1740            0,00                      
0.0        None        16         20         0          0          20         0              -------------------- 100,00
0.001      NEGB        16         100        0          0          100        0              NaN                        
0.005      NEGB        16         100        0          0          100        1              -------------------- 100,00
0.01       NEGB        16         100        0          0          100        1              -------------------- 100,00
0.05       NEGB        16         100        0          0          100        6              -------------------- 100,00
0.1        NEGB        16         100        0          0          100        14             -------------------- 100,00
0.15       NEGB        16         100        0          0          100        20             -------------------- 100,00
0.2        NEGB        16         100        0          0          100        24             -------------------- 100,00
0.25       NEGB        16         100        0          0          100        28             -------------------- 100,00
0.3        NEGB        16         100        0          0          100        31             -------------------- 100,00
0.0        None        19         20         0          0          1656       0              -------------------- 100,00
0.001      NEGB        19         95         5          0          8237       8              ------------------- 95,00  
0.005      NEGB        19         77         19         4          7973       35             ---------------- 77,00     
0.01       NEGB        19         53         42         5          7803       77             ----------- 53,00          
0.05       NEGB        19         5          71         24         6284       297            - 5,00                     
0.1        NEGB        19         0          62         38         4490       464             0,00                      
0.15       NEGB        19         0          63         37         3900       611             0,00                      
0.2        NEGB        19         0          74         26         3549       722             0,00                      
0.25       NEGB        19         0          84         16         3163       787             0,00                      
0.3        NEGB        19         0          85         15         2839       831             0,00                      
0.0        None        22         20         0          0          180        0              -------------------- 100,00
0.001      NEGB        22         100        0          0          900        0              NaN                        
0.005      NEGB        22         98         2          0          894        2              -------------------- 98,00 
0.01       NEGB        22         96         3          1          885        4              -------------------- 96,00 
0.05       NEGB        22         64         31         5          749        36             ------------- 64,00        
0.1        NEGB        22         36         60         4          580        64             -------- 36,00             
0.15       NEGB        22         24         75         1          465        76             ----- 24,00                
0.2        NEGB        22         12         86         2          401        88             --- 12,00                  
0.25       NEGB        22         9          89         2          347        91             -- 9,00                    
0.3        NEGB        22         7          92         1          315        93             -- 7,00                    
0.0        None        23         20         0          0          20         0              -------------------- 100,00
0.001      NEGB        23         100        0          0          100        0              NaN                        
0.005      NEGB        23         99         1          0          100        1              -------------------- 99,00 
0.01       NEGB        23         99         1          0          100        1              -------------------- 99,00 
0.05       NEGB        23         94         6          0          100        6              ------------------- 94,00  
0.1        NEGB        23         86         14         0          100        14             ------------------ 86,00   
0.15       NEGB        23         80         20         0          100        20             ---------------- 80,00     
0.2        NEGB        23         76         24         0          100        24             ---------------- 76,00     
0.25       NEGB        23         72         28         0          100        28             --------------- 72,00      
0.3        NEGB        23         69         31         0          100        31             -------------- 69,00       
0.0        None        28         20         0          0          1636       0              -------------------- 100,00
0.001      NEGB        28         94         6          0          7991       6              ------------------- 94,00  
0.005      NEGB        28         68         32         0          7379       34             -------------- 68,00       
0.01       NEGB        28         39         61         0          6462       66             -------- 39,00             
0.05       NEGB        28         0          100        0          3199       150             0,00                      
0.1        NEGB        28         0          100        0          1472       154             0,00                      
0.15       NEGB        28         0          100        0          1030       172             0,00                      
0.2        NEGB        28         0          100        0          627        142             0,00                      
0.25       NEGB        28         0          100        0          505        142             0,00                      
0.3        NEGB        28         0          100        0          448        139             0,00                      
0.0        None        33         20         0          0          1226       0              -------------------- 100,00
0.001      NEGB        33         96         4          0          6130       4              -------------------- 96,00 
0.005      NEGB        33         77         23         0          6132       27             ---------------- 77,00     
0.01       NEGB        33         56         44         0          6146       61             ------------ 56,00         
0.05       NEGB        33         7          93         0          6196       293            -- 7,00                    
0.1        NEGB        33         1          99         0          6093       609            - 1,00                     
0.15       NEGB        33         0          100        0          6126       942             0,00                      
0.2        NEGB        33         0          100        0          6072       1223            0,00                      
0.25       NEGB        33         0          100        0          5941       1478            0,00                      
0.3        NEGB        33         0          100        0          6007       1789            0,00                      
0.0        None        37         20         0          0          2002       0              -------------------- 100,00
0.001      NEGB        37         91         9          0          10267      12             ------------------- 91,00  
0.005      NEGB        37         66         32         2          10283      47             -------------- 66,00       
0.01       NEGB        37         36         59         5          10186      107            -------- 36,00             
0.05       NEGB        37         1          80         19         4586       227            - 1,00                     
0.1        NEGB        37         0          87         13         1932       198             0,00                      
0.15       NEGB        37         0          91         9          1222       199             0,00                      
0.2        NEGB        37         0          96         4          724        164             0,00                      
0.25       NEGB        37         0          95         5          607        160             0,00                      
0.3        NEGB        37         0          97         3          444        137             0,00                      
0.0        None        41         20         0          0          1992       0              -------------------- 100,00
0.001      NEGB        41         93         7          0          9924       11             ------------------- 93,00  
0.005      NEGB        41         70         30         0          10113      46             -------------- 70,00       
0.01       NEGB        41         45         55         0          12346      130            --------- 45,00            
0.05       NEGB        41         1          99         0          13007      636            - 1,00                     
0.1        NEGB        41         0          100        0          9931       1006            0,00                      
0.15       NEGB        41         0          100        0          8429       1331            0,00                      
0.2        NEGB        41         0          100        0          7818       1615            0,00                      
0.25       NEGB        41         0          100        0          6644       1669            0,00                      
0.3        NEGB        41         0          100        0          5838       1740            0,00                      
0.0        None        48         20         0          0          410        0              -------------------- 100,00
0.001      NEGB        48         100        0          0          2050       1              -------------------- 100,00
0.005      NEGB        48         100        0          0          2051       9              -------------------- 100,00
0.01       NEGB        48         100        0          0          2051       19             -------------------- 100,00
0.05       NEGB        48         98         2          0          2051       95             -------------------- 98,00 
0.1        NEGB        48         90         10         0          2119       217            ------------------ 90,00   
0.15       NEGB        48         84         16         0          2142       329            ----------------- 84,00    
0.2        NEGB        48         83         17         0          2176       435            ----------------- 83,00    
0.25       NEGB        48         78         22         0          2234       546            ---------------- 78,00     
0.3        NEGB        48         77         23         0          2230       645            ---------------- 77,00     
0.0        None        53         20         0          0          410        0              -------------------- 100,00
0.001      NEGB        53         99         1          0          2050       1              -------------------- 99,00 
0.005      NEGB        53         91         9          0          2051       9              ------------------- 91,00  
0.01       NEGB        53         81         19         0          2052       19             ----------------- 81,00    
0.05       NEGB        53         38         62         0          2075       97             -------- 38,00             
0.1        NEGB        53         13         87         0          1965       202            --- 13,00                  
0.15       NEGB        53         5          95         0          2011       315            - 5,00                     
0.2        NEGB        53         1          99         0          1959       398            - 1,00                     
0.25       NEGB        53         2          98         0          1916       475            - 2,00                     
0.3        NEGB        53         0          100        0          1883       547             0,00                      
0.0        None        54         20         0          0          400        0              -------------------- 100,00
0.001      NEGB        54         99         1          0          1989       1              -------------------- 99,00 
0.005      NEGB        54         93         7          0          1918       9              ------------------- 93,00  
0.01       NEGB        54         84         16         0          1823       17             ----------------- 84,00    
0.05       NEGB        54         37         63         0          1238       64             -------- 37,00             
0.1        NEGB        54         11         89         0          797        93             --- 11,00                  
0.15       NEGB        54         4          96         0          614        100            - 4,00                     
0.2        NEGB        54         2          98         0          449        103            - 2,00                     
0.25       NEGB        54         1          99         0          396        102            - 1,00                     
0.3        NEGB        54         0          100        0          346        104             0,00                      
0.0        None        58         20         0          0          10         0              -------------------- 100,00
0.001      NEGB        58         100        0          0          50         0              NaN                        
0.005      NEGB        58         100        0          0          50         0              NaN                        
0.01       NEGB        58         100        0          0          50         0              NaN                        
0.05       NEGB        58         98         2          0          80         5              -------------------- 98,00 
0.1        NEGB        58         96         4          0          108        14             -------------------- 96,00 
0.15       NEGB        58         93         7          0          125        23             ------------------- 93,00  
0.2        NEGB        58         93         7          0          125        27             ------------------- 93,00  
0.25       NEGB        58         87         13         0          187        46             ------------------ 87,00   
0.3        NEGB        58         86         14         0          211        62             ------------------ 86,00   
0.0        None        62         20         0          0          10         0              -------------------- 100,00
0.001      NEGB        62         100        0          0          50         0              NaN                        
0.005      NEGB        62         100        0          0          50         0              NaN                        
0.01       NEGB        62         100        0          0          50         0              NaN                        
0.05       NEGB        62         98         2          0          49         2              -------------------- 98,00 
0.1        NEGB        62         97         3          0          44         3              -------------------- 97,00 
0.15       NEGB        62         94         6          0          42         6              ------------------- 94,00  
0.2        NEGB        62         94         6          0          41         6              ------------------- 94,00  
0.25       NEGB        62         92         8          0          40         8              ------------------- 92,00  
0.3        NEGB        62         91         9          0          40         9              ------------------- 91,00  
0.0        None        83         20         0          0          200        0              -------------------- 100,00
0.001      NEGB        83         100        0          0          1000       0              NaN                        
0.005      NEGB        83         98         0          2          1000       2              -------------------- 98,00 
0.01       NEGB        83         96         3          1          986        6              -------------------- 96,00 
0.05       NEGB        83         63         36         1          777        38             ------------- 63,00        
0.1        NEGB        83         36         60         4          614        66             -------- 36,00             
0.15       NEGB        83         23         72         5          479        80             ----- 23,00                
0.2        NEGB        83         13         84         3          405        89             --- 13,00                  
0.25       NEGB        83         9          87         4          351        93             -- 9,00                    
0.3        NEGB        83         5          89         6          324        96             - 5,00                     
0.0        None        87         20         0          0          1800       0              -------------------- 100,00
0.001      NEGB        87         97         2          1          8930       9              -------------------- 97,00 
0.005      NEGB        87         95         3          2          8770       41             ------------------- 95,00  
0.01       NEGB        87         87         8          5          8492       86             ------------------ 87,00   
0.05       NEGB        87         25         58         17         6722       314            ----- 25,00                
0.1        NEGB        87         2          67         31         5012       518            - 2,00                     
0.15       NEGB        87         0          68         32         4074       638             0,00                      
0.2        NEGB        87         0          80         20         3573       727             0,00                      
0.25       NEGB        87         0          82         18         3239       804             0,00                      
0.3        NEGB        87         0          91         9          2836       830             0,00                      
0.0        None        93         20         0          0          1620       0              -------------------- 100,00
0.001      NEGB        93         98         0          2          7981       6              -------------------- 98,00 
0.005      NEGB        93         85         0          15         7647       34             ----------------- 85,00    
0.01       NEGB        93         80         0          20         7391       74             ---------------- 80,00     
0.05       NEGB        93         35         3          62         5106       252            ------- 35,00              
0.1        NEGB        93         7          2          91         2888       296            -- 7,00                    
0.15       NEGB        93         2          1          97         2320       357            - 2,00                     
0.2        NEGB        93         0          0          100        1626       330             0,00                      
0.25       NEGB        93         0          0          100        1575       386             0,00                      
0.3        NEGB        93         0          0          100        1250       370             0,00                      
0.0        None        97         20         0          0          1220       0              -------------------- 100,00
0.001      NEGB        97         100        0          0          6100       4              -------------------- 100,00
0.005      NEGB        97         100        0          0          6100       27             -------------------- 100,00
0.01       NEGB        97         100        0          0          6100       61             -------------------- 100,00
0.05       NEGB        97         98         2          0          6100       286            -------------------- 98,00 
0.1        NEGB        97         79         21         0          6100       611            ---------------- 79,00     
0.15       NEGB        97         60         40         0          6100       939            ------------ 60,00         
0.2        NEGB        97         42         58         0          6100       1228           --------- 42,00            
0.25       NEGB        97         21         79         0          6100       1526           ----- 21,00                
0.3        NEGB        97         7          93         0          6100       1820           -- 7,00                    
0.0        None        102        20         0          0          2350       0              -------------------- 100,00
0.001      NEGB        102        100        0          0          10926      13             -------------------- 100,00
0.005      NEGB        102        99         1          0          10583      51             -------------------- 99,00 
0.01       NEGB        102        99         1          0          10804      111            -------------------- 99,00 
0.05       NEGB        102        95         5          0          10312      496            ------------------- 95,00  
0.1        NEGB        102        93         7          0          9824       997            ------------------- 93,00  
0.15       NEGB        102        88         12         0          8722       1376           ------------------ 88,00   
0.2        NEGB        102        85         15         0          8386       1735           ----------------- 85,00    
0.25       NEGB        102        79         21         0          8442       2161           ---------------- 79,00     
0.3        NEGB        102        71         29         0          8528       2604           --------------- 71,00      
0.0        None        107        20         0          0          1640       0              -------------------- 100,00
0.001      NEGB        107        100        0          0          8200       8              -------------------- 100,00
0.005      NEGB        107        100        0          0          8200       38             -------------------- 100,00
0.01       NEGB        107        100        0          0          8234       85             -------------------- 100,00
0.05       NEGB        107        93         7          0          8296       388            ------------------- 93,00  
0.1        NEGB        107        92         8          0          8424       864            ------------------- 92,00  
0.15       NEGB        107        70         30         0          8546       1347           -------------- 70,00       
0.2        NEGB        107        69         31         0          8828       1818           -------------- 69,00       
0.25       NEGB        107        59         41         0          8540       2186           ------------ 59,00         
0.3        NEGB        107        53         47         0          8830       2690           ----------- 53,00          
0.0        None        114        20         0          0          1640       0              -------------------- 100,00
0.001      NEGB        114        100        0          0          8200       8              -------------------- 100,00
0.005      NEGB        114        100        0          0          8206       38             -------------------- 100,00
0.01       NEGB        114        100        0          0          8206       84             -------------------- 100,00
0.05       NEGB        114        99         1          0          8220       380            -------------------- 99,00 
0.1        NEGB        114        97         3          0          8246       846            -------------------- 97,00 
0.15       NEGB        114        96         4          0          8246       1303           -------------------- 96,00 
0.2        NEGB        114        90         10         0          8246       1708           ------------------ 90,00   
0.25       NEGB        114        89         11         0          8240       2116           ------------------ 89,00   
0.3        NEGB        114        86         14         0          8234       2514           ------------------ 86,00   
