aggregate data per location for magnitude = 0.02
SERN
26 perturbation point
Random Enactor, seed :32
INV : Boolean Perturbator5 repetition for each location for each task
1 sudoku grid 
Those grid are read from file in resources/sudoku/grid.txt
IndexLoc   #Success   #Failure   #Exception #CallAllExecs      AvgCallPerExec     #Perturbations AvgPerturbationPerExec   #Execs     #Tasks     %Success                   
2          2          3          0          3197               639.40             63             12.60                    5          1          -------- 40.00             
5          2          3          0          909                181.80             20             4.00                     5          1          -------- 40.00             
6          3          2          0          13081              2616.20            274            54.80                    5          1          ------------ 60.00         
11         3          2          0          398                79.60              8              1.60                     5          1          ------------ 60.00         
12         0          5          0          5006               1001.20            105            21.00                    5          1           0.00                      
13         0          5          0          5006               1001.20            105            21.00                    5          1           0.00                      
16         5          0          0          5                  1.00               0              0.00                     5          1          NaN                        
19         1          3          1          673                134.60             12             2.40                     5          1          ---- 20.00                 
22         3          2          0          56                 11.20              2              0.40                     5          1          ------------ 60.00         
23         5          0          0          5                  1.00               0              0.00                     5          1          NaN                        
28         1          4          0          617                123.40             11             2.20                     5          1          ---- 20.00                 
33         2          3          0          328                65.60              7              1.40                     5          1          -------- 40.00             
37         0          2          3          694                138.80             13             2.60                     5          1           0.00                      
41         0          5          0          5006               1001.20            105            21.00                    5          1           0.00                      
48         5          0          0          525                105.00             10             2.00                     5          1          -------------------- 100.00
53         1          4          0          370                74.00              8              1.60                     5          1          ---- 20.00                 
54         2          3          0          105                21.00              3              0.60                     5          1          -------- 40.00             
58         2          3          0          165                33.00              4              0.80                     5          1          -------- 40.00             
62         2          3          0          102                20.40              3              0.60                     5          1          -------- 40.00             
83         4          1          0          47                 9.40               1              0.20                     5          1          ---------------- 80.00     
87         2          2          1          363                72.60              8              1.60                     5          1          -------- 40.00             
93         1          0          4          292                58.40              6              1.20                     5          1          ---- 20.00                 
97         4          1          0          180                36.00              4              0.80                     5          1          ---------------- 80.00     
102        2          3          0          700                140.00             14             2.80                     5          1          -------- 40.00             
107        0          5          0          880                176.00             19             3.80                     5          1           0.00                      
114        1          4          0          609                121.80             10             2.00                     5          1          ---- 20.00                 
