aggregate data per location for random rate = 0.001 and with Perturbator = NEGB
Exploration Boolean Negation
26 perturbation point.
NEGB : negation of boolean value.
20 sudoku grid 
Those grid are read from file in resources/sudoku/grid.txt
IndexLoc   #Success   #Failure   #Exception #CallAllExecs      AvgCallPerExec     #Perturbations AvgPerturbationPerExec   #Execs     #Tasks     %Success                   
2          98         2          0          10063              100,63             11             0,11                     100        20         -------------------- 98,00 
5          98         2          0          2925               29,25              2              0,02                     100        20         -------------------- 98,00 
6          98         2          0          10029              100,29             11             0,11                     100        20         -------------------- 98,00 
11         99         1          0          2083               20,83              1              0,01                     100        20         -------------------- 99,00 
12         93         7          0          9924               99,24              11             0,11                     100        20         ------------------- 93,00  
13         93         7          0          9924               99,24              11             0,11                     100        20         ------------------- 93,00  
16         100        0          0          100                1,00               0              0,00                     100        20         NaN                        
19         95         5          0          8237               82,37              8              0,08                     100        20         ------------------- 95,00  
22         100        0          0          900                9,00               0              0,00                     100        20         NaN                        
23         100        0          0          100                1,00               0              0,00                     100        20         NaN                        
28         94         6          0          7991               79,91              6              0,06                     100        20         ------------------- 94,00  
33         96         4          0          6130               61,30              4              0,04                     100        20         -------------------- 96,00 
37         91         9          0          10267              102,67             12             0,12                     100        20         ------------------- 91,00  
41         93         7          0          9924               99,24              11             0,11                     100        20         ------------------- 93,00  
48         100        0          0          2050               20,50              1              0,01                     100        20         -------------------- 100,00
53         99         1          0          2050               20,50              1              0,01                     100        20         -------------------- 99,00 
54         99         1          0          1989               19,89              1              0,01                     100        20         -------------------- 99,00 
58         100        0          0          50                 0,50               0              0,00                     100        20         NaN                        
62         100        0          0          50                 0,50               0              0,00                     100        20         NaN                        
83         100        0          0          1000               10,00              0              0,00                     100        20         NaN                        
87         99         0          1          8930               89,30              9              0,09                     100        20         -------------------- 99,00 
93         98         0          2          7981               79,81              6              0,06                     100        20         -------------------- 98,00 
97         100        0          0          6100               61,00              4              0,04                     100        20         -------------------- 100,00
102        100        0          0          8202               82,02              8              0,08                     100        20         -------------------- 100,00
107        100        0          0          8200               82,00              8              0,08                     100        20         -------------------- 100,00
114        100        0          0          8200               82,00              8              0,08                     100        20         -------------------- 100,00
