aggregate data per location for magnitude = 0.9
SERN
26 perturbation point
Random Enactor, seed :32
INV : Boolean Perturbator5 repetition for each location for each task
1 sudoku grid 
Those grid are read from file in resources/sudoku/grid.txt
IndexLoc   #Success   #Failure   #Exception #CallAllExecs      AvgCallPerExec     #Perturbations AvgPerturbationPerExec   #Execs     #Tasks     %Success                   
2          0          5          0          153                30.60              139            27.80                    5          1           0.00                      
5          0          5          0          242                48.40              218            43.60                    5          1           0.00                      
6          0          5          0          3150               630.00             2836           567.20                   5          1           0.00                      
11         0          5          0          20                 4.00               20             4.00                     5          1           0.00                      
12         0          5          0          251                50.20              227            45.40                    5          1           0.00                      
13         0          5          0          251                50.20              227            45.40                    5          1           0.00                      
16         5          0          0          5                  1.00               5              1.00                     5          1          -------------------- 100.00
19         0          5          0          47                 9.40               45             9.00                     5          1           0.00                      
22         0          5          0          5                  1.00               5              1.00                     5          1           0.00                      
23         0          5          0          5                  1.00               5              1.00                     5          1           0.00                      
28         0          5          0          779                155.80             698            139.60                   5          1           0.00                      
33         0          5          0          132                26.40              121            24.20                    5          1           0.00                      
37         0          5          0          5                  1.00               5              1.00                     5          1           0.00                      
41         0          5          0          251                50.20              227            45.40                    5          1           0.00                      
48         0          5          0          307518             61503.60           276950         55390.00                 5          1           0.00                      
53         0          5          0          160                32.00              145            29.00                    5          1           0.00                      
54         0          5          0          5                  1.00               5              1.00                     5          1           0.00                      
58         0          5          0          50                 10.00              48             9.60                     5          1           0.00                      
62         0          5          0          5                  1.00               5              1.00                     5          1           0.00                      
83         0          5          0          5                  1.00               5              1.00                     5          1           0.00                      
87         0          5          0          47                 9.40               45             9.00                     5          1           0.00                      
93         0          0          5          5                  1.00               5              1.00                     5          1           0.00                      
97         0          5          0          180                36.00              159            31.80                    5          1           0.00                      
102        0          5          0          472                94.40              424            84.80                    5          1           0.00                      
107        0          5          0          380                76.00              339            67.80                    5          1           0.00                      
114        0          5          0          444                88.80              398            79.60                    5          1           0.00                      
