aggregate data per location for random rate = 0.005 and with Perturbator = 1
Exploration Plus One
89 perturbation point
PONE : plus one perturbator
20 sudoku grid 
Those grid are read from file in resources/sudoku/grid.txt
IndexLoc   #Success   #Failure   #Exception #CallAllExecs      AvgCallPerExec     #Perturbations AvgPerturbationPerExec   #Execs     #Tasks     %Success                   
0          84         10         6          9701               97,01              45             0,45                     100        20         ----------------- 84,00    
1          91         9          0          10138              101,38             46             0,46                     100        20         ------------------- 91,00  
3          92         6          2          2918               29,18              14             0,14                     100        20         ------------------- 92,00  
4          94         3          3          2912               29,12              14             0,14                     100        20         ------------------- 94,00  
7          97         1          2          2049               20,49              9              0,09                     100        20         -------------------- 97,00 
8          95         4          1          2073               20,73              10             0,10                     100        20         ------------------- 95,00  
9          91         7          2          2010               20,10              9              0,09                     100        20         ------------------- 91,00  
10         91         9          0          2010               20,10              9              0,09                     100        20         ------------------- 91,00  
14         100        0          0          100                1,00               1              0,01                     100        20         -------------------- 100,00
15         99         1          0          100                1,00               1              0,01                     100        20         -------------------- 99,00 
17         94         2          4          8239               82,39              39             0,39                     100        20         ------------------- 94,00  
18         95         0          5          8244               82,44              39             0,39                     100        20         ------------------- 95,00  
20         99         1          0          900                9,00               2              0,02                     100        20         -------------------- 99,00 
21         100        0          0          900                9,00               2              0,02                     100        20         -------------------- 100,00
24         87         7          6          7885               78,85              35             0,35                     100        20         ------------------ 87,00   
25         83         11         6          7991               79,91              35             0,35                     100        20         ----------------- 83,00    
26         94         6          0          8180               81,80              38             0,38                     100        20         ------------------- 94,00  
27         85         15         0          7997               79,97              35             0,35                     100        20         ----------------- 85,00    
29         88         7          5          6006               60,06              27             0,27                     100        20         ------------------ 88,00   
30         88         7          5          6006               60,06              27             0,27                     100        20         ------------------ 88,00   
31         88         7          5          6006               60,06              27             0,27                     100        20         ------------------ 88,00   
32         77         16         7          5974               59,74              27             0,27                     100        20         ---------------- 77,00     
34         100        0          0          2050               20,50              9              0,09                     100        20         -------------------- 100,00
35         100        0          0          10010              100,10             45             0,45                     100        20         -------------------- 100,00
36         100        0          0          10010              100,10             45             0,45                     100        20         -------------------- 100,00
38         85         8          7          10057              100,57             45             0,45                     100        20         ----------------- 85,00    
39         89         10         1          10231              102,31             47             0,47                     100        20         ------------------ 89,00   
40         87         11         2          9958               99,58              45             0,45                     100        20         ------------------ 87,00   
42         91         9          0          2050               20,50              9              0,09                     100        20         ------------------- 91,00  
43         91         6          3          2048               20,48              9              0,09                     100        20         ------------------- 91,00  
44         91         9          0          2050               20,50              9              0,09                     100        20         ------------------- 91,00  
45         98         1          1          2043               20,43              9              0,09                     100        20         -------------------- 98,00 
46         97         0          3          2048               20,48              9              0,09                     100        20         -------------------- 97,00 
47         98         1          1          2022               20,22              9              0,09                     100        20         -------------------- 98,00 
49         100        0          0          2050               20,50              9              0,09                     100        20         -------------------- 100,00
50         100        0          0          2050               20,50              9              0,09                     100        20         -------------------- 100,00
51         100        0          0          2050               20,50              9              0,09                     100        20         -------------------- 100,00
52         92         6          2          2034               20,34              9              0,09                     100        20         ------------------- 92,00  
55         100        0          0          50                 0,50               0              0,00                     100        20         NaN                        
56         100        0          0          50                 0,50               0              0,00                     100        20         NaN                        
57         100        0          0          50                 0,50               0              0,00                     100        20         NaN                        
59         100        0          0          50                 0,50               0              0,00                     100        20         NaN                        
60         100        0          0          50                 0,50               0              0,00                     100        20         NaN                        
61         100        0          0          50                 0,50               0              0,00                     100        20         NaN                        
63         91         2          7          10106              101,06             46             0,46                     100        20         ------------------- 91,00  
64         89         11         0          10164              101,64             47             0,47                     100        20         ------------------ 89,00   
65         77         9          14         9652               96,52              45             0,45                     100        20         ---------------- 77,00     
66         96         4          0          10334              103,34             47             0,47                     100        20         -------------------- 96,00 
67         90         10         0          10185              101,85             47             0,47                     100        20         ------------------ 90,00   
68         83         12         5          9952               99,52              45             0,45                     100        20         ----------------- 83,00    
69         77         9          14         9652               96,52              45             0,45                     100        20         ---------------- 77,00     
70         77         9          14         9790               97,90              45             0,45                     100        20         ---------------- 77,00     
71         83         12         5          9952               99,52              45             0,45                     100        20         ----------------- 83,00    
72         83         12         5          9952               99,52              45             0,45                     100        20         ----------------- 83,00    
73         83         12         5          9952               99,52              45             0,45                     100        20         ----------------- 83,00    
74         100        0          0          100                1,00               1              0,01                     100        20         -------------------- 100,00
75         100        0          0          100                1,00               1              0,01                     100        20         -------------------- 100,00
76         100        0          0          100                1,00               1              0,01                     100        20         -------------------- 100,00
77         100        0          0          100                1,00               1              0,01                     100        20         -------------------- 100,00
78         100        0          0          100                1,00               1              0,01                     100        20         -------------------- 100,00
79         100        0          0          100                1,00               1              0,01                     100        20         -------------------- 100,00
80         100        0          0          100                1,00               1              0,01                     100        20         -------------------- 100,00
81         100        0          0          1000               10,00              2              0,02                     100        20         -------------------- 100,00
82         98         0          2          1000               10,00              2              0,02                     100        20         -------------------- 98,00 
84         100        0          0          900                9,00               2              0,02                     100        20         -------------------- 100,00
85         100        0          0          8993               89,93              42             0,42                     100        20         -------------------- 100,00
86         95         0          5          8860               88,60              41             0,41                     100        20         ------------------- 95,00  
88         94         5          1          8094               80,94              38             0,38                     100        20         ------------------- 94,00  
89         90         8          2          8001               80,01              35             0,35                     100        20         ------------------ 90,00   
90         84         12         4          7920               79,20              35             0,35                     100        20         ----------------- 84,00    
91         85         0          15         7647               76,47              34             0,34                     100        20         ----------------- 85,00    
92         85         0          15         7647               76,47              34             0,34                     100        20         ----------------- 85,00    
94         90         8          2          6095               60,95              27             0,27                     100        20         ------------------ 90,00   
95         94         2          4          6040               60,40              27             0,27                     100        20         ------------------- 94,00  
96         87         8          5          5979               59,79              27             0,27                     100        20         ------------------ 87,00   
98         89         9          2          8212               82,12              38             0,38                     100        20         ------------------ 89,00   
99         87         5          8          7691               76,91              34             0,34                     100        20         ------------------ 87,00   
100        90         8          2          8197               81,97              38             0,38                     100        20         ------------------ 90,00   
101        87         5          8          7691               76,91              34             0,34                     100        20         ------------------ 87,00   
103        86         9          5          7982               79,82              35             0,35                     100        20         ------------------ 86,00   
104        90         6          4          7972               79,72              35             0,35                     100        20         ------------------ 90,00   
105        90         7          3          8177               81,77              38             0,38                     100        20         ------------------ 90,00   
106        90         6          4          7972               79,72              35             0,35                     100        20         ------------------ 90,00   
108        94         2          4          8116               81,16              38             0,38                     100        20         ------------------- 94,00  
109        97         2          1          8154               81,54              38             0,38                     100        20         -------------------- 97,00 
110        87         9          4          8132               81,32              38             0,38                     100        20         ------------------ 87,00   
111        86         8          6          7885               78,85              35             0,35                     100        20         ------------------ 86,00   
112        86         8          6          7970               79,70              35             0,35                     100        20         ------------------ 86,00   
113        86         8          6          7885               78,85              35             0,35                     100        20         ------------------ 86,00   
