aggregate data per location for magnitude = 0.02
SERN
89 perturbation point
Random Enactor, seed :32
PONE : Numerical Perturbator
1 sudoku grid 
Those grid are read from file in resources/sudoku/grid.txt
IndexLoc   #Success   #Failure   #Exception #call_all_execs    avg_call_per_execs #Perturbations AvgPerturbationPerExecs  #Execs     #Tasks     %Success                   
0          0          0          5          1                  1                  30             30,00                    1265       1           0,00                      
1          0          0          5          1                  1                  16             16,00                    774        1           0,00                      
3          3          2          0          1                  1                  31             31,00                    1336       1          ------------ 60,00         
4          1          1          3          1                  1                  17             17,00                    777        1          ---- 20,00                 
7          5          0          0          1                  1                  10             10,00                    540        1          -------------------- 100,00
8          4          0          1          1                  1                  10             10,00                    539        1          ---------------- 80,00     
9          3          2          0          1                  1                  10             10,00                    433        1          ------------ 60,00         
10         4          1          0          1                  1                  10             10,00                    451        1          ---------------- 80,00     
14         5          0          0          1                  1                  0              0,00                     5          1          NaN                        
15         5          0          0          1                  1                  0              0,00                     5          1          NaN                        
17         3          0          2          1                  1                  10             10,00                    592        1          ------------ 60,00         
18         3          0          2          1                  1                  10             10,00                    593        1          ------------ 60,00         
20         5          0          0          1                  1                  3              3,00                     80         1          -------------------- 100,00
21         4          0          1          1                  1                  3              3,00                     75         1          ---------------- 80,00     
24         2          3          0          1                  1                  11             11,00                    617        1          -------- 40,00             
25         1          3          1          1                  1                  11             11,00                    614        1          ---- 20,00                 
26         1          4          0          1                  1                  15             15,00                    755        1          ---- 20,00                 
27         1          4          0          1                  1                  15             15,00                    755        1          ---- 20,00                 
29         2          2          1          1                  1                  7              7,00                     321        1          -------- 40,00             
30         2          2          1          1                  1                  7              7,00                     321        1          -------- 40,00             
31         2          2          1          1                  1                  7              7,00                     321        1          -------- 40,00             
32         2          2          1          1                  1                  7              7,00                     347        1          -------- 40,00             
34         5          0          0          1                  1                  10             10,00                    435        1          -------------------- 100,00
35         4          1          0          1                  1                  67             67,00                    3413       1          ---------------- 80,00     
36         4          0          1          1                  1                  55             55,00                    2867       1          ---------------- 80,00     
38         0          0          5          1                  1                  30             30,00                    1265       1           0,00                      
39         3          2          0          1                  1                  145            145,00                   6915       1          ------------ 60,00         
40         0          1          4          1                  1                  29             29,00                    1239       1           0,00                      
42         1          3          1          1                  1                  8              8,00                     383        1          ---- 20,00                 
43         1          3          1          1                  1                  10             10,00                    431        1          ---- 20,00                 
44         3          2          0          1                  1                  10             10,00                    435        1          ------------ 60,00         
45         2          2          1          1                  1                  8              8,00                     374        1          -------- 40,00             
46         2          3          0          1                  1                  8              8,00                     365        1          -------- 40,00             
47         1          3          1          1                  1                  7              7,00                     299        1          ---- 20,00                 
49         3          2          0          1                  1                  10             10,00                    437        1          ------------ 60,00         
50         3          2          0          1                  1                  10             10,00                    437        1          ------------ 60,00         
51         3          2          0          1                  1                  10             10,00                    437        1          ------------ 60,00         
52         2          2          1          1                  1                  8              8,00                     377        1          -------- 40,00             
55         3          2          0          1                  1                  4              4,00                     223        1          ------------ 60,00         
56         2          3          0          1                  1                  4              4,00                     181        1          -------- 40,00             
57         2          2          1          1                  1                  4              4,00                     184        1          -------- 40,00             
59         4          1          0          1                  1                  4              4,00                     288        1          ---------------- 80,00     
60         3          2          0          1                  1                  4              4,00                     218        1          ------------ 60,00         
61         4          1          0          1                  1                  4              4,00                     227        1          ---------------- 80,00     
63         1          2          2          1                  1                  29             29,00                    1238       1          ---- 20,00                 
64         2          3          0          1                  1                  15             15,00                    727        1          -------- 40,00             
65         0          2          3          1                  1                  13             13,00                    689        1           0,00                      
66         2          3          0          1                  1                  31             31,00                    1310       1          -------- 40,00             
67         3          2          0          1                  1                  28             28,00                    1236       1          ------------ 60,00         
68         1          3          1          1                  1                  19             19,00                    840        1          ---- 20,00                 
69         0          2          3          1                  1                  13             13,00                    689        1           0,00                      
70         0          2          3          1                  1                  11             11,00                    614        1           0,00                      
71         1          3          1          1                  1                  19             19,00                    840        1          ---- 20,00                 
72         1          3          1          1                  1                  19             19,00                    840        1          ---- 20,00                 
73         1          3          1          1                  1                  19             19,00                    840        1          ---- 20,00                 
74         5          0          0          1                  1                  0              0,00                     5          1          NaN                        
75         5          0          0          1                  1                  0              0,00                     5          1          NaN                        
76         5          0          0          1                  1                  0              0,00                     5          1          NaN                        
77         5          0          0          1                  1                  0              0,00                     5          1          NaN                        
78         5          0          0          1                  1                  0              0,00                     5          1          NaN                        
79         5          0          0          1                  1                  0              0,00                     5          1          NaN                        
80         5          0          0          1                  1                  0              0,00                     5          1          NaN                        
81         5          0          0          1                  1                  1              1,00                     50         1          -------------------- 100,00
82         5          0          0          1                  1                  1              1,00                     50         1          -------------------- 100,00
84         5          0          0          1                  1                  0              0,00                     45         1          NaN                        
85         5          0          0          1                  1                  10             10,00                    449        1          -------------------- 100,00
86         4          0          1          1                  1                  9              9,00                     420        1          ---------------- 80,00     
88         3          2          0          1                  1                  8              8,00                     405        1          ------------ 60,00         
89         4          0          1          1                  1                  8              8,00                     378        1          ---------------- 80,00     
90         1          4          0          1                  1                  8              8,00                     405        1          ---- 20,00                 
91         1          0          4          1                  1                  6              6,00                     292        1          ---- 20,00                 
92         1          0          4          1                  1                  6              6,00                     292        1          ---- 20,00                 
94         3          2          0          1                  1                  4              4,00                     180        1          ------------ 60,00         
95         3          1          1          1                  1                  4              4,00                     164        1          ------------ 60,00         
96         3          2          0          1                  1                  4              4,00                     180        1          ------------ 60,00         
98         1          3          1          1                  1                  11             11,00                    620        1          ---- 20,00                 
99         1          3          1          1                  1                  10             10,00                    496        1          ---- 20,00                 
100        1          4          0          1                  1                  15             15,00                    765        1          ---- 20,00                 
101        1          3          1          1                  1                  10             10,00                    496        1          ---- 20,00                 
103        0          5          0          1                  1                  11             11,00                    672        1           0,00                      
104        2          2          1          1                  1                  10             10,00                    574        1          -------- 40,00             
105        0          4          1          1                  1                  15             15,00                    716        1           0,00                      
106        2          2          1          1                  1                  10             10,00                    574        1          -------- 40,00             
108        3          1          1          1                  1                  18             18,00                    780        1          ------------ 60,00         
109        3          2          0          1                  1                  19             19,00                    861        1          ------------ 60,00         
110        1          4          0          1                  1                  10             10,00                    609        1          ---- 20,00                 
111        1          4          0          1                  1                  10             10,00                    597        1          ---- 20,00                 
112        1          4          0          1                  1                  10             10,00                    609        1          ---- 20,00                 
113        1          4          0          1                  1                  10             10,00                    597        1          ---- 20,00                 
