aggregate data per location for magnitude = 0.009
SERN
89 perturbation point
Random Enactor, seed :32
PONE : Numerical Perturbator
5 repetition for each location for each task
1 sudoku grid 
Those grid are read from file in resources/sudoku/grid.txt
IndexLoc   #Success   #Failure   #Exception #CallAllExecs      AvgCallPerExec     #Perturbations AvgPerturbationPerExec   #Execs     #Tasks     %Success                   
0          2          1          2          2147               2147,00            19             3,80                     5          1          -------- 40,00             
1          1          0          4          1533               1533,00            12             2,40                     5          1          ---- 20,00                 
3          4          1          0          1252               1252,00            10             2,00                     5          1          ---------------- 80,00     
4          3          2          0          1112               1112,00            8              1,60                     5          1          ------------ 60,00         
7          5          0          0          540                540,00             2              0,40                     5          1          -------------------- 100,00
8          5          0          0          540                540,00             2              0,40                     5          1          -------------------- 100,00
9          5          0          0          537                537,00             2              0,40                     5          1          -------------------- 100,00
10         5          0          0          540                540,00             2              0,40                     5          1          -------------------- 100,00
14         5          0          0          5                  5,00               0              0,00                     5          1          NaN                        
15         5          0          0          5                  5,00               0              0,00                     5          1          NaN                        
17         5          0          0          760                760,00             2              0,40                     5          1          -------------------- 100,00
18         5          0          0          760                760,00             2              0,40                     5          1          -------------------- 100,00
20         5          0          0          75                 75,00              1              0,20                     5          1          -------------------- 100,00
21         4          0          1          75                 75,00              1              0,20                     5          1          ---------------- 80,00     
24         3          1          1          742                742,00             2              0,40                     5          1          ------------ 60,00         
25         3          1          1          742                742,00             2              0,40                     5          1          ------------ 60,00         
26         4          1          0          755                755,00             2              0,40                     5          1          ---------------- 80,00     
27         4          1          0          755                755,00             2              0,40                     5          1          ---------------- 80,00     
29         4          0          1          315                315,00             2              0,40                     5          1          ---------------- 80,00     
30         4          0          1          315                315,00             2              0,40                     5          1          ---------------- 80,00     
31         4          0          1          315                315,00             2              0,40                     5          1          ---------------- 80,00     
32         3          2          0          317                317,00             2              0,40                     5          1          ------------ 60,00         
34         5          0          0          435                435,00             2              0,40                     5          1          -------------------- 100,00
35         5          0          0          3230               3230,00            27             5,40                     5          1          -------------------- 100,00
36         4          0          1          2867               2867,00            26             5,20                     5          1          ---------------- 80,00     
38         2          1          2          2147               2147,00            19             3,80                     5          1          -------- 40,00             
39         4          1          0          3361               3361,00            28             5,60                     5          1          ---------------- 80,00     
40         1          0          4          1533               1533,00            12             2,40                     5          1          ---- 20,00                 
42         3          1          1          408                408,00             2              0,40                     5          1          ------------ 60,00         
43         3          2          0          435                435,00             2              0,40                     5          1          ------------ 60,00         
44         4          1          0          435                435,00             2              0,40                     5          1          ---------------- 80,00     
45         3          1          1          397                397,00             2              0,40                     5          1          ------------ 60,00         
46         4          1          0          436                436,00             2              0,40                     5          1          ---------------- 80,00     
47         3          2          0          427                427,00             2              0,40                     5          1          ------------ 60,00         
49         4          0          1          408                408,00             2              0,40                     5          1          ---------------- 80,00     
50         4          0          1          408                408,00             2              0,40                     5          1          ---------------- 80,00     
51         4          0          1          408                408,00             2              0,40                     5          1          ---------------- 80,00     
52         4          1          0          439                439,00             2              0,40                     5          1          ---------------- 80,00     
55         4          0          1          186                186,00             1              0,20                     5          1          ---------------- 80,00     
56         4          1          0          228                228,00             1              0,20                     5          1          ---------------- 80,00     
57         4          1          0          240                240,00             1              0,20                     5          1          ---------------- 80,00     
59         5          0          0          215                215,00             1              0,20                     5          1          -------------------- 100,00
60         4          1          0          284                284,00             1              0,20                     5          1          ---------------- 80,00     
61         4          1          0          215                215,00             1              0,20                     5          1          ---------------- 80,00     
63         4          1          0          1188               1188,00            9              1,80                     5          1          ---------------- 80,00     
64         4          1          0          1176               1176,00            8              1,60                     5          1          ---------------- 80,00     
65         1          4          0          972                972,00             6              1,20                     5          1          ---- 20,00                 
66         4          0          1          1363               1363,00            11             2,20                     5          1          ---------------- 80,00     
67         4          1          0          1433               1433,00            11             2,20                     5          1          ---------------- 80,00     
68         2          3          0          1267               1267,00            11             2,20                     5          1          -------- 40,00             
69         1          4          0          972                972,00             6              1,20                     5          1          ---- 20,00                 
70         2          1          2          1090               1090,00            8              1,60                     5          1          -------- 40,00             
71         2          3          0          1267               1267,00            11             2,20                     5          1          -------- 40,00             
72         2          3          0          1267               1267,00            11             2,20                     5          1          -------- 40,00             
73         2          3          0          1267               1267,00            11             2,20                     5          1          -------- 40,00             
74         5          0          0          5                  5,00               0              0,00                     5          1          NaN                        
75         5          0          0          5                  5,00               0              0,00                     5          1          NaN                        
76         5          0          0          5                  5,00               0              0,00                     5          1          NaN                        
77         5          0          0          5                  5,00               0              0,00                     5          1          NaN                        
78         5          0          0          5                  5,00               0              0,00                     5          1          NaN                        
79         5          0          0          5                  5,00               0              0,00                     5          1          NaN                        
80         5          0          0          5                  5,00               0              0,00                     5          1          NaN                        
81         5          0          0          50                 50,00              0              0,00                     5          1          NaN                        
82         5          0          0          50                 50,00              0              0,00                     5          1          NaN                        
84         5          0          0          45                 45,00              0              0,00                     5          1          NaN                        
85         5          0          0          449                449,00             2              0,40                     5          1          -------------------- 100,00
86         4          0          1          420                420,00             2              0,40                     5          1          ---------------- 80,00     
88         4          1          0          405                405,00             2              0,40                     5          1          ---------------- 80,00     
89         4          1          0          405                405,00             2              0,40                     5          1          ---------------- 80,00     
90         3          2          0          405                405,00             2              0,40                     5          1          ------------ 60,00         
91         4          0          1          384                384,00             2              0,40                     5          1          ---------------- 80,00     
92         4          0          1          384                384,00             2              0,40                     5          1          ---------------- 80,00     
94         4          1          0          180                180,00             1              0,20                     5          1          ---------------- 80,00     
95         4          1          0          180                180,00             1              0,20                     5          1          ---------------- 80,00     
96         4          1          0          180                180,00             1              0,20                     5          1          ---------------- 80,00     
98         1          4          0          957                957,00             6              1,20                     5          1          ---- 20,00                 
99         3          2          0          907                907,00             4              0,80                     5          1          ------------ 60,00         
100        3          2          0          863                863,00             4              0,80                     5          1          ------------ 60,00         
101        3          2          0          907                907,00             4              0,80                     5          1          ------------ 60,00         
103        4          1          0          798                798,00             3              0,60                     5          1          ---------------- 80,00     
104        3          2          0          755                755,00             2              0,40                     5          1          ------------ 60,00         
105        3          0          2          777                777,00             3              0,60                     5          1          ------------ 60,00         
106        3          2          0          755                755,00             2              0,40                     5          1          ------------ 60,00         
108        5          0          0          825                825,00             3              0,60                     5          1          -------------------- 100,00
109        4          1          0          854                854,00             4              0,80                     5          1          ---------------- 80,00     
110        3          2          0          861                861,00             4              0,80                     5          1          ------------ 60,00         
111        4          1          0          750                750,00             2              0,40                     5          1          ---------------- 80,00     
112        3          0          2          777                777,00             3              0,60                     5          1          ------------ 60,00         
113        4          1          0          750                750,00             2              0,40                     5          1          ---------------- 80,00     
