aggregate data per location for magnitude = 0.01
SERN
89 perturbation point
Random Enactor, seed :32
PONE : Numerical Perturbator
1 sudoku grid 
Those grid are read from file in resources/sudoku/grid.txt
IndexLoc   #Success   #Failure   #Exception #call_all_execs    avg_call_per_execs #Perturbations AvgPerturbationPerExecs  #Execs     #Tasks     %Success                   
0          2          1          2          1                  1                  21             21,00                    2147       1          -------- 40,00             
1          1          0          4          1                  1                  12             12,00                    1533       1          ---- 20,00                 
3          4          1          0          1                  1                  10             10,00                    1252       1          ---------------- 80,00     
4          3          2          0          1                  1                  8              8,00                     1112       1          ------------ 60,00         
7          5          0          0          1                  1                  2              2,00                     540        1          -------------------- 100,00
8          5          0          0          1                  1                  2              2,00                     540        1          -------------------- 100,00
9          5          0          0          1                  1                  2              2,00                     537        1          -------------------- 100,00
10         5          0          0          1                  1                  2              2,00                     540        1          -------------------- 100,00
14         5          0          0          1                  1                  0              0,00                     5          1          NaN                        
15         5          0          0          1                  1                  0              0,00                     5          1          NaN                        
17         5          0          0          1                  1                  2              2,00                     760        1          -------------------- 100,00
18         5          0          0          1                  1                  2              2,00                     760        1          -------------------- 100,00
20         5          0          0          1                  1                  1              1,00                     75         1          -------------------- 100,00
21         4          0          1          1                  1                  1              1,00                     75         1          ---------------- 80,00     
24         3          1          1          1                  1                  2              2,00                     742        1          ------------ 60,00         
25         3          1          1          1                  1                  2              2,00                     742        1          ------------ 60,00         
26         4          1          0          1                  1                  2              2,00                     755        1          ---------------- 80,00     
27         4          1          0          1                  1                  2              2,00                     755        1          ---------------- 80,00     
29         4          0          1          1                  1                  2              2,00                     315        1          ---------------- 80,00     
30         4          0          1          1                  1                  2              2,00                     315        1          ---------------- 80,00     
31         4          0          1          1                  1                  2              2,00                     315        1          ---------------- 80,00     
32         3          2          0          1                  1                  2              2,00                     317        1          ------------ 60,00         
34         5          0          0          1                  1                  2              2,00                     435        1          -------------------- 100,00
35         5          0          0          1                  1                  29             29,00                    3230       1          -------------------- 100,00
36         4          0          1          1                  1                  28             28,00                    2867       1          ---------------- 80,00     
38         2          1          2          1                  1                  21             21,00                    2147       1          -------- 40,00             
39         4          1          0          1                  1                  28             28,00                    3028       1          ---------------- 80,00     
40         1          0          4          1                  1                  12             12,00                    1533       1          ---- 20,00                 
42         3          1          1          1                  1                  2              2,00                     408        1          ------------ 60,00         
43         3          2          0          1                  1                  2              2,00                     435        1          ------------ 60,00         
44         4          1          0          1                  1                  2              2,00                     435        1          ---------------- 80,00     
45         3          1          1          1                  1                  2              2,00                     397        1          ------------ 60,00         
46         4          1          0          1                  1                  2              2,00                     436        1          ---------------- 80,00     
47         3          2          0          1                  1                  2              2,00                     427        1          ------------ 60,00         
49         4          0          1          1                  1                  2              2,00                     408        1          ---------------- 80,00     
50         4          0          1          1                  1                  2              2,00                     408        1          ---------------- 80,00     
51         4          0          1          1                  1                  2              2,00                     408        1          ---------------- 80,00     
52         4          1          0          1                  1                  2              2,00                     439        1          ---------------- 80,00     
55         4          0          1          1                  1                  1              1,00                     186        1          ---------------- 80,00     
56         4          1          0          1                  1                  1              1,00                     228        1          ---------------- 80,00     
57         4          1          0          1                  1                  1              1,00                     240        1          ---------------- 80,00     
59         5          0          0          1                  1                  1              1,00                     215        1          -------------------- 100,00
60         4          1          0          1                  1                  1              1,00                     284        1          ---------------- 80,00     
61         4          1          0          1                  1                  1              1,00                     215        1          ---------------- 80,00     
63         4          1          0          1                  1                  9              9,00                     1188       1          ---------------- 80,00     
64         4          1          0          1                  1                  8              8,00                     1176       1          ---------------- 80,00     
65         1          4          0          1                  1                  6              6,00                     972        1          ---- 20,00                 
66         4          0          1          1                  1                  11             11,00                    1363       1          ---------------- 80,00     
67         4          1          0          1                  1                  11             11,00                    1433       1          ---------------- 80,00     
68         2          3          0          1                  1                  11             11,00                    1267       1          -------- 40,00             
69         1          4          0          1                  1                  6              6,00                     972        1          ---- 20,00                 
70         2          1          2          1                  1                  8              8,00                     1090       1          -------- 40,00             
71         2          3          0          1                  1                  11             11,00                    1267       1          -------- 40,00             
72         2          3          0          1                  1                  11             11,00                    1267       1          -------- 40,00             
73         2          3          0          1                  1                  11             11,00                    1267       1          -------- 40,00             
74         5          0          0          1                  1                  0              0,00                     5          1          NaN                        
75         5          0          0          1                  1                  0              0,00                     5          1          NaN                        
76         5          0          0          1                  1                  0              0,00                     5          1          NaN                        
77         5          0          0          1                  1                  0              0,00                     5          1          NaN                        
78         5          0          0          1                  1                  0              0,00                     5          1          NaN                        
79         5          0          0          1                  1                  0              0,00                     5          1          NaN                        
80         5          0          0          1                  1                  0              0,00                     5          1          NaN                        
81         5          0          0          1                  1                  0              0,00                     50         1          NaN                        
82         5          0          0          1                  1                  0              0,00                     50         1          NaN                        
84         5          0          0          1                  1                  0              0,00                     45         1          NaN                        
85         5          0          0          1                  1                  2              2,00                     449        1          -------------------- 100,00
86         4          0          1          1                  1                  2              2,00                     420        1          ---------------- 80,00     
88         4          1          0          1                  1                  2              2,00                     405        1          ---------------- 80,00     
89         4          1          0          1                  1                  2              2,00                     405        1          ---------------- 80,00     
90         3          2          0          1                  1                  2              2,00                     405        1          ------------ 60,00         
91         4          0          1          1                  1                  2              2,00                     384        1          ---------------- 80,00     
92         4          0          1          1                  1                  2              2,00                     384        1          ---------------- 80,00     
94         4          1          0          1                  1                  1              1,00                     180        1          ---------------- 80,00     
95         4          1          0          1                  1                  1              1,00                     180        1          ---------------- 80,00     
96         4          1          0          1                  1                  1              1,00                     180        1          ---------------- 80,00     
98         1          4          0          1                  1                  6              6,00                     957        1          ---- 20,00                 
99         3          2          0          1                  1                  4              4,00                     907        1          ------------ 60,00         
100        3          2          0          1                  1                  4              4,00                     863        1          ------------ 60,00         
101        3          2          0          1                  1                  4              4,00                     907        1          ------------ 60,00         
103        4          1          0          1                  1                  3              3,00                     798        1          ---------------- 80,00     
104        3          2          0          1                  1                  2              2,00                     755        1          ------------ 60,00         
105        3          0          2          1                  1                  3              3,00                     777        1          ------------ 60,00         
106        3          2          0          1                  1                  2              2,00                     755        1          ------------ 60,00         
108        5          0          0          1                  1                  3              3,00                     825        1          -------------------- 100,00
109        4          1          0          1                  1                  4              4,00                     854        1          ---------------- 80,00     
110        3          2          0          1                  1                  4              4,00                     861        1          ------------ 60,00         
111        4          1          0          1                  1                  2              2,00                     750        1          ---------------- 80,00     
112        3          0          2          1                  1                  3              3,00                     777        1          ------------ 60,00         
113        4          1          0          1                  1                  2              2,00                     750        1          ---------------- 80,00     
