aggregate data per location for magnitude = 0.1
SERN
89 perturbation point
Random Enactor, seed :32
PONE : Numerical Perturbator
5 repetition for each location for each task
1 sudoku grid 
Those grid are read from file in resources/sudoku/grid.txt
IndexLoc   #Success   #Failure   #Exception #CallAllExecs      AvgCallPerExec     #Perturbations AvgPerturbationPerExec   #Execs     #Tasks     %Success                   
0          0          2          3          627                627,00             70             14,00                    5          1           0,00                      
1          0          0          5          681                681,00             76             15,20                    5          1           0,00                      
3          0          3          2          2808               2808,00            287            57,40                    5          1           0,00                      
4          0          1          4          234                234,00             25             5,00                     5          1           0,00                      
7          0          4          1          374                374,00             43             8,60                     5          1           0,00                      
8          1          3          1          526                526,00             59             11,80                    5          1          ---- 20,00                 
9          0          5          0          478                478,00             55             11,00                    5          1           0,00                      
10         0          1          4          138                138,00             18             3,60                     5          1           0,00                      
14         5          0          0          5                  5,00               0              0,00                     5          1          NaN                        
15         5          0          0          5                  5,00               0              0,00                     5          1          NaN                        
17         0          0          5          234                234,00             25             5,00                     5          1           0,00                      
18         0          0          5          325                325,00             39             7,80                     5          1           0,00                      
20         5          0          0          85                 85,00              12             2,40                     5          1          -------------------- 100,00
21         2          0          3          75                 75,00              12             2,40                     5          1          -------- 40,00             
24         0          2          3          137                137,00             18             3,60                     5          1           0,00                      
25         0          5          0          410                410,00             46             9,20                     5          1           0,00                      
26         0          5          0          1093               1093,00            122            24,40                    5          1           0,00                      
27         0          5          0          1021               1021,00            114            22,80                    5          1           0,00                      
29         0          1          4          206                206,00             24             4,80                     5          1           0,00                      
30         0          1          4          206                206,00             24             4,80                     5          1           0,00                      
31         0          1          4          206                206,00             24             4,80                     5          1           0,00                      
32         0          2          3          223                223,00             24             4,80                     5          1           0,00                      
34         4          1          0          373                373,00             43             8,60                     5          1          ---------------- 80,00     
35         2          3          0          3627               3627,00            373            74,60                    5          1          -------- 40,00             
36         0          0          5          909                909,00             105            21,00                    5          1           0,00                      
38         0          1          4          521                521,00             59             11,80                    5          1           0,00                      
39         0          0          5          129734             129734,00          12953          2590,60                  5          1           0,00                      
40         0          2          3          528                528,00             59             11,80                    5          1           0,00                      
42         0          3          2          386                386,00             43             8,60                     5          1           0,00                      
43         0          3          2          560                560,00             61             12,20                    5          1           0,00                      
44         0          5          0          435                435,00             48             9,60                     5          1           0,00                      
45         0          4          1          260                260,00             28             5,60                     5          1           0,00                      
46         0          5          0          260                260,00             28             5,60                     5          1           0,00                      
47         0          4          1          74                 74,00              11             2,20                     5          1           0,00                      
49         0          1          4          279                279,00             30             6,00                     5          1           0,00                      
50         0          1          4          279                279,00             30             6,00                     5          1           0,00                      
51         0          1          4          279                279,00             30             6,00                     5          1           0,00                      
52         0          1          4          271                271,00             30             6,00                     5          1           0,00                      
55         0          3          2          196                196,00             23             4,60                     5          1           0,00                      
56         0          5          0          228                228,00             24             4,80                     5          1           0,00                      
57         0          2          3          266                266,00             29             5,80                     5          1           0,00                      
59         0          5          0          256                256,00             28             5,60                     5          1           0,00                      
60         1          4          0          745                745,00             83             16,60                    5          1          ---- 20,00                 
61         0          5          0          302                302,00             37             7,40                     5          1           0,00                      
63         0          1          4          431                431,00             48             9,60                     5          1           0,00                      
64         0          5          0          826                826,00             95             19,00                    5          1           0,00                      
65         0          0          5          165                165,00             22             4,40                     5          1           0,00                      
66         0          5          0          708                708,00             80             16,00                    5          1           0,00                      
67         1          4          0          1089               1089,00            121            24,20                    5          1          ---- 20,00                 
68         0          2          3          234                234,00             25             5,00                     5          1           0,00                      
69         0          0          5          165                165,00             22             4,40                     5          1           0,00                      
70         0          3          2          309                309,00             37             7,40                     5          1           0,00                      
71         0          2          3          234                234,00             25             5,00                     5          1           0,00                      
72         0          2          3          234                234,00             25             5,00                     5          1           0,00                      
73         0          2          3          234                234,00             25             5,00                     5          1           0,00                      
74         5          0          0          5                  5,00               0              0,00                     5          1          NaN                        
75         5          0          0          5                  5,00               0              0,00                     5          1          NaN                        
76         5          0          0          5                  5,00               0              0,00                     5          1          NaN                        
77         5          0          0          5                  5,00               0              0,00                     5          1          NaN                        
78         5          0          0          5                  5,00               0              0,00                     5          1          NaN                        
79         5          0          0          5                  5,00               0              0,00                     5          1          NaN                        
80         5          0          0          5                  5,00               0              0,00                     5          1          NaN                        
81         5          0          0          50                 50,00              6              1,20                     5          1          -------------------- 100,00
82         5          0          0          50                 50,00              6              1,20                     5          1          -------------------- 100,00
84         5          0          0          45                 45,00              4              0,80                     5          1          -------------------- 100,00
85         5          0          0          446                446,00             49             9,80                     5          1          -------------------- 100,00
86         1          0          4          240                240,00             26             5,20                     5          1          ---- 20,00                 
88         1          2          2          391                391,00             43             8,60                     5          1          ---- 20,00                 
89         0          1          4          198                198,00             24             4,80                     5          1           0,00                      
90         0          5          0          405                405,00             45             9,00                     5          1           0,00                      
91         0          0          5          88                 88,00              13             2,60                     5          1           0,00                      
92         0          0          5          88                 88,00              13             2,60                     5          1           0,00                      
94         0          4          1          178                178,00             22             4,40                     5          1           0,00                      
95         0          3          2          132                132,00             16             3,20                     5          1           0,00                      
96         0          3          2          153                153,00             21             4,20                     5          1           0,00                      
98         0          0          5          198                198,00             24             4,80                     5          1           0,00                      
99         0          1          4          243                243,00             27             5,40                     5          1           0,00                      
100        0          1          4          165                165,00             22             4,40                     5          1           0,00                      
101        0          1          4          243                243,00             27             5,40                     5          1           0,00                      
103        0          3          2          284                284,00             31             6,20                     5          1           0,00                      
104        0          4          1          536                536,00             59             11,80                    5          1           0,00                      
105        0          0          5          137                137,00             18             3,60                     5          1           0,00                      
106        0          4          1          536                536,00             59             11,80                    5          1           0,00                      
108        0          0          5          348                348,00             42             8,40                     5          1           0,00                      
109        0          4          1          493                493,00             55             11,00                    5          1           0,00                      
110        0          4          1          373                373,00             43             8,60                     5          1           0,00                      
111        0          2          3          165                165,00             22             4,40                     5          1           0,00                      
112        0          2          3          175                175,00             22             4,40                     5          1           0,00                      
113        0          2          3          165                165,00             22             4,40                     5          1           0,00                      
