contains the data for the random rates analysis graph with Perturbator as perturbator.
Exploration Plus One
89 perturbation point
PONE : plus one perturbator
random rate : 0.001 0.01 0.05 0.1 0.5 0.9 
20 sudoku grid 
Those grid are read from file in resources/sudoku/grid.txt
RandomRate Perturbator IndexLoc   #Success   #Failure   #Exception #Call      #Perturbation  %Success                   
0.001      1           0          98         2          0          9990       11             -------------------- 98,00 
0.01       1           0          66         15         19         9505       97             -------------- 66,00       
0.05       1           0          25         33         42         7077       328            ----- 25,00                
0.1        1           0          3          55         42         5155       528            - 3,00                     
0.5        1           0          0          78         22         2016       998             0,00                      
0.9        1           0          0          92         8          1464       1310            0,00                      
0.001      1           1          98         2          0          9990       11             -------------------- 98,00 
0.01       1           1          84         13         3          9907       101            ----------------- 84,00    
0.05       1           1          45         29         26         8836       418            --------- 45,00            
0.1        1           1          16         32         52         6460       650            ---- 16,00                 
0.5        1           1          0          21         79         1709       851             0,00                      
0.9        1           1          0          5          95         1039       935             0,00                      
0.001      1           3          98         2          0          2925       2              -------------------- 98,00 
0.01       1           3          85         13         2          2910       28             ----------------- 85,00    
0.05       1           3          42         52         6          2768       129            --------- 42,00            
0.1        1           3          18         76         6          2937       300            ---- 18,00                 
0.5        1           3          0          100        0          1411       704             0,00                      
0.9        1           3          0          100        0          998        897             0,00                      
0.001      1           4          99         1          0          2928       2              -------------------- 99,00 
0.01       1           4          88         8          4          2833       28             ------------------ 88,00   
0.05       1           4          42         49         9          2884       134            --------- 42,00            
0.1        1           4          13         64         23         2184       223            --- 13,00                  
0.5        1           4          0          67         33         733        395             0,00                      
0.9        1           4          0          63         37         561        501             0,00                      
0.001      1           7          99         0          1          2083       1              -------------------- 99,00 
0.01       1           7          95         2          3          2029       19             ------------------- 95,00  
0.05       1           7          70         19         11         1827       83             -------------- 70,00       
0.1        1           7          55         28         17         1606       163            ------------ 55,00         
0.5        1           7          0          67         33         816        437             0,00                      
0.9        1           7          0          57         43         484        434             0,00                      
0.001      1           8          100        0          0          2085       1              -------------------- 100,00
0.01       1           8          94         5          1          2073       20             ------------------- 94,00  
0.05       1           8          78         13         9          2026       94             ---------------- 78,00     
0.1        1           8          59         38         3          1912       196            ------------ 59,00         
0.5        1           8          5          94         1          1278       645            - 5,00                     
0.9        1           8          0          100        0          969        870             0,00                      
0.001      1           9          99         0          1          2083       1              -------------------- 99,00 
0.01       1           9          82         16         2          1941       19             ----------------- 82,00    
0.05       1           9          43         53         4          1475       70             --------- 43,00            
0.1        1           9          18         77         5          1127       124            ---- 18,00                 
0.5        1           9          0          100        0          292        146             0,00                      
0.9        1           9          0          100        0          179        159             0,00                      
0.001      1           10         99         1          0          2083       1              -------------------- 99,00 
0.01       1           10         83         16         1          1942       19             ----------------- 83,00    
0.05       1           10         38         57         5          1453       70             -------- 38,00             
0.1        1           10         12         75         13         993        114            --- 12,00                  
0.5        1           10         0          91         9          282        140             0,00                      
0.9        1           10         0          94         6          167        150             0,00                      
0.001      1           14         100        0          0          100        0              NaN                        
0.01       1           14         100        0          0          100        1              -------------------- 100,00
0.05       1           14         99         1          0          100        6              -------------------- 99,00 
0.1        1           14         97         3          0          100        14             -------------------- 97,00 
0.5        1           14         83         17         0          100        51             ----------------- 83,00    
0.9        1           14         76         24         0          100        93             ---------------- 76,00     
0.001      1           15         100        0          0          100        0              NaN                        
0.01       1           15         99         1          0          100        1              -------------------- 99,00 
0.05       1           15         94         6          0          100        6              ------------------- 94,00  
0.1        1           15         86         14         0          100        14             ------------------ 86,00   
0.5        1           15         49         51         0          100        51             ---------- 49,00           
0.9        1           15         7          93         0          100        93             -- 7,00                    
0.001      1           17         98         1          1          8252       8              -------------------- 98,00 
0.01       1           17         92         0          8          8083       84             ------------------- 92,00  
0.05       1           17         62         6          32         7188       333            ------------- 62,00        
0.1        1           17         42         11         47         6571       663            --------- 42,00            
0.5        1           17         1          9          90         3246       1603           - 1,00                     
0.9        1           17         4          31         65         5178       4666           - 4,00                     
0.001      1           18         99         0          1          8244       8              -------------------- 99,00 
0.01       1           18         92         0          8          8001       81             ------------------- 92,00  
0.05       1           18         65         0          35         7124       332            ------------- 65,00        
0.1        1           18         33         0          67         5696       574            ------- 33,00              
0.5        1           18         2          0          98         2104       1039           - 2,00                     
0.9        1           18         0          0          100        1145       1028            0,00                      
0.001      1           20         100        0          0          900        0              NaN                        
0.01       1           20         99         1          0          900        4              -------------------- 99,00 
0.05       1           20         94         6          0          906        46             ------------------- 94,00  
0.1        1           20         85         15         0          907        104            ----------------- 85,00    
0.5        1           20         40         60         0          927        489            -------- 40,00             
0.9        1           20         8          92         0          964        865            -- 8,00                    
0.001      1           21         100        0          0          900        0              NaN                        
0.01       1           21         100        0          0          900        4              -------------------- 100,00
0.05       1           21         94         0          6          900        46             ------------------- 94,00  
0.1        1           21         87         0          13         900        104            ------------------ 87,00   
0.5        1           21         50         0          50         900        475            ---------- 50,00           
0.9        1           21         16         0          84         900        808            ---- 16,00                 
0.001      1           24         97         2          1          8170       8              -------------------- 97,00 
0.01       1           24         65         28         7          7160       74             ------------- 65,00        
0.05       1           24         26         50         24         5796       272            ------ 26,00               
0.1        1           24         1          66         33         3892       402            - 1,00                     
0.5        1           24         0          79         21         778        418             0,00                      
0.9        1           24         0          90         10         450        404             0,00                      
0.001      1           25         95         3          2          8072       8              ------------------- 95,00  
0.01       1           25         62         31         7          7464       74             ------------- 62,00        
0.05       1           25         13         69         18         6112       288            --- 13,00                  
0.1        1           25         2          80         18         4635       479            - 2,00                     
0.5        1           25         0          100        0          1509       747             0,00                      
0.9        1           25         0          100        0          862        775             0,00                      
0.001      1           26         99         1          0          8180       8              -------------------- 99,00 
0.01       1           26         83         17         0          8180       84             ----------------- 83,00    
0.05       1           26         34         66         0          8472       396            ------- 34,00              
0.1        1           26         9          91         0          8808       903            -- 9,00                    
0.5        1           26         0          100        0          8588       4309            0,00                      
0.9        1           26         0          100        0          8208       7380            0,00                      
0.001      1           27         97         3          0          8129       8              -------------------- 97,00 
0.01       1           27         76         24         0          7795       77             ---------------- 76,00     
0.05       1           27         38         62         0          7721       356            -------- 38,00             
0.1        1           27         2          98         0          6092       609            - 2,00                     
0.5        1           27         0          100        0          2912       1436            0,00                      
0.9        1           27         0          100        0          1509       1352            0,00                      
0.001      1           29         98         1          1          6114       4              -------------------- 98,00 
0.01       1           29         75         17         8          5868       61             --------------- 75,00      
0.05       1           29         44         29         27         5334       257            --------- 44,00            
0.1        1           29         6          44         50         4552       467            -- 6,00                    
0.5        1           29         0          10         90         1855       924             0,00                      
0.9        1           29         0          0          100        1015       911             0,00                      
0.001      1           30         98         1          1          6114       4              -------------------- 98,00 
0.01       1           30         75         17         8          5868       61             --------------- 75,00      
0.05       1           30         44         29         27         5334       257            --------- 44,00            
0.1        1           30         6          44         50         4552       467            -- 6,00                    
0.5        1           30         0          10         90         1855       924             0,00                      
0.9        1           30         0          0          100        1015       911             0,00                      
0.001      1           31         98         1          1          6114       4              -------------------- 98,00 
0.01       1           31         75         17         8          5868       61             --------------- 75,00      
0.05       1           31         44         29         27         5334       257            --------- 44,00            
0.1        1           31         6          44         50         4552       467            -- 6,00                    
0.5        1           31         0          10         90         1855       924             0,00                      
0.9        1           31         0          0          100        1015       911             0,00                      
0.001      1           32         96         3          1          6108       4              -------------------- 96,00 
0.01       1           32         54         39         7          5807       61             ----------- 54,00          
0.05       1           32         2          75         23         4723       232            - 2,00                     
0.1        1           32         0          56         44         3725       386             0,00                      
0.5        1           32         0          19         81         1487       736             0,00                      
0.9        1           32         0          10         90         898        808             0,00                      
0.001      1           34         100        0          0          2050       1              -------------------- 100,00
0.01       1           34         97         3          0          2023       19             -------------------- 97,00 
0.05       1           34         92         8          0          2024       94             ------------------- 92,00  
0.1        1           34         78         22         0          1899       196            ---------------- 78,00     
0.5        1           34         21         79         0          1254       639            ----- 21,00                
0.9        1           34         2          98         0          887        797            - 2,00                     
0.001      1           35         100        0          0          10010      11             -------------------- 100,00
0.01       1           35         95         5          0          10336      107            ------------------- 95,00  
0.05       1           35         92         8          0          10127      483            ------------------- 92,00  
0.1        1           35         79         21         0          10162      1031           ---------------- 79,00     
0.5        1           35         29         71         0          10475      5281           ------ 29,00               
0.9        1           35         11         89         0          7878       7080           --- 11,00                  
0.001      1           36         100        0          0          10010      11             -------------------- 100,00
0.01       1           36         100        0          0          10010      103            -------------------- 100,00
0.05       1           36         98         0          2          9909       472            -------------------- 98,00 
0.1        1           36         98         0          2          9906       1002           -------------------- 98,00 
0.5        1           36         82         0          18         9059       4565           ----------------- 82,00    
0.9        1           36         77         0          23         8778       7887           ---------------- 77,00     
0.001      1           38         98         2          0          9990       11             -------------------- 98,00 
0.01       1           38         66         15         19         9505       97             -------------- 66,00       
0.05       1           38         20         37         43         7593       350            ---- 20,00                 
0.1        1           38         2          47         51         5810       587            - 2,00                     
0.5        1           38         0          80         20         2072       1027            0,00                      
0.9        1           38         0          93         7          1518       1360            0,00                      
0.001      1           39         98         1          1          9950       11             -------------------- 98,00 
0.01       1           39         87         13         0          10128      105            ------------------ 87,00   
0.05       1           39         52         43         5          9807       469            ----------- 52,00          
0.1        1           39         20         76         4          10568      1066           ---- 20,00                 
0.5        1           39         0          100        0          5328       2668            0,00                      
0.9        1           39         0          100        0          3582       3225            0,00                      
0.001      1           40         98         2          0          10058      11             -------------------- 98,00 
0.01       1           40         73         24         3          10084      103            --------------- 73,00      
0.05       1           40         22         47         31         8673       405            ----- 22,00                
0.1        1           40         4          52         44         7532       756            - 4,00                     
0.5        1           40         0          22         78         2168       1073            0,00                      
0.9        1           40         0          2          98         1981       1779            0,00                      
0.001      1           42         99         1          0          2050       1              -------------------- 99,00 
0.01       1           42         82         15         3          2028       19             ----------------- 82,00    
0.05       1           42         35         56         9          2011       93             ------- 35,00              
0.1        1           42         8          61         31         1769       182            -- 8,00                    
0.5        1           42         0          27         73         1204       616             0,00                      
0.9        1           42         0          15         85         897        807             0,00                      
0.001      1           43         99         0          1          2049       1              -------------------- 99,00 
0.01       1           43         81         12         7          2039       19             ----------------- 81,00    
0.05       1           43         39         54         7          2023       94             -------- 39,00             
0.1        1           43         15         66         19         1992       204            --- 15,00                  
0.5        1           43         0          35         65         1893       943             0,00                      
0.9        1           43         0          8          92         1813       1630            0,00                      
0.001      1           44         99         1          0          2050       1              -------------------- 99,00 
0.01       1           44         81         19         0          2050       19             ----------------- 81,00    
0.05       1           44         39         61         0          2050       95             -------- 39,00             
0.1        1           44         10         90         0          2050       211            -- 10,00                   
0.5        1           44         0          100        0          2050       1014            0,00                      
0.9        1           44         0          100        0          2050       1842            0,00                      
0.001      1           45         100        0          0          2050       1              -------------------- 100,00
0.01       1           45         97         0          3          2033       19             -------------------- 97,00 
0.05       1           45         80         10         10         1910       87             ---------------- 80,00     
0.1        1           45         52         19         29         1710       175            ----------- 52,00          
0.5        1           45         8          23         69         1141       586            -- 8,00                    
0.9        1           45         0          23         77         897        807             0,00                      
0.001      1           46         99         0          1          2049       1              -------------------- 99,00 
0.01       1           46         92         3          5          2033       19             ------------------- 92,00  
0.05       1           46         74         18         8          2005       93             --------------- 74,00      
0.1        1           46         43         45         12         1715       175            --------- 43,00            
0.5        1           46         1          92         7          1119       575            - 1,00                     
0.9        1           46         0          100        0          727        651             0,00                      
0.001      1           47         100        0          0          2050       1              -------------------- 100,00
0.01       1           47         92         5          3          1965       19             ------------------- 92,00  
0.05       1           47         74         22         4          1868       85             --------------- 74,00      
0.1        1           47         49         34         17         1555       158            ---------- 49,00           
0.5        1           47         1          68         31         694        373            - 1,00                     
0.9        1           47         0          72         28         608        543             0,00                      
0.001      1           49         100        0          0          2050       1              -------------------- 100,00
0.01       1           49         96         1          3          2028       19             -------------------- 96,00 
0.05       1           49         75         14         11         1999       93             --------------- 75,00      
0.1        1           49         52         23         25         1791       184            ----------- 52,00          
0.5        1           49         1          30         69         1262       641            - 1,00                     
0.9        1           49         0          15         85         897        807             0,00                      
0.001      1           50         100        0          0          2050       1              -------------------- 100,00
0.01       1           50         96         1          3          2028       19             -------------------- 96,00 
0.05       1           50         75         14         11         1999       93             --------------- 75,00      
0.1        1           50         52         23         25         1791       184            ----------- 52,00          
0.5        1           50         1          30         69         1262       641            - 1,00                     
0.9        1           50         0          15         85         897        807             0,00                      
0.001      1           51         100        0          0          2050       1              -------------------- 100,00
0.01       1           51         96         1          3          2028       19             -------------------- 96,00 
0.05       1           51         75         14         11         1999       93             --------------- 75,00      
0.1        1           51         52         23         25         1791       184            ----------- 52,00          
0.5        1           51         1          30         69         1262       641            - 1,00                     
0.9        1           51         0          15         85         897        807             0,00                      
0.001      1           52         99         0          1          2049       1              -------------------- 99,00 
0.01       1           52         83         14         3          2019       19             ----------------- 83,00    
0.05       1           52         41         51         8          1910       87             --------- 41,00            
0.1        1           52         17         60         23         1746       177            ---- 17,00                 
0.5        1           52         0          51         49         1029       542             0,00                      
0.9        1           52         0          36         64         747        670             0,00                      
0.001      1           55         100        0          0          50         0              NaN                        
0.01       1           55         100        0          0          50         0              NaN                        
0.05       1           55         98         1          1          81         5              -------------------- 98,00 
0.1        1           55         95         4          1          120        15             ------------------- 95,00  
0.5        1           55         80         9          11         219        114            ---------------- 80,00     
0.9        1           55         77         5          18         167        150            ---------------- 77,00     
0.001      1           56         100        0          0          50         0              NaN                        
0.01       1           56         100        0          0          50         0              NaN                        
0.05       1           56         98         2          0          80         5              -------------------- 98,00 
0.1        1           56         96         4          0          108        14             -------------------- 96,00 
0.5        1           56         79         21         0          277        139            ---------------- 79,00     
0.9        1           56         76         24         0          294        264            ---------------- 76,00     
0.001      1           57         100        0          0          50         0              NaN                        
0.01       1           57         100        0          0          50         0              NaN                        
0.05       1           57         99         1          0          75         5              -------------------- 99,00 
0.1        1           57         96         2          2          107        14             -------------------- 96,00 
0.5        1           57         79         3          18         297        150            ---------------- 79,00     
0.9        1           57         77         0          23         153        139            ---------------- 77,00     
0.001      1           59         100        0          0          50         0              NaN                        
0.01       1           59         100        0          0          50         0              NaN                        
0.05       1           59         98         0          2          56         4              -------------------- 98,00 
0.1        1           59         97         3          0          87         12             -------------------- 97,00 
0.5        1           59         81         5          14         177        92             ----------------- 81,00    
0.9        1           59         75         3          22         176        157            --------------- 75,00      
0.001      1           60         100        0          0          50         0              NaN                        
0.01       1           60         100        0          0          50         0              NaN                        
0.05       1           60         98         2          0          76         5              -------------------- 98,00 
0.1        1           60         96         4          0          104        14             -------------------- 96,00 
0.5        1           60         86         11         3          197        99             ------------------ 86,00   
0.9        1           60         80         14         6          242        218            ---------------- 80,00     
0.001      1           61         100        0          0          50         0              NaN                        
0.01       1           61         100        0          0          50         0              NaN                        
0.05       1           61         98         2          0          50         2              -------------------- 98,00 
0.1        1           61         97         3          0          50         6              -------------------- 97,00 
0.5        1           61         85         15         0          50         23             ----------------- 85,00    
0.9        1           61         75         25         0          50         48             --------------- 75,00      
0.001      1           63         100        0          0          10285      12             -------------------- 100,00
0.01       1           63         77         9          14         9748       98             ---------------- 77,00     
0.05       1           63         41         24         35         9085       431            --------- 41,00            
0.1        1           63         12         18         70         7520       754            --- 12,00                  
0.5        1           63         0          1          99         5664       2816            0,00                      
0.9        1           63         0          0          100        5565       5014            0,00                      
0.001      1           64         96         4          0          10247      12             -------------------- 96,00 
0.01       1           64         83         17         0          10236      107            ----------------- 83,00    
0.05       1           64         57         43         0          9527       450            ------------ 57,00         
0.1        1           64         23         77         0          9125       934            ----- 23,00                
0.5        1           64         1          99         0          7111       3547           - 1,00                     
0.9        1           64         0          100        0          6502       5862            0,00                      
0.001      1           65         94         3          3          10106      12             ------------------- 94,00  
0.01       1           65         60         15         25         9213       95             ------------ 60,00         
0.05       1           65         4          12         84         5908       277            - 4,00                     
0.1        1           65         1          7          92         5131       525            - 1,00                     
0.5        1           65         0          0          100        4274       2143            0,00                      
0.9        1           65         0          0          100        4186       3773            0,00                      
0.001      1           66         99         1          0          10300      12             -------------------- 99,00 
0.01       1           66         89         9          2          10339      107            ------------------ 89,00   
0.05       1           66         48         41         11         9763       464            ---------- 48,00           
0.1        1           66         27         54         19         9145       936            ------ 27,00               
0.5        1           66         0          28         72         6156       3061            0,00                      
0.9        1           66         0          2          98         5118       4616            0,00                      
0.001      1           67         98         2          0          10281      12             -------------------- 98,00 
0.01       1           67         85         15         0          10230      107            ----------------- 85,00    
0.05       1           67         48         52         0          10026      479            ---------- 48,00           
0.1        1           67         28         72         0          9586       975            ------ 28,00               
0.5        1           67         0          100        0          7608       3804            0,00                      
0.9        1           67         0          100        0          6763       6094            0,00                      
0.001      1           68         93         6          1          10182      12             ------------------- 93,00  
0.01       1           68         64         25         11         9602       98             ------------- 64,00        
0.05       1           68         12         49         39         8157       379            --- 12,00                  
0.1        1           68         1          49         50         6735       676            - 1,00                     
0.5        1           68         0          0          100        4893       2464            0,00                      
0.9        1           68         0          0          100        4654       4195            0,00                      
0.001      1           69         94         3          3          10106      12             ------------------- 94,00  
0.01       1           69         60         15         25         9213       95             ------------ 60,00         
0.05       1           69         4          12         84         5908       277            - 4,00                     
0.1        1           69         1          7          92         5131       525            - 1,00                     
0.5        1           69         0          0          100        4274       2143            0,00                      
0.9        1           69         0          0          100        4186       3773            0,00                      
0.001      1           70         99         0          1          10235      12             -------------------- 99,00 
0.01       1           70         61         14         25         9213       95             ------------- 61,00        
0.05       1           70         21         24         55         7435       340            ----- 21,00                
0.1        1           70         1          24         75         6199       620            - 1,00                     
0.5        1           70         0          0          100        4511       2264            0,00                      
0.9        1           70         0          0          100        4396       3963            0,00                      
0.001      1           71         93         6          1          10182      12             ------------------- 93,00  
0.01       1           71         64         25         11         9602       98             ------------- 64,00        
0.05       1           71         12         49         39         8157       379            --- 12,00                  
0.1        1           71         1          49         50         6735       676            - 1,00                     
0.5        1           71         0          0          100        4893       2464            0,00                      
0.9        1           71         0          0          100        4654       4195            0,00                      
0.001      1           72         93         6          1          10182      12             ------------------- 93,00  
0.01       1           72         64         25         11         9602       98             ------------- 64,00        
0.05       1           72         12         49         39         8157       379            --- 12,00                  
0.1        1           72         1          49         50         6735       676            - 1,00                     
0.5        1           72         0          0          100        4893       2464            0,00                      
0.9        1           72         0          0          100        4654       4195            0,00                      
0.001      1           73         93         6          1          10182      12             ------------------- 93,00  
0.01       1           73         64         25         11         9602       98             ------------- 64,00        
0.05       1           73         12         49         39         8157       379            --- 12,00                  
0.1        1           73         1          49         50         6735       676            - 1,00                     
0.5        1           73         0          0          100        4893       2464            0,00                      
0.9        1           73         0          0          100        4654       4195            0,00                      
0.001      1           74         100        0          0          100        0              NaN                        
0.01       1           74         100        0          0          100        1              -------------------- 100,00
0.05       1           74         100        0          0          100        6              -------------------- 100,00
0.1        1           74         100        0          0          100        14             -------------------- 100,00
0.5        1           74         100        0          0          100        51             -------------------- 100,00
0.9        1           74         100        0          0          100        93             -------------------- 100,00
0.001      1           75         100        0          0          100        0              NaN                        
0.01       1           75         100        0          0          100        1              -------------------- 100,00
0.05       1           75         100        0          0          100        6              -------------------- 100,00
0.1        1           75         100        0          0          100        14             -------------------- 100,00
0.5        1           75         100        0          0          100        51             -------------------- 100,00
0.9        1           75         100        0          0          100        93             -------------------- 100,00
0.001      1           76         100        0          0          100        0              NaN                        
0.01       1           76         100        0          0          100        1              -------------------- 100,00
0.05       1           76         100        0          0          100        6              -------------------- 100,00
0.1        1           76         100        0          0          100        14             -------------------- 100,00
0.5        1           76         100        0          0          100        51             -------------------- 100,00
0.9        1           76         100        0          0          100        93             -------------------- 100,00
0.001      1           77         100        0          0          100        0              NaN                        
0.01       1           77         100        0          0          100        1              -------------------- 100,00
0.05       1           77         100        0          0          100        6              -------------------- 100,00
0.1        1           77         100        0          0          100        14             -------------------- 100,00
0.5        1           77         100        0          0          100        51             -------------------- 100,00
0.9        1           77         100        0          0          100        93             -------------------- 100,00
0.001      1           78         100        0          0          100        0              NaN                        
0.01       1           78         100        0          0          100        1              -------------------- 100,00
0.05       1           78         100        0          0          100        6              -------------------- 100,00
0.1        1           78         100        0          0          100        14             -------------------- 100,00
0.5        1           78         100        0          0          100        51             -------------------- 100,00
0.9        1           78         100        0          0          100        93             -------------------- 100,00
0.001      1           79         100        0          0          100        0              NaN                        
0.01       1           79         100        0          0          100        1              -------------------- 100,00
0.05       1           79         100        0          0          100        6              -------------------- 100,00
0.1        1           79         100        0          0          100        14             -------------------- 100,00
0.5        1           79         100        0          0          100        51             -------------------- 100,00
0.9        1           79         100        0          0          100        93             -------------------- 100,00
0.001      1           80         100        0          0          100        0              NaN                        
0.01       1           80         100        0          0          100        1              -------------------- 100,00
0.05       1           80         100        0          0          100        6              -------------------- 100,00
0.1        1           80         100        0          0          100        14             -------------------- 100,00
0.5        1           80         95         5          0          100        51             ------------------- 95,00  
0.9        1           80         95         5          0          100        93             ------------------- 95,00  
0.001      1           81         100        0          0          1000       0              NaN                        
0.01       1           81         100        0          0          999        6              -------------------- 100,00
0.05       1           81         100        0          0          996        50             -------------------- 100,00
0.1        1           81         100        0          0          986        111            -------------------- 100,00
0.5        1           81         97         3          0          947        498            -------------------- 97,00 
0.9        1           81         96         4          0          909        816            -------------------- 96,00 
0.001      1           82         100        0          0          1000       0              NaN                        
0.01       1           82         98         0          2          1000       6              -------------------- 98,00 
0.05       1           82         95         0          5          1000       50             ------------------- 95,00  
0.1        1           82         88         0          12         1000       114            ------------------ 88,00   
0.5        1           82         46         0          54         1000       525            ---------- 46,00           
0.9        1           82         7          0          93         1000       899            -- 7,00                    
0.001      1           84         100        0          0          900        0              NaN                        
0.01       1           84         100        0          0          900        4              -------------------- 100,00
0.05       1           84         100        0          0          900        46             -------------------- 100,00
0.1        1           84         100        0          0          900        104            -------------------- 100,00
0.5        1           84         98         2          0          900        475            -------------------- 98,00 
0.9        1           84         88         12         0          900        808            ------------------ 88,00   
0.001      1           85         100        0          0          8998       9              -------------------- 100,00
0.01       1           85         100        0          0          8990       92             -------------------- 100,00
0.05       1           85         100        0          0          8960       425            -------------------- 100,00
0.1        1           85         100        0          0          8908       908            -------------------- 100,00
0.5        1           85         97         3          0          8543       4290           -------------------- 97,00 
0.9        1           85         96         4          0          8200       7374           -------------------- 96,00 
0.001      1           86         99         0          1          8950       9              -------------------- 99,00 
0.01       1           86         90         0          10         8720       89             ------------------ 90,00   
0.05       1           86         66         0          34         7770       360            -------------- 66,00       
0.1        1           86         39         0          61         6210       621            -------- 39,00             
0.5        1           86         0          0          100        2030       1004            0,00                      
0.9        1           86         0          0          100        1080       971             0,00                      
0.001      1           88         98         1          1          8094       8              -------------------- 98,00 
0.01       1           88         77         15         8          8070       84             ---------------- 77,00     
0.05       1           88         33         32         35         7962       370            ------- 33,00              
0.1        1           88         5          37         58         7839       800            - 5,00                     
0.5        1           88         0          0          100        7382       3678            0,00                      
0.9        1           88         0          0          100        7311       6580            0,00                      
0.001      1           89         97         3          0          8100       8              -------------------- 97,00 
0.01       1           89         81         8          11         7596       74             ----------------- 81,00    
0.05       1           89         26         35         39         6462       303            ------ 26,00               
0.1        1           89         4          37         59         5589       563            - 4,00                     
0.5        1           89         0          1          99         1944       968             0,00                      
0.9        1           89         0          0          100        1062       956             0,00                      
0.001      1           90         97         2          1          8054       7              -------------------- 97,00 
0.01       1           90         64         27         9          7789       77             ------------- 64,00        
0.05       1           90         8          62         30         6953       323            -- 8,00                    
0.1        1           90         2          47         51         5895       592            - 2,00                     
0.5        1           90         0          1          99         2125       1052            0,00                      
0.9        1           90         0          0          100        1254       1121            0,00                      
0.001      1           91         98         0          2          7981       6              -------------------- 98,00 
0.01       1           91         80         0          20         7391       74             ---------------- 80,00     
0.05       1           91         38         0          62         5106       252            -------- 38,00             
0.1        1           91         9          0          91         2888       296            -- 9,00                    
0.5        1           91         0          0          100        673        364             0,00                      
0.9        1           91         0          0          100        409        366             0,00                      
0.001      1           92         98         0          2          7981       6              -------------------- 98,00 
0.01       1           92         80         0          20         7391       74             ---------------- 80,00     
0.05       1           92         37         1          62         5106       252            -------- 37,00             
0.1        1           92         9          0          91         2888       296            -- 9,00                    
0.5        1           92         0          0          100        673        364             0,00                      
0.9        1           92         0          0          100        409        366             0,00                      
0.001      1           94         99         0          1          6099       4              -------------------- 99,00 
0.01       1           94         76         16         8          6078       61             ---------------- 76,00     
0.05       1           94         33         44         23         6008       282            ------- 33,00              
0.1        1           94         7          46         47         5970       600            -- 7,00                    
0.5        1           94         0          3          97         5664       2816            0,00                      
0.9        1           94         0          0          100        5565       5014            0,00                      
0.001      1           95         99         0          1          6076       4              -------------------- 99,00 
0.01       1           95         81         14         5          6044       61             ----------------- 81,00    
0.05       1           95         36         41         23         5516       260            -------- 36,00             
0.1        1           95         10         37         53         4459       463            -- 10,00                   
0.5        1           95         0          3          97         1783       886             0,00                      
0.9        1           95         0          0          100        1004       903             0,00                      
0.001      1           96         98         2          0          6100       4              -------------------- 98,00 
0.01       1           96         71         17         12         5753       60             --------------- 71,00      
0.05       1           96         14         53         33         4990       249            --- 14,00                  
0.1        1           96         3          49         48         4493       464            - 3,00                     
0.5        1           96         0          0          100        1443       716             0,00                      
0.9        1           96         0          0          100        890        800             0,00                      
0.001      1           98         98         0          2          8183       8              -------------------- 98,00 
0.01       1           98         76         16         8          8151       84             ---------------- 76,00     
0.05       1           98         22         41         37         7541       346            ----- 22,00                
0.1        1           98         4          35         61         6780       678            - 4,00                     
0.5        1           98         0          2          98         5664       2816            0,00                      
0.9        1           98         0          0          100        5565       5014            0,00                      
0.001      1           99         98         1          1          8140       8              -------------------- 98,00 
0.01       1           99         76         13         11         7826       77             ---------------- 76,00     
0.05       1           99         23         36         41         6427       300            ----- 23,00                
0.1        1           99         7          35         58         5457       558            -- 7,00                    
0.5        1           99         0          0          100        1443       716             0,00                      
0.9        1           99         0          0          100        890        800             0,00                      
0.001      1           100        98         1          1          8136       8              -------------------- 98,00 
0.01       1           100        74         15         11         7810       77             --------------- 74,00      
0.05       1           100        31         44         25         7090       330            ------- 31,00              
0.1        1           100        7          34         59         5372       552            -- 7,00                    
0.5        1           100        0          1          99         1556       773             0,00                      
0.9        1           100        0          0          100        462        414             0,00                      
0.001      1           101        98         1          1          8140       8              -------------------- 98,00 
0.01       1           101        76         13         11         7826       77             ---------------- 76,00     
0.05       1           101        23         36         41         6427       300            ----- 23,00                
0.1        1           101        7          35         58         5457       558            -- 7,00                    
0.5        1           101        0          0          100        1443       716             0,00                      
0.9        1           101        0          0          100        890        800             0,00                      
0.001      1           103        99         1          0          8208       8              -------------------- 99,00 
0.01       1           103        72         21         7          7950       79             --------------- 72,00      
0.05       1           103        26         42         32         7253       336            ------ 26,00               
0.1        1           103        3          47         50         5767       580            - 3,00                     
0.5        1           103        0          2          98         1866       927             0,00                      
0.9        1           103        0          0          100        1004       903             0,00                      
0.001      1           104        99         0          1          8141       8              -------------------- 99,00 
0.01       1           104        78         10         12         7824       77             ---------------- 78,00     
0.05       1           104        32         29         39         6532       309            ------- 32,00              
0.1        1           104        11         27         62         5268       540            --- 11,00                  
0.5        1           104        0          0          100        1443       716             0,00                      
0.9        1           104        0          0          100        890        800             0,00                      
0.001      1           105        97         1          2          8139       8              -------------------- 97,00 
0.01       1           105        78         12         10         7912       79             ---------------- 78,00     
0.05       1           105        28         41         31         7035       327            ------ 28,00               
0.1        1           105        6          37         57         5431       555            -- 6,00                    
0.5        1           105        0          1          99         1361       682             0,00                      
0.9        1           105        0          0          100        462        414             0,00                      
0.001      1           106        99         0          1          8141       8              -------------------- 99,00 
0.01       1           106        78         10         12         7824       77             ---------------- 78,00     
0.05       1           106        32         29         39         6532       309            ------- 32,00              
0.1        1           106        11         27         62         5268       540            --- 11,00                  
0.5        1           106        0          0          100        1443       716             0,00                      
0.9        1           106        0          0          100        890        800             0,00                      
0.001      1           108        98         0          2          8183       8              -------------------- 98,00 
0.01       1           108        88         3          9          8118       84             ------------------ 88,00   
0.05       1           108        57         6          37         7389       339            ------------ 57,00         
0.1        1           108        29         14         57         7015       703            ------ 29,00               
0.5        1           108        0          0          100        5686       2827            0,00                      
0.9        1           108        0          0          100        5565       5014            0,00                      
0.001      1           109        99         1          0          8214       8              -------------------- 99,00 
0.01       1           109        93         6          1          8246       85             ------------------- 93,00  
0.05       1           109        64         20         16         7953       370            ------------- 64,00        
0.1        1           109        42         34         24         7772       791            --------- 42,00            
0.5        1           109        0          26         74         5995       2977            0,00                      
0.9        1           109        0          2          98         5088       4590            0,00                      
0.001      1           110        99         1          0          8178       8              -------------------- 99,00 
0.01       1           110        74         17         9          8073       84             --------------- 74,00      
0.05       1           110        29         38         33         7373       339            ------ 29,00               
0.1        1           110        8          41         51         6603       665            -- 8,00                    
0.5        1           110        0          0          100        4893       2464            0,00                      
0.9        1           110        0          0          100        4654       4195            0,00                      
0.001      1           111        96         3          1          8164       8              -------------------- 96,00 
0.01       1           111        77         13         10         8037       81             ---------------- 77,00     
0.05       1           111        24         46         30         6801       320            ----- 24,00                
0.1        1           111        13         31         56         5394       554            --- 13,00                  
0.5        1           111        0          0          100        1443       716             0,00                      
0.9        1           111        0          0          100        890        800             0,00                      
0.001      1           112        96         3          1          8130       8              -------------------- 96,00 
0.01       1           112        77         12         11         7764       77             ---------------- 77,00     
0.05       1           112        30         35         35         6742       315            ------ 30,00               
0.1        1           112        8          34         58         5504       560            -- 8,00                    
0.5        1           112        0          1          99         1556       773             0,00                      
0.9        1           112        0          0          100        462        414             0,00                      
0.001      1           113        96         3          1          8164       8              -------------------- 96,00 
0.01       1           113        77         13         10         8037       81             ---------------- 77,00     
0.05       1           113        24         46         30         6801       320            ----- 24,00                
0.1        1           113        13         31         56         5394       554            --- 13,00                  
0.5        1           113        0          0          100        1443       716             0,00                      
0.9        1           113        0          0          100        890        800             0,00                      
