aggregate data per location for magnitude = 0.005
SERN
89 perturbation point
Random Enactor, seed :32
PONE : Numerical Perturbator
5 repetition for each location for each task
1 sudoku grid 
Those grid are read from file in resources/sudoku/grid.txt
IndexLoc   #Success   #Failure   #Exception #CallAllExecs      AvgCallPerExec     #Perturbations AvgPerturbationPerExec   #Execs     #Tasks     %Success                   
0          3          0          2          1869               1869,00            8              1,60                     5          1          ------------ 60,00         
1          3          1          1          2394               2394,00            12             2,40                     5          1          ------------ 60,00         
3          5          0          0          1186               1186,00            4              0,80                     5          1          -------------------- 100,00
4          3          1          1          1090               1090,00            4              0,80                     5          1          ------------ 60,00         
7          5          0          0          540                540,00             1              0,20                     5          1          -------------------- 100,00
8          5          0          0          540                540,00             1              0,20                     5          1          -------------------- 100,00
9          5          0          0          537                537,00             1              0,20                     5          1          -------------------- 100,00
10         5          0          0          540                540,00             1              0,20                     5          1          -------------------- 100,00
14         5          0          0          5                  5,00               0              0,00                     5          1          NaN                        
15         5          0          0          5                  5,00               0              0,00                     5          1          NaN                        
17         5          0          0          760                760,00             1              0,20                     5          1          -------------------- 100,00
18         5          0          0          760                760,00             1              0,20                     5          1          -------------------- 100,00
20         5          0          0          75                 75,00              1              0,20                     5          1          -------------------- 100,00
21         4          0          1          75                 75,00              1              0,20                     5          1          ---------------- 80,00     
24         4          1          0          742                742,00             1              0,20                     5          1          ---------------- 80,00     
25         4          1          0          742                742,00             1              0,20                     5          1          ---------------- 80,00     
26         5          0          0          755                755,00             1              0,20                     5          1          -------------------- 100,00
27         5          0          0          755                755,00             1              0,20                     5          1          -------------------- 100,00
29         4          0          1          316                316,00             1              0,20                     5          1          ---------------- 80,00     
30         4          0          1          316                316,00             1              0,20                     5          1          ---------------- 80,00     
31         4          0          1          316                316,00             1              0,20                     5          1          ---------------- 80,00     
32         4          1          0          316                316,00             1              0,20                     5          1          ---------------- 80,00     
34         5          0          0          435                435,00             1              0,20                     5          1          -------------------- 100,00
35         5          0          0          3230               3230,00            14             2,80                     5          1          -------------------- 100,00
36         3          0          2          2683               2683,00            13             2,60                     5          1          ------------ 60,00         
38         3          0          2          1869               1869,00            8              1,60                     5          1          ------------ 60,00         
39         5          0          0          3722               3722,00            16             3,20                     5          1          -------------------- 100,00
40         2          2          1          2123               2123,00            10             2,00                     5          1          -------- 40,00             
42         4          0          1          408                408,00             1              0,20                     5          1          ---------------- 80,00     
43         4          1          0          435                435,00             1              0,20                     5          1          ---------------- 80,00     
44         4          1          0          435                435,00             1              0,20                     5          1          ---------------- 80,00     
45         4          0          1          408                408,00             1              0,20                     5          1          ---------------- 80,00     
46         5          0          0          435                435,00             1              0,20                     5          1          -------------------- 100,00
47         4          1          0          432                432,00             1              0,20                     5          1          ---------------- 80,00     
49         4          0          1          408                408,00             1              0,20                     5          1          ---------------- 80,00     
50         4          0          1          408                408,00             1              0,20                     5          1          ---------------- 80,00     
51         4          0          1          408                408,00             1              0,20                     5          1          ---------------- 80,00     
52         4          1          0          428                428,00             1              0,20                     5          1          ---------------- 80,00     
55         4          0          1          186                186,00             1              0,20                     5          1          ---------------- 80,00     
56         4          1          0          228                228,00             1              0,20                     5          1          ---------------- 80,00     
57         4          1          0          240                240,00             1              0,20                     5          1          ---------------- 80,00     
59         5          0          0          215                215,00             1              0,20                     5          1          -------------------- 100,00
60         4          1          0          284                284,00             1              0,20                     5          1          ---------------- 80,00     
61         4          1          0          215                215,00             1              0,20                     5          1          ---------------- 80,00     
63         4          1          0          1188               1188,00            4              0,80                     5          1          ---------------- 80,00     
64         4          1          0          1176               1176,00            4              0,80                     5          1          ---------------- 80,00     
65         3          1          1          1069               1069,00            3              0,60                     5          1          ------------ 60,00         
66         4          0          1          1363               1363,00            6              1,20                     5          1          ---------------- 80,00     
67         4          1          0          1433               1433,00            6              1,20                     5          1          ---------------- 80,00     
68         2          3          0          1346               1346,00            6              1,20                     5          1          -------- 40,00             
69         3          1          1          1069               1069,00            3              0,60                     5          1          ------------ 60,00         
70         2          3          0          1336               1336,00            6              1,20                     5          1          -------- 40,00             
71         2          3          0          1346               1346,00            6              1,20                     5          1          -------- 40,00             
72         2          3          0          1346               1346,00            6              1,20                     5          1          -------- 40,00             
73         2          3          0          1346               1346,00            6              1,20                     5          1          -------- 40,00             
74         5          0          0          5                  5,00               0              0,00                     5          1          NaN                        
75         5          0          0          5                  5,00               0              0,00                     5          1          NaN                        
76         5          0          0          5                  5,00               0              0,00                     5          1          NaN                        
77         5          0          0          5                  5,00               0              0,00                     5          1          NaN                        
78         5          0          0          5                  5,00               0              0,00                     5          1          NaN                        
79         5          0          0          5                  5,00               0              0,00                     5          1          NaN                        
80         5          0          0          5                  5,00               0              0,00                     5          1          NaN                        
81         5          0          0          50                 50,00              0              0,00                     5          1          NaN                        
82         5          0          0          50                 50,00              0              0,00                     5          1          NaN                        
84         5          0          0          45                 45,00              0              0,00                     5          1          NaN                        
85         5          0          0          450                450,00             1              0,20                     5          1          -------------------- 100,00
86         4          0          1          420                420,00             1              0,20                     5          1          ---------------- 80,00     
88         5          0          0          405                405,00             1              0,20                     5          1          -------------------- 100,00
89         5          0          0          405                405,00             1              0,20                     5          1          -------------------- 100,00
90         4          1          0          405                405,00             1              0,20                     5          1          ---------------- 80,00     
91         4          0          1          384                384,00             1              0,20                     5          1          ---------------- 80,00     
92         4          0          1          384                384,00             1              0,20                     5          1          ---------------- 80,00     
94         4          1          0          180                180,00             1              0,20                     5          1          ---------------- 80,00     
95         4          1          0          180                180,00             1              0,20                     5          1          ---------------- 80,00     
96         4          1          0          180                180,00             1              0,20                     5          1          ---------------- 80,00     
98         4          1          0          854                854,00             2              0,40                     5          1          ---------------- 80,00     
99         5          0          0          825                825,00             1              0,20                     5          1          -------------------- 100,00
100        4          1          0          834                834,00             1              0,20                     5          1          ---------------- 80,00     
101        5          0          0          825                825,00             1              0,20                     5          1          -------------------- 100,00
103        5          0          0          825                825,00             1              0,20                     5          1          -------------------- 100,00
104        4          1          0          750                750,00             1              0,20                     5          1          ---------------- 80,00     
105        5          0          0          825                825,00             1              0,20                     5          1          -------------------- 100,00
106        4          1          0          750                750,00             1              0,20                     5          1          ---------------- 80,00     
108        5          0          0          825                825,00             1              0,20                     5          1          -------------------- 100,00
109        4          1          0          854                854,00             2              0,40                     5          1          ---------------- 80,00     
110        4          1          0          854                854,00             2              0,40                     5          1          ---------------- 80,00     
111        4          1          0          750                750,00             1              0,20                     5          1          ---------------- 80,00     
112        5          0          0          825                825,00             1              0,20                     5          1          -------------------- 100,00
113        4          1          0          750                750,00             1              0,20                     5          1          ---------------- 80,00     
