aggregate data per location for random rate = 0.2 and with Perturbator = 1
Exploration Plus One
89 perturbation point
PONE : plus one perturbator
20 sudoku grid 
Those grid are read from file in resources/sudoku/grid.txt
IndexLoc   #Success   #Failure   #Exception #CallAllExecs      AvgCallPerExec     #Perturbations AvgPerturbationPerExec   #Execs     #Tasks     %Success                   
0          0          64         36         3002               30,02              604            6,04                     100        20          0,00                      
1          2          38         60         3722               37,22              758            7,58                     100        20         - 2,00                     
3          2          95         3          2238               22,38              446            4,46                     100        20         - 2,00                     
4          1          62         37         1566               15,66              317            3,17                     100        20         - 1,00                     
7          24         49         27         1338               13,38              278            2,78                     100        20         ----- 24,00                
8          35         61         4          1654               16,54              332            3,32                     100        20         ------- 35,00              
9          0          95         5          672                6,72               150            1,50                     100        20          0,00                      
10         0          82         18         621                6,21               140            1,40                     100        20          0,00                      
14         92         8          0          100                1,00               24             0,24                     100        20         ------------------- 92,00  
15         76         24         0          100                1,00               24             0,24                     100        20         ---------------- 76,00     
17         6          8          86         4201               42,01              855            8,55                     100        20         -- 6,00                    
18         15         0          85         4261               42,61              864            8,64                     100        20         --- 15,00                  
20         68         32         0          915                9,15               199            1,99                     100        20         -------------- 68,00       
21         80         0          20         900                9,00               198            1,98                     100        20         ---------------- 80,00     
24         0          73         27         2099               20,99              425            4,25                     100        20          0,00                      
25         0          95         5          2804               28,04              554            5,54                     100        20          0,00                      
26         1          99         0          8698               86,98              1792           17,92                    100        20         - 1,00                     
27         0          100        0          5030               50,30              1029           10,29                    100        20          0,00                      
29         1          32         67         3431               34,31              694            6,94                     100        20         - 1,00                     
30         1          32         67         3431               34,31              694            6,94                     100        20         - 1,00                     
31         1          32         67         3431               34,31              694            6,94                     100        20         - 1,00                     
32         0          41         59         2782               27,82              545            5,45                     100        20          0,00                      
34         59         41         0          1642               16,42              330            3,30                     100        20         ------------ 59,00         
35         64         36         0          10658              106,58             2175           21,75                    100        20         ------------- 64,00        
36         92         0          8          9568               95,68              1970           19,70                    100        20         ------------------- 92,00  
38         0          67         33         2867               28,67              566            5,66                     100        20          0,00                      
39         1          98         1          8488               84,88              1754           17,54                    100        20         - 1,00                     
40         0          31         69         4464               44,64              914            9,14                     100        20          0,00                      
42         2          50         48         1533               15,33              315            3,15                     100        20         - 2,00                     
43         0          65         35         1954               19,54              398            3,98                     100        20          0,00                      
44         1          99         0          2050               20,50              414            4,14                     100        20         - 1,00                     
45         41         22         37         1649               16,49              331            3,31                     100        20         --------- 41,00            
46         22         67         11         1616               16,16              328            3,28                     100        20         ----- 22,00                
47         14         56         30         1134               11,34              240            2,40                     100        20         --- 14,00                  
49         24         26         50         1533               15,33              315            3,15                     100        20         ----- 24,00                
50         24         26         50         1533               15,33              315            3,15                     100        20         ----- 24,00                
51         24         26         50         1533               15,33              315            3,15                     100        20         ----- 24,00                
52         4          67         29         1510               15,10              309            3,09                     100        20         - 4,00                     
55         92         5          3          125                1,25               27             0,27                     100        20         ------------------- 92,00  
56         93         7          0          125                1,25               27             0,27                     100        20         ------------------- 93,00  
57         91         4          5          153                1,53               36             0,36                     100        20         ------------------- 91,00  
59         95         3          2          99                 0,99               23             0,23                     100        20         ------------------- 95,00  
60         94         4          2          118                1,18               27             0,27                     100        20         ------------------- 94,00  
61         95         5          0          50                 0,50               11             0,11                     100        20         ------------------- 95,00  
63         0          14         86         6442               64,42              1294           12,94                    100        20          0,00                      
64         13         87         0          8310               83,10              1718           17,18                    100        20         --- 13,00                  
65         0          1          99         4668               46,68              953            9,53                     100        20          0,00                      
66         7          62         31         8346               83,46              1724           17,24                    100        20         -- 7,00                    
67         10         90         0          8496               84,96              1757           17,57                    100        20         -- 10,00                   
68         0          28         72         5759               57,59              1159           11,59                    100        20          0,00                      
69         0          1          99         4668               46,68              953            9,53                     100        20          0,00                      
70         0          4          96         4925               49,25              1011           10,11                    100        20          0,00                      
71         0          28         72         5759               57,59              1159           11,59                    100        20          0,00                      
72         0          28         72         5759               57,59              1159           11,59                    100        20          0,00                      
73         0          28         72         5759               57,59              1159           11,59                    100        20          0,00                      
74         100        0          0          100                1,00               24             0,24                     100        20         -------------------- 100,00
75         100        0          0          100                1,00               24             0,24                     100        20         -------------------- 100,00
76         100        0          0          100                1,00               24             0,24                     100        20         -------------------- 100,00
77         100        0          0          100                1,00               24             0,24                     100        20         -------------------- 100,00
78         100        0          0          100                1,00               24             0,24                     100        20         -------------------- 100,00
79         100        0          0          100                1,00               24             0,24                     100        20         -------------------- 100,00
80         93         7          0          100                1,00               24             0,24                     100        20         ------------------- 93,00  
81         99         1          0          981                9,81               212            2,12                     100        20         -------------------- 99,00 
82         73         0          27         1000               10,00              215            2,15                     100        20         --------------- 73,00      
84         100        0          0          900                9,00               198            1,98                     100        20         -------------------- 100,00
85         99         1          0          8809               88,09              1816           18,16                    100        20         -------------------- 99,00 
86         13         0          87         4150               41,50              846            8,46                     100        20         --- 13,00                  
88         0          11         89         7641               76,41              1565           15,65                    100        20          0,00                      
89         1          13         86         3771               37,71              767            7,67                     100        20         - 1,00                     
90         0          21         79         4146               41,46              845            8,45                     100        20          0,00                      
91         0          0          100        1626               16,26              330            3,30                     100        20          0,00                      
92         0          0          100        1626               16,26              330            3,30                     100        20          0,00                      
94         2          24         74         5849               58,49              1181           11,81                    100        20         - 2,00                     
95         2          21         77         3388               33,88              686            6,86                     100        20         - 2,00                     
96         0          28         72         3505               35,05              713            7,13                     100        20          0,00                      
98         0          21         79         6203               62,03              1244           12,44                    100        20          0,00                      
99         0          20         80         3771               37,71              767            7,67                     100        20          0,00                      
100        1          15         84         3509               35,09              714            7,14                     100        20         - 1,00                     
101        0          20         80         3771               37,71              767            7,67                     100        20          0,00                      
103        0          21         79         3680               36,80              747            7,47                     100        20          0,00                      
104        2          23         75         3771               37,71              767            7,67                     100        20         - 2,00                     
105        1          22         77         4005               40,05              810            8,10                     100        20         - 1,00                     
106        2          23         75         3771               37,71              767            7,67                     100        20         - 2,00                     
108        8          9          83         6262               62,62              1259           12,59                    100        20         -- 8,00                    
109        19         35         46         7121               71,21              1443           14,43                    100        20         ---- 19,00                 
110        0          28         72         5847               58,47              1180           11,80                    100        20          0,00                      
111        0          21         79         3843               38,43              780            7,80                     100        20          0,00                      
112        0          21         79         3503               35,03              712            7,12                     100        20          0,00                      
113        0          21         79         3843               38,43              780            7,80                     100        20          0,00                      
