aggregate data per location for random rate = 0.15 and with Perturbator = 1
Exploration Plus One
89 perturbation point
PONE : plus one perturbator
20 sudoku grid 
Those grid are read from file in resources/sudoku/grid.txt
IndexLoc   #Success   #Failure   #Exception #CallAllExecs      AvgCallPerExec     #Perturbations AvgPerturbationPerExec   #Execs     #Tasks     %Success                   
0          2          57         41         3793               37,93              594            5,94                     100        20         - 2,00                     
1          5          30         65         5107               51,07              796            7,96                     100        20         - 5,00                     
3          6          89         5          2295               22,95              351            3,51                     100        20         -- 6,00                    
4          7          64         29         1791               17,91              276            2,76                     100        20         -- 7,00                    
7          36         39         25         1474               14,74              233            2,33                     100        20         -------- 36,00             
8          47         48         5          1758               17,58              271            2,71                     100        20         ---------- 47,00           
9          1          89         10         927                9,27               160            1,60                     100        20         - 1,00                     
10         6          80         14         815                8,15               139            1,39                     100        20         -- 6,00                    
14         94         6          0          100                1,00               20             0,20                     100        20         ------------------- 94,00  
15         80         20         0          100                1,00               20             0,20                     100        20         ---------------- 80,00     
17         20         10         70         5029               50,29              790            7,90                     100        20         ---- 20,00                 
18         24         0          76         4918               49,18              776            7,76                     100        20         ----- 24,00                
20         71         29         0          915                9,15               155            1,55                     100        20         --------------- 71,00      
21         83         0          17         900                9,00               154            1,54                     100        20         ----------------- 83,00    
24         0          49         51         2352               23,52              363            3,63                     100        20          0,00                      
25         0          93         7          3622               36,22              563            5,63                     100        20          0,00                      
26         4          96         0          8808               88,08              1384           13,84                    100        20         - 4,00                     
27         1          99         0          5301               53,01              823            8,23                     100        20         - 1,00                     
29         2          40         58         3780               37,80              591            5,91                     100        20         - 2,00                     
30         2          40         58         3780               37,80              591            5,91                     100        20         - 2,00                     
31         2          40         58         3780               37,80              591            5,91                     100        20         - 2,00                     
32         0          49         51         3140               31,40              484            4,84                     100        20          0,00                      
34         71         29         0          1781               17,81              274            2,74                     100        20         --------------- 71,00      
35         70         30         0          10451              104,51             1625           16,25                    100        20         -------------- 70,00       
36         94         0          6          9624               96,24              1504           15,04                    100        20         ------------------- 94,00  
38         3          56         41         4441               44,41              700            7,00                     100        20         - 3,00                     
39         11         85         4          8232               82,32              1300           13,00                    100        20         --- 11,00                  
40         0          39         61         4658               46,58              731            7,31                     100        20          0,00                      
42         6          54         40         1662               16,62              256            2,56                     100        20         -- 6,00                    
43         5          58         37         1993               19,93              311            3,11                     100        20         - 5,00                     
44         3          97         0          2050               20,50              319            3,19                     100        20         - 3,00                     
45         45         22         33         1686               16,86              262            2,62                     100        20         --------- 45,00            
46         31         51         18         1746               17,46              268            2,68                     100        20         ------- 31,00              
47         31         51         18         1400               14,00              228            2,28                     100        20         ------- 31,00              
49         31         29         40         1650               16,50              254            2,54                     100        20         ------- 31,00              
50         31         29         40         1650               16,50              254            2,54                     100        20         ------- 31,00              
51         31         29         40         1650               16,50              254            2,54                     100        20         ------- 31,00              
52         3          72         25         1650               16,50              254            2,54                     100        20         - 3,00                     
55         93         5          2          125                1,25               23             0,23                     100        20         ------------------- 93,00  
56         93         7          0          125                1,25               23             0,23                     100        20         ------------------- 93,00  
57         93         3          4          186                1,86               33             0,33                     100        20         ------------------- 93,00  
59         95         3          2          93                 0,93               19             0,19                     100        20         ------------------- 95,00  
60         94         4          2          118                1,18               23             0,23                     100        20         ------------------- 94,00  
61         95         5          0          50                 0,50               9              0,09                     100        20         ------------------- 95,00  
63         5          12         83         6700               67,00              1036           10,36                    100        20         - 5,00                     
64         24         76         0          8752               87,52              1380           13,80                    100        20         ----- 24,00                
65         0          3          97         4863               48,63              767            7,67                     100        20          0,00                      
66         9          56         35         8265               82,65              1306           13,06                    100        20         -- 9,00                    
67         19         81         0          8679               86,79              1364           13,64                    100        20         ---- 19,00                 
68         0          39         61         6063               60,63              933            9,33                     100        20          0,00                      
69         0          3          97         4863               48,63              767            7,67                     100        20          0,00                      
70         0          11         89         5151               51,51              802            8,02                     100        20          0,00                      
71         0          39         61         6063               60,63              933            9,33                     100        20          0,00                      
72         0          39         61         6063               60,63              933            9,33                     100        20          0,00                      
73         0          39         61         6063               60,63              933            9,33                     100        20          0,00                      
74         100        0          0          100                1,00               20             0,20                     100        20         -------------------- 100,00
75         100        0          0          100                1,00               20             0,20                     100        20         -------------------- 100,00
76         100        0          0          100                1,00               20             0,20                     100        20         -------------------- 100,00
77         100        0          0          100                1,00               20             0,20                     100        20         -------------------- 100,00
78         100        0          0          100                1,00               20             0,20                     100        20         -------------------- 100,00
79         100        0          0          100                1,00               20             0,20                     100        20         -------------------- 100,00
80         94         6          0          100                1,00               20             0,20                     100        20         ------------------- 94,00  
81         99         1          0          981                9,81               164            1,64                     100        20         -------------------- 99,00 
82         78         0          22         1000               10,00              167            1,67                     100        20         ---------------- 78,00     
84         100        0          0          900                9,00               154            1,54                     100        20         -------------------- 100,00
85         100        0          0          8859               88,59              1393           13,93                    100        20         -------------------- 100,00
86         19         0          81         4880               48,80              769            7,69                     100        20         ---- 19,00                 
88         0          23         77         7715               77,15              1202           12,02                    100        20          0,00                      
89         0          22         78         4410               44,10              693            6,93                     100        20          0,00                      
90         0          33         67         5225               52,25              815            8,15                     100        20          0,00                      
91         3          0          97         2320               23,20              357            3,57                     100        20         - 3,00                     
92         3          0          97         2320               23,20              357            3,57                     100        20         - 3,00                     
94         2          36         62         5885               58,85              904            9,04                     100        20         - 2,00                     
95         1          37         62         3958               39,58              618            6,18                     100        20         - 1,00                     
96         1          26         73         3522               35,22              549            5,49                     100        20         - 1,00                     
98         0          24         76         6377               63,77              983            9,83                     100        20          0,00                      
99         0          23         77         4146               41,46              650            6,50                     100        20          0,00                      
100        2          23         75         4379               43,79              682            6,82                     100        20         - 2,00                     
101        0          23         77         4146               41,46              650            6,50                     100        20          0,00                      
103        1          32         67         4740               47,40              744            7,44                     100        20         - 1,00                     
104        0          26         74         4159               41,59              652            6,52                     100        20          0,00                      
105        4          26         70         4410               44,10              693            6,93                     100        20         - 4,00                     
106        0          26         74         4159               41,59              652            6,52                     100        20          0,00                      
108        7          16         77         6476               64,76              1002           10,02                    100        20         -- 7,00                    
109        23         43         34         7489               74,89              1156           11,56                    100        20         ----- 23,00                
110        0          31         69         5895               58,95              908            9,08                     100        20          0,00                      
111        1          17         82         3733               37,33              585            5,85                     100        20         - 1,00                     
112        4          26         70         4351               43,51              674            6,74                     100        20         - 4,00                     
113        1          17         82         3733               37,33              585            5,85                     100        20         - 1,00                     
