SERN
random Rates : 0.001 0.002 0.005 0.009 0.01 0.02 0.05 0.09 0.1 0.2 0.5 0.9 
89 perturbation point
Random Enactor, seed :32
PONE : Numerical Perturbator
1 sudoku grid 
Those grid are read from file in resources/sudoku/grid.txt
aggregate data per location for magnitude = 0.09
IndexLoc   #Success   #Failure   #Exception #Call      #Enaction  %Success                   
188        0          0          1          761        77          0,00                      
189        0          0          1          60         10          0,00                      
191        0          1          0          147353     13228       0,00                      
192        0          0          1          129        14          0,00                      
195        0          0          1          509        53          0,00                      
196        0          1          0          1920       176         0,00                      
197        0          0          1          7520       676         0,00                      
198        0          0          1          47         5           0,00                      
202        1          0          0          1          0          -------------------- 100,00
203        1          0          0          1          0          -------------------- 100,00
205        0          0          1          472        48          0,00                      
206        0          0          1          324        35          0,00                      
208        1          0          0          37         2          -------------------- 100,00
209        1          0          0          37         2          -------------------- 100,00
212        0          0          1          114        13          0,00                      
213        0          1          0          1345       131         0,00                      
214        0          1          0          1582       141         0,00                      
215        0          1          0          2093       193         0,00                      
217        0          0          1          17         2           0,00                      
218        0          0          1          17         2           0,00                      
219        0          0          1          17         2           0,00                      
220        0          0          1          47         5           0,00                      
222        1          0          0          384        39         -------------------- 100,00
223        1          0          0          4022       377        -------------------- 100,00
224        0          0          1          134        15          0,00                      
226        0          0          1          992        100         0,00                      
227        0          0          1          4027886    400846      0,00                      
228        0          0          1          287        29          0,00                      
230        0          0          1          292        32          0,00                      
231        0          1          0          404        41          0,00                      
232        0          1          0          455        45          0,00                      
233        0          1          0          142        16          0,00                      
234        0          1          0          787        81          0,00                      
235        0          0          1          17         2           0,00                      
237        0          0          1          476        49          0,00                      
238        0          0          1          476        49          0,00                      
239        0          0          1          476        49          0,00                      
240        0          0          1          60         10          0,00                      
243        0          1          0          79         11          0,00                      
244        0          1          0          50         6           0,00                      
245        0          0          1          12         1           0,00                      
247        0          0          1          60         10          0,00                      
248        0          1          0          194        21          0,00                      
249        0          1          0          147        17          0,00                      
251        0          0          1          47         5           0,00                      
252        0          1          0          592        57          0,00                      
253        0          0          1          45         4           0,00                      
254        0          1          0          1566       140         0,00                      
255        0          1          0          3865       363         0,00                      
256        0          1          0          381        39          0,00                      
257        0          0          1          45         4           0,00                      
258        0          1          0          652        61          0,00                      
259        0          1          0          381        39          0,00                      
260        0          1          0          381        39          0,00                      
261        0          1          0          381        39          0,00                      
262        1          0          0          1          0          -------------------- 100,00
263        1          0          0          1          0          -------------------- 100,00
264        1          0          0          1          0          -------------------- 100,00
265        1          0          0          1          0          -------------------- 100,00
266        1          0          0          1          0          -------------------- 100,00
267        1          0          0          1          0          -------------------- 100,00
268        1          0          0          1          0          -------------------- 100,00
269        1          0          0          10         0          -------------------- 100,00
270        1          0          0          10         0          -------------------- 100,00
272        1          0          0          9          0          -------------------- 100,00
273        1          0          0          90         12         -------------------- 100,00
274        0          0          1          60         10          0,00                      
276        0          0          1          75         11          0,00                      
277        0          0          1          45         4           0,00                      
278        0          0          1          60         10          0,00                      
279        0          0          1          12         1           0,00                      
280        0          0          1          12         1           0,00                      
282        1          0          0          32         2          -------------------- 100,00
283        0          0          1          17         2           0,00                      
284        0          1          0          32         2           0,00                      
286        0          0          1          271        27          0,00                      
287        0          0          1          56         9           0,00                      
288        0          0          1          45         4           0,00                      
289        0          0          1          56         9           0,00                      
291        0          0          1          17         2           0,00                      
292        0          1          0          110        12          0,00                      
293        0          0          1          45         4           0,00                      
294        0          1          0          110        12          0,00                      
296        0          0          1          165        20          0,00                      
297        0          1          0          1696       154         0,00                      
298        0          1          0          168        20          0,00                      
299        0          0          1          47         5           0,00                      
300        0          0          1          45         4           0,00                      
301        0          0          1          47         5           0,00                      
