SERN
random Rates : 0.001 0.002 0.005 0.009 
89 perturbation point
Random Enactor, seed :32
PONE : Numerical Perturbator
1 sudoku grid 
Those grid are read from file in resources/sudoku/grid.txt
sum of result per random Rates
N     IndexLoc #Success #Failure #Error   #Call    #Enactions %Success                   
0.001 188      1        0        0        3900     2        -------------------- 100,00
0.002 188      0        0        1        1586     3         0,00                      
0.005 188      0        0        1        1265     6         0,00                      
0.009 188      0        0        1        1185     9         0,00                      
0.001 189      1        0        0        3900     2        -------------------- 100,00
0.002 189      1        0        0        3900     5        -------------------- 100,00
0.005 189      0        0        1        1090     4         0,00                      
0.009 189      0        0        1        289      2         0,00                      
0.001 191      1        0        0        1753     1        -------------------- 100,00
0.002 191      1        0        0        1819     3        -------------------- 100,00
0.005 191      1        0        0        1819     8        -------------------- 100,00
0.009 191      1        0        0        1742     13       -------------------- 100,00
0.001 192      1        0        0        1738     1        -------------------- 100,00
0.002 192      1        0        0        1738     3        -------------------- 100,00
0.005 192      0        0        1        840      2         0,00                      
0.009 192      0        0        1        840      4         0,00                      
0.001 195      1        0        0        672      0        -------------------- 100,00
0.002 195      1        0        0        672      0        -------------------- 100,00
0.005 195      1        0        0        672      1        -------------------- 100,00
0.009 195      1        0        0        789      3        -------------------- 100,00
0.001 196      1        0        0        672      0        -------------------- 100,00
0.002 196      1        0        0        672      0        -------------------- 100,00
0.005 196      1        0        0        672      1        -------------------- 100,00
0.009 196      1        0        0        672      2        -------------------- 100,00
0.001 197      1        0        0        672      0        -------------------- 100,00
0.002 197      1        0        0        672      0        -------------------- 100,00
0.005 197      1        0        0        940      2        -------------------- 100,00
0.009 197      0        0        1        936      6         0,00                      
0.001 198      1        0        0        672      0        -------------------- 100,00
0.002 198      1        0        0        672      0        -------------------- 100,00
0.005 198      1        0        0        672      1        -------------------- 100,00
0.009 198      0        0        1        289      2         0,00                      
0.001 202      1        0        0        1        0        -------------------- 100,00
0.002 202      1        0        0        1        0        -------------------- 100,00
0.005 202      1        0        0        1        0        -------------------- 100,00
0.009 202      1        0        0        1        0        -------------------- 100,00
0.001 203      1        0        0        1        0        -------------------- 100,00
0.002 203      1        0        0        1        0        -------------------- 100,00
0.005 203      1        0        0        1        0        -------------------- 100,00
0.009 203      1        0        0        1        0        -------------------- 100,00
0.001 205      1        0        0        638      0        -------------------- 100,00
0.002 205      1        0        0        638      0        -------------------- 100,00
0.005 205      1        0        0        638      1        -------------------- 100,00
0.009 205      1        0        0        638      2        -------------------- 100,00
0.001 206      1        0        0        638      0        -------------------- 100,00
0.002 206      1        0        0        638      0        -------------------- 100,00
0.005 206      1        0        0        638      1        -------------------- 100,00
0.009 206      1        0        0        638      2        -------------------- 100,00
0.001 208      1        0        0        37       0        -------------------- 100,00
0.002 208      1        0        0        37       0        -------------------- 100,00
0.005 208      1        0        0        37       0        -------------------- 100,00
0.009 208      1        0        0        37       0        -------------------- 100,00
0.001 209      1        0        0        37       0        -------------------- 100,00
0.002 209      1        0        0        37       0        -------------------- 100,00
0.005 209      1        0        0        37       0        -------------------- 100,00
0.009 209      1        0        0        37       0        -------------------- 100,00
0.001 212      1        0        0        637      0        -------------------- 100,00
0.002 212      1        0        0        637      0        -------------------- 100,00
0.005 212      1        0        0        637      1        -------------------- 100,00
0.009 212      1        0        0        637      2        -------------------- 100,00
0.001 213      1        0        0        637      0        -------------------- 100,00
0.002 213      1        0        0        637      0        -------------------- 100,00
0.005 213      1        0        0        637      1        -------------------- 100,00
0.009 213      1        0        0        638      2        -------------------- 100,00
0.001 214      1        0        0        637      0        -------------------- 100,00
0.002 214      1        0        0        637      0        -------------------- 100,00
0.005 214      1        0        0        637      1        -------------------- 100,00
0.009 214      1        0        0        638      2        -------------------- 100,00
0.001 215      1        0        0        637      0        -------------------- 100,00
0.002 215      1        0        0        637      0        -------------------- 100,00
0.005 215      1        0        0        637      1        -------------------- 100,00
0.009 215      1        0        0        638      2        -------------------- 100,00
0.001 217      1        0        0        182      0        -------------------- 100,00
0.002 217      1        0        0        182      0        -------------------- 100,00
0.005 217      1        0        0        181      1        -------------------- 100,00
0.009 217      1        0        0        181      1        -------------------- 100,00
0.001 218      1        0        0        182      0        -------------------- 100,00
0.002 218      1        0        0        182      0        -------------------- 100,00
0.005 218      1        0        0        181      1        -------------------- 100,00
0.009 218      1        0        0        181      1        -------------------- 100,00
0.001 219      1        0        0        182      0        -------------------- 100,00
0.002 219      1        0        0        182      0        -------------------- 100,00
0.005 219      1        0        0        181      1        -------------------- 100,00
0.009 219      1        0        0        181      1        -------------------- 100,00
0.001 220      1        0        0        182      0        -------------------- 100,00
0.002 220      1        0        0        182      0        -------------------- 100,00
0.005 220      1        0        0        221      1        -------------------- 100,00
0.009 220      1        0        0        221      1        -------------------- 100,00
0.001 222      1        0        0        455      0        -------------------- 100,00
0.002 222      1        0        0        455      0        -------------------- 100,00
0.005 222      1        0        0        453      1        -------------------- 100,00
0.009 222      1        0        0        453      2        -------------------- 100,00
0.001 223      1        0        0        4306     2        -------------------- 100,00
0.002 223      1        0        0        4306     5        -------------------- 100,00
0.005 223      1        0        0        4304     18       -------------------- 100,00
0.009 223      1        0        0        4272     38       -------------------- 100,00
0.001 224      1        0        0        4306     2        -------------------- 100,00
0.002 224      1        0        0        4306     5        -------------------- 100,00
0.005 224      0        0        1        1918     9         0,00                      
0.009 224      0        0        1        1185     9         0,00                      
0.001 226      1        0        0        3900     2        -------------------- 100,00
0.002 226      0        0        1        1586     3         0,00                      
0.005 226      0        0        1        1265     6         0,00                      
0.009 226      0        0        1        1185     9         0,00                      
0.001 227      1        0        0        3990     2        -------------------- 100,00
0.002 227      1        0        0        4179     5        -------------------- 100,00
0.005 227      1        0        0        4188     17       -------------------- 100,00
0.009 227      1        0        0        4287     38       -------------------- 100,00
0.001 228      1        0        0        3900     2        -------------------- 100,00
0.002 228      1        0        0        3900     5        -------------------- 100,00
0.005 228      0        0        1        1090     4         0,00                      
0.009 228      0        0        1        289      2         0,00                      
0.001 230      1        0        0        455      0        -------------------- 100,00
0.002 230      1        0        0        455      0        -------------------- 100,00
0.005 230      0        1        0        440      1         0,00                      
0.009 230      0        1        0        440      2         0,00                      
0.001 231      1        0        0        455      0        -------------------- 100,00
0.002 231      1        0        0        455      0        -------------------- 100,00
0.005 231      0        1        0        455      1         0,00                      
0.009 231      0        1        0        486      2         0,00                      
0.001 232      1        0        0        455      0        -------------------- 100,00
0.002 232      1        0        0        455      0        -------------------- 100,00
0.005 232      1        0        0        455      1        -------------------- 100,00
0.009 232      1        0        0        455      2        -------------------- 100,00
0.001 233      1        0        0        455      0        -------------------- 100,00
0.002 233      1        0        0        455      0        -------------------- 100,00
0.005 233      1        0        0        455      1        -------------------- 100,00
0.009 233      1        0        0        461      2        -------------------- 100,00
0.001 234      1        0        0        455      0        -------------------- 100,00
0.002 234      1        0        0        455      0        -------------------- 100,00
0.005 234      1        0        0        455      1        -------------------- 100,00
0.009 234      1        0        0        455      2        -------------------- 100,00
0.001 235      1        0        0        455      0        -------------------- 100,00
0.002 235      1        0        0        455      0        -------------------- 100,00
0.005 235      1        0        0        455      1        -------------------- 100,00
0.009 235      1        0        0        461      2        -------------------- 100,00
0.001 237      1        0        0        455      0        -------------------- 100,00
0.002 237      1        0        0        455      0        -------------------- 100,00
0.005 237      1        0        0        454      1        -------------------- 100,00
0.009 237      0        0        1        289      2         0,00                      
0.001 238      1        0        0        455      0        -------------------- 100,00
0.002 238      1        0        0        455      0        -------------------- 100,00
0.005 238      1        0        0        454      1        -------------------- 100,00
0.009 238      0        0        1        289      2         0,00                      
0.001 239      1        0        0        455      0        -------------------- 100,00
0.002 239      1        0        0        455      0        -------------------- 100,00
0.005 239      1        0        0        454      1        -------------------- 100,00
0.009 239      0        0        1        289      2         0,00                      
0.001 240      1        0        0        455      0        -------------------- 100,00
0.002 240      1        0        0        455      0        -------------------- 100,00
0.005 240      1        0        0        508      1        -------------------- 100,00
0.009 240      1        0        0        562      2        -------------------- 100,00
0.001 243      1        0        0        406      0        -------------------- 100,00
0.002 243      1        0        0        406      0        -------------------- 100,00
0.005 243      0        1        0        992      2         0,00                      
0.009 243      0        1        0        865      4         0,00                      
0.001 244      1        0        0        406      0        -------------------- 100,00
0.002 244      1        0        0        406      0        -------------------- 100,00
0.005 244      0        1        0        182      1         0,00                      
0.009 244      0        1        0        182      1         0,00                      
0.001 245      1        0        0        406      0        -------------------- 100,00
0.002 245      1        0        0        406      0        -------------------- 100,00
0.005 245      0        1        0        182      1         0,00                      
0.009 245      0        1        0        182      1         0,00                      
0.001 247      1        0        0        406      0        -------------------- 100,00
0.002 247      1        0        0        406      0        -------------------- 100,00
0.005 247      0        1        0        330      1         0,00                      
0.009 247      0        1        0        330      2         0,00                      
0.001 248      1        0        0        406      0        -------------------- 100,00
0.002 248      1        0        0        406      0        -------------------- 100,00
0.005 248      0        1        0        330      1         0,00                      
0.009 248      0        1        0        609      2         0,00                      
0.001 249      1        0        0        406      0        -------------------- 100,00
0.002 249      1        0        0        406      0        -------------------- 100,00
0.005 249      0        1        0        330      1         0,00                      
0.009 249      0        1        0        330      2         0,00                      
0.001 251      1        0        0        1565     1        -------------------- 100,00
0.002 251      1        0        0        1565     2        -------------------- 100,00
0.005 251      1        0        0        1435     6        -------------------- 100,00
0.009 251      1        0        0        1435     11       -------------------- 100,00
0.001 252      1        0        0        1565     1        -------------------- 100,00
0.002 252      1        0        0        1565     2        -------------------- 100,00
0.005 252      0        1        0        2437     12        0,00                      
0.009 252      0        1        0        1986     17        0,00                      
0.001 253      1        0        0        1565     1        -------------------- 100,00
0.002 253      0        0        1        1238     2         0,00                      
0.005 253      0        0        1        1069     3         0,00                      
0.009 253      0        0        1        777      3         0,00                      
0.001 254      1        0        0        1594     1        -------------------- 100,00
0.002 254      1        0        0        1594     3        -------------------- 100,00
0.005 254      1        0        0        1594     7        -------------------- 100,00
0.009 254      1        0        0        1594     13       -------------------- 100,00
0.001 255      1        0        0        1565     1        -------------------- 100,00
0.002 255      1        0        0        1565     2        -------------------- 100,00
0.005 255      1        0        0        1565     6        -------------------- 100,00
0.009 255      1        0        0        1545     12       -------------------- 100,00
0.001 256      1        0        0        1594     1        -------------------- 100,00
0.002 256      0        1        0        2692     5         0,00                      
0.005 256      0        1        0        1264     5         0,00                      
0.009 256      0        1        0        1952     17        0,00                      
0.001 257      1        0        0        1565     1        -------------------- 100,00
0.002 257      0        0        1        1238     2         0,00                      
0.005 257      0        0        1        1069     3         0,00                      
0.009 257      0        0        1        777      3         0,00                      
0.001 258      1        0        0        1565     1        -------------------- 100,00
0.002 258      1        0        0        1565     2        -------------------- 100,00
0.005 258      0        1        0        1353     6         0,00                      
0.009 258      0        1        0        1980     17        0,00                      
0.001 259      1        0        0        1594     1        -------------------- 100,00
0.002 259      0        1        0        2692     5         0,00                      
0.005 259      0        1        0        1264     5         0,00                      
0.009 259      0        1        0        1952     17        0,00                      
0.001 260      1        0        0        1594     1        -------------------- 100,00
0.002 260      0        1        0        2692     5         0,00                      
0.005 260      0        1        0        1264     5         0,00                      
0.009 260      0        1        0        1952     17        0,00                      
0.001 261      1        0        0        1594     1        -------------------- 100,00
0.002 261      0        1        0        2692     5         0,00                      
0.005 261      0        1        0        1264     5         0,00                      
0.009 261      0        1        0        1952     17        0,00                      
0.001 262      1        0        0        1        0        -------------------- 100,00
0.002 262      1        0        0        1        0        -------------------- 100,00
0.005 262      1        0        0        1        0        -------------------- 100,00
0.009 262      1        0        0        1        0        -------------------- 100,00
0.001 263      1        0        0        1        0        -------------------- 100,00
0.002 263      1        0        0        1        0        -------------------- 100,00
0.005 263      1        0        0        1        0        -------------------- 100,00
0.009 263      1        0        0        1        0        -------------------- 100,00
0.001 264      1        0        0        1        0        -------------------- 100,00
0.002 264      1        0        0        1        0        -------------------- 100,00
0.005 264      1        0        0        1        0        -------------------- 100,00
0.009 264      1        0        0        1        0        -------------------- 100,00
0.001 265      1        0        0        1        0        -------------------- 100,00
0.002 265      1        0        0        1        0        -------------------- 100,00
0.005 265      1        0        0        1        0        -------------------- 100,00
0.009 265      1        0        0        1        0        -------------------- 100,00
0.001 266      1        0        0        1        0        -------------------- 100,00
0.002 266      1        0        0        1        0        -------------------- 100,00
0.005 266      1        0        0        1        0        -------------------- 100,00
0.009 266      1        0        0        1        0        -------------------- 100,00
0.001 267      1        0        0        1        0        -------------------- 100,00
0.002 267      1        0        0        1        0        -------------------- 100,00
0.005 267      1        0        0        1        0        -------------------- 100,00
0.009 267      1        0        0        1        0        -------------------- 100,00
0.001 268      1        0        0        1        0        -------------------- 100,00
0.002 268      1        0        0        1        0        -------------------- 100,00
0.005 268      1        0        0        1        0        -------------------- 100,00
0.009 268      1        0        0        1        0        -------------------- 100,00
0.001 269      1        0        0        10       0        -------------------- 100,00
0.002 269      1        0        0        10       0        -------------------- 100,00
0.005 269      1        0        0        10       0        -------------------- 100,00
0.009 269      1        0        0        10       0        -------------------- 100,00
0.001 270      1        0        0        10       0        -------------------- 100,00
0.002 270      1        0        0        10       0        -------------------- 100,00
0.005 270      1        0        0        10       0        -------------------- 100,00
0.009 270      1        0        0        10       0        -------------------- 100,00
0.001 272      1        0        0        9        0        -------------------- 100,00
0.002 272      1        0        0        9        0        -------------------- 100,00
0.005 272      1        0        0        9        0        -------------------- 100,00
0.009 272      1        0        0        9        0        -------------------- 100,00
0.001 273      1        0        0        90       0        -------------------- 100,00
0.002 273      1        0        0        90       0        -------------------- 100,00
0.005 273      1        0        0        90       1        -------------------- 100,00
0.009 273      1        0        0        90       1        -------------------- 100,00
0.001 274      1        0        0        90       0        -------------------- 100,00
0.002 274      1        0        0        90       0        -------------------- 100,00
0.005 274      0        0        1        60       1         0,00                      
0.009 274      0        0        1        60       1         0,00                      
0.001 276      1        0        0        81       0        -------------------- 100,00
0.002 276      1        0        0        81       0        -------------------- 100,00
0.005 276      0        1        0        81       1         0,00                      
0.009 276      0        1        0        81       1         0,00                      
0.001 277      1        0        0        81       0        -------------------- 100,00
0.002 277      1        0        0        81       0        -------------------- 100,00
0.005 277      0        1        0        81       1         0,00                      
0.009 277      0        1        0        81       1         0,00                      
0.001 278      1        0        0        81       0        -------------------- 100,00
0.002 278      1        0        0        81       0        -------------------- 100,00
0.005 278      0        0        1        60       1         0,00                      
0.009 278      0        0        1        60       1         0,00                      
0.001 279      1        0        0        81       0        -------------------- 100,00
0.002 279      1        0        0        81       0        -------------------- 100,00
0.005 279      1        0        0        81       1        -------------------- 100,00
0.009 279      1        0        0        81       1        -------------------- 100,00
0.001 280      1        0        0        81       0        -------------------- 100,00
0.002 280      1        0        0        81       0        -------------------- 100,00
0.005 280      1        0        0        81       1        -------------------- 100,00
0.009 280      1        0        0        81       1        -------------------- 100,00
0.001 282      1        0        0        32       0        -------------------- 100,00
0.002 282      1        0        0        32       0        -------------------- 100,00
0.005 282      1        0        0        32       0        -------------------- 100,00
0.009 282      1        0        0        32       0        -------------------- 100,00
0.001 283      1        0        0        32       0        -------------------- 100,00
0.002 283      1        0        0        32       0        -------------------- 100,00
0.005 283      1        0        0        32       0        -------------------- 100,00
0.009 283      1        0        0        32       0        -------------------- 100,00
0.001 284      1        0        0        32       0        -------------------- 100,00
0.002 284      1        0        0        32       0        -------------------- 100,00
0.005 284      1        0        0        32       0        -------------------- 100,00
0.009 284      1        0        0        32       0        -------------------- 100,00
0.001 286      1        0        0        893      0        -------------------- 100,00
0.002 286      1        0        0        893      0        -------------------- 100,00
0.005 286      0        0        1        1090     4         0,00                      
0.009 286      0        0        1        289      2         0,00                      
0.001 287      1        0        0        893      0        -------------------- 100,00
0.002 287      1        0        0        893      0        -------------------- 100,00
0.005 287      0        0        1        1069     3         0,00                      
0.009 287      0        0        1        289      2         0,00                      
0.001 288      1        0        0        893      0        -------------------- 100,00
0.002 288      1        0        0        893      0        -------------------- 100,00
0.005 288      0        1        0        1090     4         0,00                      
0.009 288      0        0        1        840      4         0,00                      
0.001 289      1        0        0        893      0        -------------------- 100,00
0.002 289      1        0        0        893      0        -------------------- 100,00
0.005 289      0        0        1        1069     3         0,00                      
0.009 289      0        0        1        289      2         0,00                      
0.001 291      1        0        0        893      0        -------------------- 100,00
0.002 291      1        0        0        893      0        -------------------- 100,00
0.005 291      0        1        0        1112     4         0,00                      
0.009 291      0        1        0        660      2         0,00                      
0.001 292      1        0        0        893      0        -------------------- 100,00
0.002 292      1        0        0        893      0        -------------------- 100,00
0.005 292      0        0        1        1069     3         0,00                      
0.009 292      0        0        1        289      2         0,00                      
0.001 293      1        0        0        893      0        -------------------- 100,00
0.002 293      1        0        0        893      0        -------------------- 100,00
0.005 293      0        0        1        1090     4         0,00                      
0.009 293      0        1        0        660      2         0,00                      
0.001 294      1        0        0        893      0        -------------------- 100,00
0.002 294      1        0        0        893      0        -------------------- 100,00
0.005 294      0        0        1        1069     3         0,00                      
0.009 294      0        0        1        289      2         0,00                      
0.001 296      1        0        0        893      0        -------------------- 100,00
0.002 296      1        0        0        893      0        -------------------- 100,00
0.005 296      1        0        0        893      2        -------------------- 100,00
0.009 296      1        0        0        893      4        -------------------- 100,00
0.001 297      1        0        0        893      0        -------------------- 100,00
0.002 297      1        0        0        893      0        -------------------- 100,00
0.005 297      1        0        0        893      2        -------------------- 100,00
0.009 297      1        0        0        893      4        -------------------- 100,00
0.001 298      1        0        0        893      0        -------------------- 100,00
0.002 298      1        0        0        893      0        -------------------- 100,00
0.005 298      0        1        0        1090     4         0,00                      
0.009 298      0        1        0        660      2         0,00                      
0.001 299      1        0        0        893      0        -------------------- 100,00
0.002 299      1        0        0        893      0        -------------------- 100,00
0.005 299      0        0        1        840      2         0,00                      
0.009 299      0        1        0        480      2         0,00                      
0.001 300      1        0        0        893      0        -------------------- 100,00
0.002 300      1        0        0        893      0        -------------------- 100,00
0.005 300      0        1        0        1090     4         0,00                      
0.009 300      0        1        0        660      2         0,00                      
0.001 301      1        0        0        893      0        -------------------- 100,00
0.002 301      1        0        0        893      0        -------------------- 100,00
0.005 301      0        0        1        840      2         0,00                      
0.009 301      0        1        0        480      2         0,00                      
