SERN
random Rates : 0.001 0.002 0.005 0.009 
89 perturbation point
Random Enactor, seed :32
PONE : Numerical Perturbator
1 sudoku grid 
Those grid are read from file in resources/sudoku/grid.txt
sum of result per Perturbation point
IndexLoc #Success #Failure #Error   #Call    #Enactions %Success                   
188      1        0        3        7936     20       ----- 25,00                
189      2        0        2        9179     13       ---------- 50,00           
191      4        0        0        7133     25       -------------------- 100,00
192      2        0        2        5156     10       ---------- 50,00           
195      4        0        0        2805     4        -------------------- 100,00
196      4        0        0        2688     3        -------------------- 100,00
197      3        0        1        3220     8        --------------- 75,00      
198      3        0        1        2305     3        --------------- 75,00      
202      4        0        0        4        0        -------------------- 100,00
203      4        0        0        4        0        -------------------- 100,00
205      4        0        0        2552     3        -------------------- 100,00
206      4        0        0        2552     3        -------------------- 100,00
208      4        0        0        148      0        -------------------- 100,00
209      4        0        0        148      0        -------------------- 100,00
212      4        0        0        2548     3        -------------------- 100,00
213      4        0        0        2549     3        -------------------- 100,00
214      4        0        0        2549     3        -------------------- 100,00
215      4        0        0        2549     3        -------------------- 100,00
217      4        0        0        726      2        -------------------- 100,00
218      4        0        0        726      2        -------------------- 100,00
219      4        0        0        726      2        -------------------- 100,00
220      4        0        0        806      2        -------------------- 100,00
222      4        0        0        1816     3        -------------------- 100,00
223      4        0        0        17188    63       -------------------- 100,00
224      2        0        2        11715    25       ---------- 50,00           
226      1        0        3        7936     20       ----- 25,00                
227      4        0        0        16644    62       -------------------- 100,00
228      2        0        2        9179     13       ---------- 50,00           
230      2        2        0        1790     3        ---------- 50,00           
231      2        2        0        1851     3        ---------- 50,00           
232      4        0        0        1820     3        -------------------- 100,00
233      4        0        0        1826     3        -------------------- 100,00
234      4        0        0        1820     3        -------------------- 100,00
235      4        0        0        1826     3        -------------------- 100,00
237      3        0        1        1653     3        --------------- 75,00      
238      3        0        1        1653     3        --------------- 75,00      
239      3        0        1        1653     3        --------------- 75,00      
240      4        0        0        1980     3        -------------------- 100,00
243      2        2        0        2669     6        ---------- 50,00           
244      2        2        0        1176     2        ---------- 50,00           
245      2        2        0        1176     2        ---------- 50,00           
247      2        2        0        1472     3        ---------- 50,00           
248      2        2        0        1751     3        ---------- 50,00           
249      2        2        0        1472     3        ---------- 50,00           
251      4        0        0        6000     20       -------------------- 100,00
252      2        2        0        7553     32       ---------- 50,00           
253      1        0        3        4649     9        ----- 25,00                
254      4        0        0        6376     24       -------------------- 100,00
255      4        0        0        6240     21       -------------------- 100,00
256      1        3        0        7502     28       ----- 25,00                
257      1        0        3        4649     9        ----- 25,00                
258      2        2        0        6463     26       ---------- 50,00           
259      1        3        0        7502     28       ----- 25,00                
260      1        3        0        7502     28       ----- 25,00                
261      1        3        0        7502     28       ----- 25,00                
262      4        0        0        4        0        -------------------- 100,00
263      4        0        0        4        0        -------------------- 100,00
264      4        0        0        4        0        -------------------- 100,00
265      4        0        0        4        0        -------------------- 100,00
266      4        0        0        4        0        -------------------- 100,00
267      4        0        0        4        0        -------------------- 100,00
268      4        0        0        4        0        -------------------- 100,00
269      4        0        0        40       0        -------------------- 100,00
270      4        0        0        40       0        -------------------- 100,00
272      4        0        0        36       0        -------------------- 100,00
273      4        0        0        360      2        -------------------- 100,00
274      2        0        2        300      2        ---------- 50,00           
276      2        2        0        324      2        ---------- 50,00           
277      2        2        0        324      2        ---------- 50,00           
278      2        0        2        282      2        ---------- 50,00           
279      4        0        0        324      2        -------------------- 100,00
280      4        0        0        324      2        -------------------- 100,00
282      4        0        0        128      0        -------------------- 100,00
283      4        0        0        128      0        -------------------- 100,00
284      4        0        0        128      0        -------------------- 100,00
286      2        0        2        3165     6        ---------- 50,00           
287      2        0        2        3144     5        ---------- 50,00           
288      2        1        1        3716     8        ---------- 50,00           
289      2        0        2        3144     5        ---------- 50,00           
291      2        2        0        3558     6        ---------- 50,00           
292      2        0        2        3144     5        ---------- 50,00           
293      2        1        1        3536     6        ---------- 50,00           
294      2        0        2        3144     5        ---------- 50,00           
296      4        0        0        3572     6        -------------------- 100,00
297      4        0        0        3572     6        -------------------- 100,00
298      2        2        0        3536     6        ---------- 50,00           
299      2        1        1        3106     4        ---------- 50,00           
300      2        2        0        3536     6        ---------- 50,00           
301      2        1        1        3106     4        ---------- 50,00           
