Aggregate data for all tasks per location for magnitude = 1
SEP1
164 perturbation point
N Excecution Enactor
PONE : Numerical Perturbator
20 string of 100 char
Random char generated with 23 as seed
IndexLoc   #Success   #Failure   #Exception #call_all_execs    avg_call_per_execs #Perturbations AvgPerturbationPerExecs  #Execs     #Tasks     %Success                   
0          0          0          20         20                 1                  20             1,00                     20         20          0,00                      
1          20         0          0          20                 1                  20             1,00                     20         20         -------------------- 100,00
2          20         0          0          20                 1                  20             1,00                     20         20         -------------------- 100,00
3          20         0          0          20                 1                  20             1,00                     20         20         -------------------- 100,00
4          0          0          20         20                 1                  20             1,00                     20         20          0,00                      
5          0          20         0          20                 1                  20             1,00                     20         20          0,00                      
6          0          20         0          20                 1                  20             1,00                     20         20          0,00                      
7          0          20         0          20                 1                  20             1,00                     20         20          0,00                      
8          0          20         0          20                 1                  20             1,00                     20         20          0,00                      
9          0          20         0          20                 1                  20             1,00                     20         20          0,00                      
10         0          20         0          20                 1                  20             1,00                     20         20          0,00                      
11         0          20         0          20                 1                  20             1,00                     20         20          0,00                      
12         0          0          20         20                 1                  20             1,00                     20         20          0,00                      
13         0          20         0          20                 1                  20             1,00                     20         20          0,00                      
14         0          20         0          20                 1                  20             1,00                     20         20          0,00                      
15         0          20         0          20                 1                  20             1,00                     20         20          0,00                      
16         0          20         0          20                 1                  20             1,00                     20         20          0,00                      
17         0          20         0          20                 1                  20             1,00                     20         20          0,00                      
18         0          20         0          20                 1                  20             1,00                     20         20          0,00                      
19         0          20         0          20                 1                  20             1,00                     20         20          0,00                      
20         180        0          0          180                9                  180            1,00                     1600       20         -------------------- 100,00
21         160        0          20         180                9                  180            1,00                     1620       20         ------------------ 88,89   
23         100        40         20         160                8                  160            1,00                     1280       20         ------------- 62,50        
24         100        60         0          160                8                  160            1,00                     1280       20         ------------- 62,50        
25         100        40         20         160                8                  160            1,00                     1280       20         ------------- 62,50        
26         100        40         20         160                8                  160            1,00                     1280       20         ------------- 62,50        
27         100        40         20         160                8                  160            1,00                     1280       20         ------------- 62,50        
28         0          160        0          160                8                  160            1,00                     1280       20          0,00                      
29         140        20         0          160                8                  160            1,00                     1280       20         ------------------ 87,50   
30         0          20         0          20                 1                  20             1,00                     20         20          0,00                      
31         0          20         0          20                 1                  20             1,00                     20         20          0,00                      
32         0          20         0          20                 1                  20             1,00                     20         20          0,00                      
33         0          20         0          20                 1                  20             1,00                     20         20          0,00                      
34         20         0          0          20                 1                  20             1,00                     20         20         -------------------- 100,00
35         0          20         0          20                 1                  20             1,00                     20         20          0,00                      
36         60         20         0          80                 4                  80             1,00                     300        20         --------------- 75,00      
37         60         0          20         80                 4                  80             1,00                     320        20         --------------- 75,00      
39         0          40         20         60                 3                  60             1,00                     180        20          0,00                      
40         20         20         20         60                 3                  60             1,00                     180        20         ------- 33,33              
41         0          40         20         60                 3                  60             1,00                     180        20          0,00                      
42         0          60         0          60                 3                  60             1,00                     180        20          0,00                      
43         3840       60         0          3900               195                3900           1,00                     760440     20         -------------------- 98,46 
44         3840       0          60         3900               195                3900           1,00                     756600     20         -------------------- 98,46 
46         2881       899        60         3840               192                3840           1,00                     733440     20         ---------------- 75,03     
47         240        3600       0          3840               192                3840           1,00                     737280     20         -- 6,25                    
48         24         3576       240        3840               192                3840           1,00                     721560     20         - 0,63                     
49         3820       0          20         3840               192                3840           1,00                     736430     20         -------------------- 99,48 
50         3820       0          20         3840               192                3840           1,00                     736450     20         -------------------- 99,48 
52         6          2964       20         2990               149                2990           1,00                     447416     20         - 0,20                     
53         0          2990       0          2990               149                2990           1,00                     447416     20          0,00                      
54         750        80         20         850                42                 850            1,00                     36536      20         ------------------ 88,24   
55         750        80         20         850                42                 850            1,00                     35706      20         ------------------ 88,24   
56         750        80         20         850                42                 850            1,00                     36536      20         ------------------ 88,24   
57         0          850        0          850                42                 850            1,00                     36536      20          0,00                      
58         0          3840       0          3840               192                3840           1,00                     737280     20          0,00                      
59         803        3037       0          3840               192                3840           1,00                     737280     20         ----- 20,91                
60         3250       590        0          3840               192                3840           1,00                     737280     20         ----------------- 84,64    
61         2880       900        60         3840               192                3840           1,00                     733440     20         --------------- 75,00      
62         1417       2423       0          3840               192                3840           1,00                     737280     20         -------- 36,90             
63         923        2677       240        3840               192                3840           1,00                     721560     20         ----- 24,04                
64         3840       0          0          3840               192                3840           1,00                     737280     20         -------------------- 100,00
65         1505       2335       0          3840               192                3840           1,00                     737280     20         -------- 39,19             
66         2880       960        0          3840               192                3840           1,00                     737280     20         --------------- 75,00      
67         2880       960        0          3840               192                3840           1,00                     737280     20         --------------- 75,00      
68         0          60         0          60                 3                  60             1,00                     180        20          0,00                      
69         0          60         0          60                 3                  60             1,00                     180        20          0,00                      
70         0          60         0          60                 3                  60             1,00                     180        20          0,00                      
71         0          60         0          60                 3                  60             1,00                     180        20          0,00                      
72         0          60         0          60                 3                  60             1,00                     180        20          0,00                      
73         3840       60         0          3900               195                3900           1,00                     760440     20         -------------------- 98,46 
74         3840       0          60         3900               195                3900           1,00                     756600     20         -------------------- 98,46 
76         3600       180        60         3840               192                3840           1,00                     733440     20         ------------------- 93,75  
77         960        1920       960        3840               192                3840           1,00                     637920     20         ----- 25,00                
78         0          2880       960        3840               192                3840           1,00                     668640     20          0,00                      
79         3840       0          0          3840               192                3840           1,00                     737280     20         -------------------- 100,00
80         402        3378       60         3840               192                3840           1,00                     730560     20         --- 10,47                  
81         0          2880       960        3840               192                3840           1,00                     668640     20          0,00                      
82         477        483        0          960                48                 960            1,00                     46080      20         ---------- 49,69           
83         319        641        0          960                48                 960            1,00                     46080      20         ------- 33,23              
84         225        735        0          960                48                 960            1,00                     46080      20         ----- 23,44                
85         402        558        0          960                48                 960            1,00                     46080      20         --------- 41,88            
86         328        632        0          960                48                 960            1,00                     46080      20         ------- 34,17              
87         235        725        0          960                48                 960            1,00                     46080      20         ----- 24,48                
88         339        621        0          960                48                 960            1,00                     46080      20         -------- 35,31             
89         498        462        0          960                48                 960            1,00                     46080      20         ----------- 51,88          
90         233        727        0          960                48                 960            1,00                     46080      20         ----- 24,27                
91         308        652        0          960                48                 960            1,00                     46080      20         ------- 32,08              
92         411        549        0          960                48                 960            1,00                     46080      20         --------- 42,81            
93         226        734        0          960                48                 960            1,00                     46080      20         ----- 23,54                
94         81         879        0          960                48                 960            1,00                     46080      20         -- 8,44                    
95         182        778        0          960                48                 960            1,00                     46080      20         ---- 18,96                 
96         141        819        0          960                48                 960            1,00                     46080      20         --- 14,69                  
97         141        819        0          960                48                 960            1,00                     46080      20         --- 14,69                  
98         141        819        0          960                48                 960            1,00                     46080      20         --- 14,69                  
99         60         360        540        960                48                 960            1,00                     33480      20         -- 6,25                    
100        0          960        0          960                48                 960            1,00                     46080      20          0,00                      
101        0          960        0          960                48                 960            1,00                     46080      20          0,00                      
102        0          960        0          960                48                 960            1,00                     46080      20          0,00                      
103        0          960        0          960                48                 960            1,00                     46080      20          0,00                      
104        121        839        0          960                48                 960            1,00                     46080      20         --- 12,60                  
105        175        785        0          960                48                 960            1,00                     46080      20         ---- 18,23                 
106        141        819        0          960                48                 960            1,00                     46080      20         --- 14,69                  
107        141        819        0          960                48                 960            1,00                     46080      20         --- 14,69                  
108        141        819        0          960                48                 960            1,00                     46080      20         --- 14,69                  
109        60         540        360        960                48                 960            1,00                     37620      20         -- 6,25                    
110        0          960        0          960                48                 960            1,00                     46080      20          0,00                      
111        299        661        0          960                48                 960            1,00                     46080      20         ------- 31,15              
112        328        632        0          960                48                 960            1,00                     46080      20         ------- 34,17              
113        0          960        0          960                48                 960            1,00                     46080      20          0,00                      
114        59         901        0          960                48                 960            1,00                     46080      20         -- 6,15                    
115        166        794        0          960                48                 960            1,00                     46080      20         ---- 17,29                 
116        141        819        0          960                48                 960            1,00                     46080      20         --- 14,69                  
117        0          420        540        960                48                 960            1,00                     33180      20          0,00                      
118        0          3840       0          3840               192                3840           1,00                     737280     20          0,00                      
119        0          3840       0          3840               192                3840           1,00                     737280     20          0,00                      
120        0          3840       0          3840               192                3840           1,00                     737280     20          0,00                      
121        0          3840       0          3840               192                3840           1,00                     737280     20          0,00                      
122        564        3036       240        3840               192                3840           1,00                     715200     20         --- 14,69                  
123        0          3840       0          3840               192                3840           1,00                     737280     20          0,00                      
124        0          3840       0          3840               192                3840           1,00                     737280     20          0,00                      
125        0          3780       60         3840               192                3840           1,00                     733440     20          0,00                      
126        0          3840       0          3840               192                3840           1,00                     737280     20          0,00                      
127        0          3840       0          3840               192                3840           1,00                     737280     20          0,00                      
128        0          2880       960        3840               192                3840           1,00                     668640     20          0,00                      
129        960        960        1920       3840               192                3840           1,00                     584640     20         ----- 25,00                
130        1920       1920       0          3840               192                3840           1,00                     737280     20         ---------- 50,00           
131        0          3840       0          3840               192                3840           1,00                     737280     20          0,00                      
132        720        3120       0          3840               192                3840           1,00                     737280     20         ---- 18,75                 
133        0          3840       0          3840               192                3840           1,00                     737280     20          0,00                      
134        0          3600       240        3840               192                3840           1,00                     720480     20          0,00                      
135        0          3840       0          3840               192                3840           1,00                     737280     20          0,00                      
136        0          3840       0          3840               192                3840           1,00                     737280     20          0,00                      
137        0          3840       0          3840               192                3840           1,00                     737280     20          0,00                      
138        0          3840       0          3840               192                3840           1,00                     737280     20          0,00                      
139        0          3840       0          3840               192                3840           1,00                     737280     20          0,00                      
140        0          3840       0          3840               192                3840           1,00                     737280     20          0,00                      
141        0          3840       0          3840               192                3840           1,00                     737280     20          0,00                      
142        0          60         0          60                 3                  60             1,00                     180        20          0,00                      
143        0          60         0          60                 3                  60             1,00                     180        20          0,00                      
144        0          60         0          60                 3                  60             1,00                     180        20          0,00                      
145        0          60         0          60                 3                  60             1,00                     180        20          0,00                      
146        0          20         0          20                 1                  20             1,00                     20         20          0,00                      
147        0          0          20         20                 1                  20             1,00                     20         20          0,00                      
148        0          20         0          20                 1                  20             1,00                     20         20          0,00                      
149        80         20         0          100                5                  100            1,00                     480        20         ---------------- 80,00     
150        80         0          20         100                5                  100            1,00                     500        20         ---------------- 80,00     
152        60         20         0          80                 4                  80             1,00                     320        20         --------------- 75,00      
153        40         40         0          80                 4                  80             1,00                     320        20         ---------- 50,00           
155        0          20         0          20                 1                  20             1,00                     20         20          0,00                      
156        40         20         0          60                 3                  60             1,00                     180        20         -------------- 66,67       
157        20         40         0          60                 3                  60             1,00                     180        20         ------- 33,33              
159        0          20         0          20                 1                  20             1,00                     20         20          0,00                      
160        20         20         0          40                 2                  40             1,00                     80         20         ---------- 50,00           
161        0          40         0          40                 2                  40             1,00                     80         20          0,00                      
163        0          20         0          20                 1                  20             1,00                     20         20          0,00                      
164        0          20         0          20                 1                  20             1,00                     20         20          0,00                      
165        0          40         0          40                 2                  40             1,00                     80         20          0,00                      
166        0          60         0          60                 3                  60             1,00                     180        20          0,00                      
167        0          80         0          80                 4                  80             1,00                     320        20          0,00                      
168        0          80         0          80                 4                  80             1,00                     320        20          0,00                      
169        320        80         0          400                20                 400            1,00                     7920       20         ---------------- 80,00     
170        320        0          80         400                20                 400            1,00                     8000       20         ---------------- 80,00     
172        0          320        0          320                16                 320            1,00                     5120       20          0,00                      
173        80         240        0          320                16                 320            1,00                     5120       20         ----- 25,00                
