aggregate data per location for random rate = 0.001 and with Perturbator = 1
Exploration Plus One
123 perturbation point
PONE : plus one perturbator
5 files of 3 chararacters
Random characters generated with 23 as seed
IndexLoc   #Success   #Failure   #Exception #CallAllExecs      AvgCallPerExec     #Perturbations AvgPerturbationPerExec   #Execs     #Tasks     %Success                   
0          5          0          20         75                 15,00              0              0,00                     5          5          NaN                        
1          5          0          20         1034               206,80             0              0,00                     5          5          NaN                        
2          5          0          20         1035               207,00             0              0,00                     5          5          NaN                        
4          5          0          20         984                196,80             0              0,00                     5          5          NaN                        
5          5          0          20         984                196,80             0              0,00                     5          5          NaN                        
7          5          0          20         1035               207,00             0              0,00                     5          5          NaN                        
8          5          0          20         1035               207,00             0              0,00                     5          5          NaN                        
11         5          0          20         354                70,80              0              0,00                     5          5          NaN                        
12         5          0          20         375                75,00              0              0,00                     5          5          NaN                        
14         5          0          20         87                 17,40              0              0,00                     5          5          NaN                        
15         5          0          20         90                 18,00              0              0,00                     5          5          NaN                        
17         5          0          20         87                 17,40              0              0,00                     5          5          NaN                        
18         5          0          20         90                 18,00              0              0,00                     5          5          NaN                        
20         5          0          20         660                132,00             0              0,00                     5          5          NaN                        
21         5          0          20         660                132,00             0              0,00                     5          5          NaN                        
22         5          0          20         588                117,60             0              0,00                     5          5          NaN                        
23         5          0          20         660                132,00             0              0,00                     5          5          NaN                        
24         5          0          20         660                132,00             0              0,00                     5          5          NaN                        
25         5          0          20         660                132,00             0              0,00                     5          5          NaN                        
27         5          0          20         630                126,00             0              0,00                     5          5          NaN                        
28         5          0          20         600                120,00             0              0,00                     5          5          NaN                        
31         5          0          20         658                131,60             0              0,00                     5          5          NaN                        
32         5          0          20         660                132,00             0              0,00                     5          5          NaN                        
33         5          0          20         629                125,80             0              0,00                     5          5          NaN                        
34         5          0          20         628                125,60             0              0,00                     5          5          NaN                        
35         5          0          20         600                120,00             0              0,00                     5          5          NaN                        
36         5          0          20         802                160,40             0              0,00                     5          5          NaN                        
37         5          0          20         870                174,00             0              0,00                     5          5          NaN                        
39         5          0          20         808                161,60             0              0,00                     5          5          NaN                        
40         5          0          20         869                173,80             0              0,00                     5          5          NaN                        
43         5          0          20         206                41,20              0              0,00                     5          5          NaN                        
44         5          0          20         242                48,40              0              0,00                     5          5          NaN                        
45         5          0          20         250                50,00              0              0,00                     5          5          NaN                        
46         5          0          20         234                46,80              0              0,00                     5          5          NaN                        
47         5          0          20         242                48,40              0              0,00                     5          5          NaN                        
48         5          0          20         250                50,00              0              0,00                     5          5          NaN                        
49         5          0          20         242                48,40              0              0,00                     5          5          NaN                        
50         5          0          20         212                42,40              0              0,00                     5          5          NaN                        
51         5          0          20         230                46,00              0              0,00                     5          5          NaN                        
52         5          0          20         660                132,00             0              0,00                     5          5          NaN                        
53         5          0          20         660                132,00             0              0,00                     5          5          NaN                        
55         5          0          20         629                125,80             0              0,00                     5          5          NaN                        
56         5          0          20         0                  0,00               0              0,00                     5          5          NaN                        
57         5          0          20         0                  0,00               0              0,00                     5          5          NaN                        
58         5          0          20         0                  0,00               0              0,00                     5          5          NaN                        
60         5          0          20         0                  0,00               0              0,00                     5          5          NaN                        
61         5          0          20         0                  0,00               0              0,00                     5          5          NaN                        
62         5          0          20         0                  0,00               0              0,00                     5          5          NaN                        
63         5          0          20         0                  0,00               0              0,00                     5          5          NaN                        
65         5          0          20         0                  0,00               0              0,00                     5          5          NaN                        
66         5          0          20         0                  0,00               0              0,00                     5          5          NaN                        
67         5          0          20         87                 17,40              0              0,00                     5          5          NaN                        
68         5          0          20         87                 17,40              0              0,00                     5          5          NaN                        
69         5          0          20         87                 17,40              0              0,00                     5          5          NaN                        
71         5          0          20         90                 18,00              0              0,00                     5          5          NaN                        
72         5          0          20         90                 18,00              0              0,00                     5          5          NaN                        
73         5          0          20         570                114,00             0              0,00                     5          5          NaN                        
74         5          0          20         570                114,00             0              0,00                     5          5          NaN                        
76         5          0          20         480                96,00              0              0,00                     5          5          NaN                        
77         5          0          20         90                 18,00              0              0,00                     5          5          NaN                        
78         5          0          20         267                53,40              0              0,00                     5          5          NaN                        
79         5          0          20         285                57,00              0              0,00                     5          5          NaN                        
80         5          0          20         284                56,80              0              0,00                     5          5          NaN                        
82         5          0          20         267                53,40              0              0,00                     5          5          NaN                        
83         5          0          20         285                57,00              0              0,00                     5          5          NaN                        
84         5          0          20         285                57,00              0              0,00                     5          5          NaN                        
85         5          0          20         285                57,00              0              0,00                     5          5          NaN                        
87         5          0          20         112                22,40              0              0,00                     5          5          NaN                        
88         5          0          20         112                22,40              0              0,00                     5          5          NaN                        
89         5          0          20         111                22,20              0              0,00                     5          5          NaN                        
91         5          0          20         145                29,00              0              0,00                     5          5          NaN                        
92         5          0          20         145                29,00              0              0,00                     5          5          NaN                        
93         5          0          20         165                33,00              0              0,00                     5          5          NaN                        
94         5          0          20         144                28,80              0              0,00                     5          5          NaN                        
96         5          0          20         0                  0,00               0              0,00                     5          5          NaN                        
97         5          0          20         0                  0,00               0              0,00                     5          5          NaN                        
98         5          0          20         0                  0,00               0              0,00                     5          5          NaN                        
100        5          0          20         0                  0,00               0              0,00                     5          5          NaN                        
101        5          0          20         0                  0,00               0              0,00                     5          5          NaN                        
102        5          0          20         145                29,00              0              0,00                     5          5          NaN                        
103        5          0          20         155                31,00              0              0,00                     5          5          NaN                        
105        5          0          20         165                33,00              0              0,00                     5          5          NaN                        
106        5          0          20         145                29,00              0              0,00                     5          5          NaN                        
109        5          0          20         155                31,00              0              0,00                     5          5          NaN                        
110        5          0          20         155                31,00              0              0,00                     5          5          NaN                        
111        5          0          20         155                31,00              0              0,00                     5          5          NaN                        
112        5          0          20         171                34,20              0              0,00                     5          5          NaN                        
113        5          0          20         165                33,00              0              0,00                     5          5          NaN                        
114        5          0          20         155                31,00              0              0,00                     5          5          NaN                        
115        5          0          20         517                103,40             0              0,00                     5          5          NaN                        
116        5          0          20         449                89,80              0              0,00                     5          5          NaN                        
118        5          0          20         485                97,00              0              0,00                     5          5          NaN                        
119        5          0          20         477                95,40              0              0,00                     5          5          NaN                        
122        5          0          20         322                64,40              0              0,00                     5          5          NaN                        
123        5          0          20         322                64,40              0              0,00                     5          5          NaN                        
124        5          0          20         330                66,00              0              0,00                     5          5          NaN                        
125        5          0          20         330                66,00              0              0,00                     5          5          NaN                        
126        5          0          20         322                64,40              0              0,00                     5          5          NaN                        
127        5          0          20         322                64,40              0              0,00                     5          5          NaN                        
128        5          0          20         143                28,60              0              0,00                     5          5          NaN                        
129        5          0          20         165                33,00              0              0,00                     5          5          NaN                        
131        5          0          20         165                33,00              0              0,00                     5          5          NaN                        
132        5          0          20         165                33,00              0              0,00                     5          5          NaN                        
133        5          0          20         2640               528,00             1              0,20                     5          5          ---- 20,00                 
134        5          0          20         2640               528,00             1              0,20                     5          5          ---- 20,00                 
136        5          0          20         1112               222,40             1              0,20                     5          5          ---- 20,00                 
137        5          0          20         2640               528,00             1              0,20                     5          5          ---- 20,00                 
138        5          0          20         1793               358,60             1              0,20                     5          5          ---- 20,00                 
139        5          0          20         1604               320,80             1              0,20                     5          5          ---- 20,00                 
140        5          0          20         1778               355,60             1              0,20                     5          5          ---- 20,00                 
142        4          0          21         1434               286,80             1              0,20                     5          5          ---- 16,00                 
143        5          0          20         660                132,00             0              0,00                     5          5          NaN                        
144        5          0          20         660                132,00             0              0,00                     5          5          NaN                        
145        5          0          20         1314               262,80             1              0,20                     5          5          ---- 20,00                 
146        5          0          20         1300               260,00             1              0,20                     5          5          ---- 20,00                 
148        5          0          20         640                128,00             0              0,00                     5          5          NaN                        
149        5          0          20         630                126,00             0              0,00                     5          5          NaN                        
150        5          0          20         630                126,00             0              0,00                     5          5          NaN                        
151        5          0          20         640                128,00             0              0,00                     5          5          NaN                        
152        5          0          20         726                145,20             0              0,00                     5          5          NaN                        
153        0          0          25         36                 7,20               0              0,00                     5          5          NaN                        
154        0          0          25         0                  0,00               0              0,00                     5          5          NaN                        
156        0          0          25         0                  0,00               0              0,00                     5          5          NaN                        
