aggregate data per location for magnitude = 0.1
SERN
61 perturbation point
Random Enactor, seed :32
PONE : Numerical Perturbator
5 repetition for each location for each task
1 files of 100 chararacters
Random characters generated with 23 as seed
IndexLoc   #Success   #Failure   #Exception #CallAllExecs      AvgCallPerExec     #Perturbations AvgPerturbationPerExec   #Execs     #Tasks     %Success                   
0          3          0          2          45                 9.00               4              0.80                     5          1          ------------ 60.00         
1          5          0          0          882                176.40             103            20.60                    5          1          -------------------- 100.00
2          5          0          0          831                166.20             96             19.20                    5          1          -------------------- 100.00
4          5          0          0          882                176.40             103            20.60                    5          1          -------------------- 100.00
5          5          0          0          831                166.20             96             19.20                    5          1          -------------------- 100.00
7          5          0          0          961                192.20             111            22.20                    5          1          -------------------- 100.00
8          5          0          0          1035               207.00             117            23.40                    5          1          -------------------- 100.00
11         1          0          4          60                 12.00              10             2.00                     5          1          ---- 20.00                 
12         1          0          4          60                 12.00              10             2.00                     5          1          ---- 20.00                 
14         5          0          0          90                 18.00              13             2.60                     5          1          -------------------- 100.00
15         5          0          0          90                 18.00              13             2.60                     5          1          -------------------- 100.00
17         3          0          2          52                 10.40              7              1.40                     5          1          ------------ 60.00         
18         3          0          2          52                 10.40              7              1.40                     5          1          ------------ 60.00         
20         0          0          5          49                 9.80               6              1.20                     5          1           0.00                      
21         0          0          5          49                 9.80               6              1.20                     5          1           0.00                      
22         0          0          5          48                 9.60               6              1.20                     5          1           0.00                      
23         0          0          5          49                 9.80               6              1.20                     5          1           0.00                      
24         5          0          0          600                120.00             64             12.80                    5          1          -------------------- 100.00
25         5          0          0          595                119.00             64             12.80                    5          1          -------------------- 100.00
27         5          0          0          551                110.20             60             12.00                    5          1          -------------------- 100.00
28         5          0          0          630                126.00             70             14.00                    5          1          -------------------- 100.00
31         0          0          5          47                 9.40               5              1.00                     5          1           0.00                      
32         0          0          5          48                 9.60               6              1.20                     5          1           0.00                      
33         0          0          5          48                 9.60               6              1.20                     5          1           0.00                      
34         0          0          5          47                 9.40               5              1.00                     5          1           0.00                      
35         0          0          5          48                 9.60               6              1.20                     5          1           0.00                      
36         5          0          0          820                164.00             95             19.00                    5          1          -------------------- 100.00
37         0          0          5          100                20.00              14             2.80                     5          1           0.00                      
39         5          0          0          867                173.40             101            20.20                    5          1          -------------------- 100.00
40         0          0          5          61                 12.20              10             2.00                     5          1           0.00                      
43         1          0          4          53                 10.60              8              1.60                     5          1          ---- 20.00                 
44         1          0          4          53                 10.60              8              1.60                     5          1          ---- 20.00                 
45         1          0          4          52                 10.40              7              1.40                     5          1          ---- 20.00                 
46         1          0          4          52                 10.40              7              1.40                     5          1          ---- 20.00                 
47         1          0          4          52                 10.40              7              1.40                     5          1          ---- 20.00                 
48         1          0          4          53                 10.60              8              1.60                     5          1          ---- 20.00                 
49         5          0          0          261                52.20              28             5.60                     5          1          -------------------- 100.00
50         1          0          4          61                 12.20              10             2.00                     5          1          ---- 20.00                 
51         5          0          0          252                50.40              27             5.40                     5          1          -------------------- 100.00
52         0          0          5          47                 9.40               5              1.00                     5          1           0.00                      
53         0          0          5          47                 9.40               5              1.00                     5          1           0.00                      
55         0          0          5          48                 9.60               6              1.20                     5          1           0.00                      
56         5          0          0          0                  0.00               0              0.00                     5          1          NaN                        
57         5          0          0          0                  0.00               0              0.00                     5          1          NaN                        
58         5          0          0          0                  0.00               0              0.00                     5          1          NaN                        
60         5          0          0          0                  0.00               0              0.00                     5          1          NaN                        
61         5          0          0          0                  0.00               0              0.00                     5          1          NaN                        
62         5          0          0          0                  0.00               0              0.00                     5          1          NaN                        
63         5          0          0          0                  0.00               0              0.00                     5          1          NaN                        
65         5          0          0          0                  0.00               0              0.00                     5          1          NaN                        
66         5          0          0          0                  0.00               0              0.00                     5          1          NaN                        
67         3          0          2          52                 10.40              7              1.40                     5          1          ------------ 60.00         
68         3          0          2          52                 10.40              7              1.40                     5          1          ------------ 60.00         
69         3          0          2          48                 9.60               6              1.20                     5          1          ------------ 60.00         
71         3          0          2          53                 10.60              8              1.60                     5          1          ------------ 60.00         
72         5          0          0          81                 16.20              12             2.40                     5          1          -------------------- 100.00
73         2          0          3          256                51.20              28             5.60                     5          1          -------- 40.00             
74         2          0          3          256                51.20              28             5.60                     5          1          -------- 40.00             
76         4          0          1          325                65.00              39             7.80                     5          1          ---------------- 80.00     
77         3          0          2          53                 10.60              8              1.60                     5          1          ------------ 60.00         
78         2          0          3          53                 10.60              8              1.60                     5          1          -------- 40.00             
