aggregate data per location for random rate = 0.01 and with Perturbator = 1
Exploration Plus One
123 perturbation point
PONE : plus one perturbator
5 files of 3 chararacters
Random characters generated with 23 as seed
IndexLoc   #Success   #Failure   #Exception #CallAllExecs      AvgCallPerExec     #Perturbations AvgPerturbationPerExec   #Execs     #Tasks     %Success                   
0          5          0          20         68                 2,72               1              0,04                     25         5          ---- 20,00                 
1          5          0          20         933                37,32              5              0,20                     25         5          ---- 20,00                 
2          5          0          20         983                39,32              6              0,24                     25         5          ---- 20,00                 
4          5          0          20         983                39,32              6              0,24                     25         5          ---- 20,00                 
5          5          0          20         882                35,28              4              0,16                     25         5          ---- 20,00                 
7          5          0          20         1035               41,40              6              0,24                     25         5          ---- 20,00                 
8          5          0          20         1035               41,40              6              0,24                     25         5          ---- 20,00                 
11         4          0          21         289                11,56              2              0,08                     25         5          ---- 16,00                 
12         5          0          20         364                14,56              2              0,08                     25         5          ---- 20,00                 
14         5          0          20         90                 3,60               1              0,04                     25         5          ---- 20,00                 
15         5          0          20         90                 3,60               1              0,04                     25         5          ---- 20,00                 
17         5          0          20         86                 3,44               1              0,04                     25         5          ---- 20,00                 
18         4          0          21         78                 3,12               1              0,04                     25         5          ---- 16,00                 
20         4          0          21         553                22,12              2              0,08                     25         5          ---- 16,00                 
21         4          0          21         554                22,16              2              0,08                     25         5          ---- 16,00                 
22         4          0          21         523                20,92              2              0,08                     25         5          ---- 16,00                 
23         4          0          21         553                22,12              2              0,08                     25         5          ---- 16,00                 
24         5          0          20         660                26,40              2              0,08                     25         5          ---- 20,00                 
25         5          0          20         659                26,36              2              0,08                     25         5          ---- 20,00                 
27         5          0          20         657                26,28              2              0,08                     25         5          ---- 20,00                 
28         5          0          20         600                24,00              2              0,08                     25         5          ---- 20,00                 
31         4          0          21         553                22,12              2              0,08                     25         5          ---- 16,00                 
32         5          0          20         600                24,00              2              0,08                     25         5          ---- 20,00                 
33         5          0          20         639                25,56              2              0,08                     25         5          ---- 20,00                 
34         4          0          21         523                20,92              2              0,08                     25         5          ---- 16,00                 
35         5          0          20         659                26,36              2              0,08                     25         5          ---- 20,00                 
36         5          0          20         870                34,80              4              0,16                     25         5          ---- 20,00                 
37         5          0          20         835                33,40              3              0,12                     25         5          ---- 20,00                 
39         5          0          20         904                36,16              4              0,16                     25         5          ---- 20,00                 
40         5          0          20         775                31,00              2              0,08                     25         5          ---- 20,00                 
43         4          0          21         180                7,20               1              0,04                     25         5          ---- 16,00                 
44         4          0          21         209                8,36               1              0,04                     25         5          ---- 16,00                 
45         4          0          21         210                8,40               1              0,04                     25         5          ---- 16,00                 
46         4          0          21         210                8,40               1              0,04                     25         5          ---- 16,00                 
47         4          0          21         209                8,36               1              0,04                     25         5          ---- 16,00                 
48         4          0          21         210                8,40               1              0,04                     25         5          ---- 16,00                 
49         5          0          20         242                9,68               1              0,04                     25         5          ---- 20,00                 
50         4          0          21         187                7,48               1              0,04                     25         5          ---- 16,00                 
51         5          0          20         220                8,80               1              0,04                     25         5          ---- 20,00                 
52         5          0          20         575                23,00              2              0,08                     25         5          ---- 20,00                 
53         4          0          21         551                22,04              2              0,08                     25         5          ---- 16,00                 
55         5          0          20         619                24,76              2              0,08                     25         5          ---- 20,00                 
56         5          0          20         0                  0,00               0              0,00                     25         5          NaN                        
57         5          0          20         0                  0,00               0              0,00                     25         5          NaN                        
58         5          0          20         0                  0,00               0              0,00                     25         5          NaN                        
60         5          0          20         0                  0,00               0              0,00                     25         5          NaN                        
61         5          0          20         0                  0,00               0              0,00                     25         5          NaN                        
62         5          0          20         0                  0,00               0              0,00                     25         5          NaN                        
63         5          0          20         0                  0,00               0              0,00                     25         5          NaN                        
65         5          0          20         0                  0,00               0              0,00                     25         5          NaN                        
66         5          0          20         0                  0,00               0              0,00                     25         5          NaN                        
67         4          0          21         75                 3,00               1              0,04                     25         5          ---- 16,00                 
68         4          0          21         78                 3,12               1              0,04                     25         5          ---- 16,00                 
69         5          0          20         87                 3,48               1              0,04                     25         5          ---- 20,00                 
71         4          0          21         78                 3,12               1              0,04                     25         5          ---- 16,00                 
72         5          0          20         90                 3,60               1              0,04                     25         5          ---- 20,00                 
73         5          0          20         570                22,80              2              0,08                     25         5          ---- 20,00                 
74         5          0          20         543                21,72              2              0,08                     25         5          ---- 20,00                 
76         5          0          20         454                18,16              2              0,08                     25         5          ---- 20,00                 
77         5          0          20         90                 3,60               1              0,04                     25         5          ---- 20,00                 
78         4          0          21         231                9,24               1              0,04                     25         5          ---- 16,00                 
79         4          0          21         213                8,52               1              0,04                     25         5          ---- 16,00                 
80         4          0          21         213                8,52               1              0,04                     25         5          ---- 16,00                 
82         4          0          21         231                9,24               1              0,04                     25         5          ---- 16,00                 
83         5          0          20         267                10,68              1              0,04                     25         5          ---- 20,00                 
84         5          0          20         285                11,40              1              0,04                     25         5          ---- 20,00                 
85         5          0          20         267                10,68              1              0,04                     25         5          ---- 20,00                 
87         5          0          20         120                4,80               1              0,04                     25         5          ---- 20,00                 
88         5          0          20         120                4,80               1              0,04                     25         5          ---- 20,00                 
89         5          0          20         120                4,80               1              0,04                     25         5          ---- 20,00                 
91         5          0          20         171                6,84               1              0,04                     25         5          ---- 20,00                 
92         5          0          20         155                6,20               1              0,04                     25         5          ---- 20,00                 
93         5          0          20         165                6,60               1              0,04                     25         5          ---- 20,00                 
94         5          0          20         155                6,20               1              0,04                     25         5          ---- 20,00                 
96         5          0          20         0                  0,00               0              0,00                     25         5          NaN                        
97         5          0          20         0                  0,00               0              0,00                     25         5          NaN                        
98         5          0          20         0                  0,00               0              0,00                     25         5          NaN                        
100        5          0          20         0                  0,00               0              0,00                     25         5          NaN                        
101        5          0          20         0                  0,00               0              0,00                     25         5          NaN                        
102        5          0          20         145                5,80               1              0,04                     25         5          ---- 20,00                 
103        5          0          20         154                6,16               1              0,04                     25         5          ---- 20,00                 
105        5          0          20         165                6,60               1              0,04                     25         5          ---- 20,00                 
106        5          0          20         125                5,00               1              0,04                     25         5          ---- 20,00                 
109        5          0          20         159                6,36               1              0,04                     25         5          ---- 20,00                 
110        5          0          20         165                6,60               1              0,04                     25         5          ---- 20,00                 
111        4          0          21         122                4,88               1              0,04                     25         5          ---- 16,00                 
112        5          0          20         155                6,20               1              0,04                     25         5          ---- 20,00                 
113        5          0          20         155                6,20               1              0,04                     25         5          ---- 20,00                 
114        5          0          20         164                6,56               1              0,04                     25         5          ---- 20,00                 
115        5          0          20         485                19,40              2              0,08                     25         5          ---- 20,00                 
116        5          0          20         467                18,68              2              0,08                     25         5          ---- 20,00                 
118        5          0          20         463                18,52              2              0,08                     25         5          ---- 20,00                 
119        5          0          20         477                19,08              2              0,08                     25         5          ---- 20,00                 
122        4          0          21         289                11,56              2              0,08                     25         5          ---- 16,00                 
123        5          0          20         328                13,12              2              0,08                     25         5          ---- 20,00                 
124        5          0          20         326                13,04              2              0,08                     25         5          ---- 20,00                 
125        4          0          21         289                11,56              2              0,08                     25         5          ---- 16,00                 
126        5          0          20         322                12,88              2              0,08                     25         5          ---- 20,00                 
127        5          0          20         330                13,20              2              0,08                     25         5          ---- 20,00                 
128        5          0          20         165                6,60               1              0,04                     25         5          ---- 20,00                 
129        5          0          20         165                6,60               1              0,04                     25         5          ---- 20,00                 
131        5          0          20         165                6,60               1              0,04                     25         5          ---- 20,00                 
132        5          0          20         165                6,60               1              0,04                     25         5          ---- 20,00                 
133        3          0          22         1533               61,32              12             0,48                     25         5          --- 12,00                  
134        3          0          22         1533               61,32              12             0,48                     25         5          --- 12,00                  
136        5          0          20         938                37,52              6              0,24                     25         5          ---- 20,00                 
137        3          0          22         1590               63,60              13             0,52                     25         5          --- 12,00                  
138        3          1          21         1174               46,96              8              0,32                     25         5          --- 12,00                  
139        5          0          20         1794               71,76              15             0,60                     25         5          ---- 20,00                 
140        5          0          20         1770               70,80              14             0,56                     25         5          ---- 20,00                 
142        3          1          21         1272               50,88              11             0,44                     25         5          --- 12,00                  
143        5          0          20         612                24,48              2              0,08                     25         5          ---- 20,00                 
144        4          0          21         553                22,12              2              0,08                     25         5          ---- 16,00                 
145        5          0          20         1300               52,00              11             0,44                     25         5          ---- 20,00                 
146        5          0          20         1310               52,40              11             0,44                     25         5          ---- 20,00                 
148        5          0          20         553                22,12              2              0,08                     25         5          ---- 20,00                 
149        5          0          20         619                24,76              2              0,08                     25         5          ---- 20,00                 
150        5          0          20         662                26,48              2              0,08                     25         5          ---- 20,00                 
151        5          0          20         585                23,40              2              0,08                     25         5          ---- 20,00                 
152        5          0          20         640                25,60              2              0,08                     25         5          ---- 20,00                 
153        0          0          25         0                  0,00               0              0,00                     25         5          NaN                        
154        0          0          25         0                  0,00               0              0,00                     25         5          NaN                        
156        0          0          25         0                  0,00               0              0,00                     25         5          NaN                        
