aggregate data per location for random rate = 0.25 and with Perturbator = 1
Exploration Plus One
123 perturbation point
PONE : plus one perturbator
5 files of 3 chararacters
Random characters generated with 23 as seed
IndexLoc   #Success   #Failure   #Exception #CallAllExecs      AvgCallPerExec     #Perturbations AvgPerturbationPerExec   #Execs     #Tasks     %Success                   
0          1          0          24         21                 0,84               6              0,24                     25         5          - 4,00                     
1          5          0          20         882                35,28              235            9,40                     25         5          ---- 20,00                 
2          5          0          20         1035               41,40              270            10,80                    25         5          ---- 20,00                 
4          5          0          20         933                37,32              245            9,80                     25         5          ---- 20,00                 
5          5          0          20         947                37,88              249            9,96                     25         5          ---- 20,00                 
7          5          0          20         677                27,08              181            7,24                     25         5          ---- 20,00                 
8          5          0          20         1035               41,40              270            10,80                    25         5          ---- 20,00                 
11         0          0          25         32                 1,28               8              0,32                     25         5           0,00                      
12         0          0          25         32                 1,28               8              0,32                     25         5           0,00                      
14         5          0          20         87                 3,48               25             1,00                     25         5          ---- 20,00                 
15         5          0          20         90                 3,60               27             1,08                     25         5          ---- 20,00                 
17         2          0          23         42                 1,68               9              0,36                     25         5          -- 8,00                    
18         2          0          23         41                 1,64               8              0,32                     25         5          -- 8,00                    
20         0          0          25         21                 0,84               6              0,24                     25         5           0,00                      
21         0          0          25         21                 0,84               6              0,24                     25         5           0,00                      
22         0          0          25         21                 0,84               6              0,24                     25         5           0,00                      
23         0          0          25         21                 0,84               6              0,24                     25         5           0,00                      
24         5          0          20         658                26,32              176            7,04                     25         5          ---- 20,00                 
25         5          0          20         655                26,20              174            6,96                     25         5          ---- 20,00                 
27         5          0          20         419                16,76              109            4,36                     25         5          ---- 20,00                 
28         5          0          20         600                24,00              158            6,32                     25         5          ---- 20,00                 
31         0          0          25         20                 0,80               5              0,20                     25         5           0,00                      
32         0          0          25         21                 0,84               6              0,24                     25         5           0,00                      
33         0          0          25         24                 0,96               7              0,28                     25         5           0,00                      
34         0          0          25         20                 0,80               5              0,20                     25         5           0,00                      
35         0          0          25         24                 0,96               7              0,28                     25         5           0,00                      
36         5          0          20         915                36,60              239            9,56                     25         5          ---- 20,00                 
37         0          0          25         64                 2,56               18             0,72                     25         5           0,00                      
39         5          0          20         910                36,40              239            9,56                     25         5          ---- 20,00                 
40         0          0          25         49                 1,96               12             0,48                     25         5           0,00                      
43         0          0          25         20                 0,80               5              0,20                     25         5           0,00                      
44         0          0          25         32                 1,28               8              0,32                     25         5           0,00                      
45         0          0          25         32                 1,28               8              0,32                     25         5           0,00                      
46         0          0          25         32                 1,28               8              0,32                     25         5           0,00                      
47         0          0          25         32                 1,28               8              0,32                     25         5           0,00                      
48         0          0          25         20                 0,80               5              0,20                     25         5           0,00                      
49         5          0          20         250                10,00              65             2,60                     25         5          ---- 20,00                 
50         0          0          25         21                 0,84               6              0,24                     25         5           0,00                      
51         5          0          20         222                8,88               57             2,28                     25         5          ---- 20,00                 
52         0          0          25         20                 0,80               5              0,20                     25         5           0,00                      
53         0          0          25         20                 0,80               5              0,20                     25         5           0,00                      
55         0          0          25         21                 0,84               6              0,24                     25         5           0,00                      
56         5          0          20         0                  0,00               0              0,00                     25         5          NaN                        
57         5          0          20         0                  0,00               0              0,00                     25         5          NaN                        
58         5          0          20         0                  0,00               0              0,00                     25         5          NaN                        
60         5          0          20         0                  0,00               0              0,00                     25         5          NaN                        
61         5          0          20         0                  0,00               0              0,00                     25         5          NaN                        
62         5          0          20         0                  0,00               0              0,00                     25         5          NaN                        
63         5          0          20         0                  0,00               0              0,00                     25         5          NaN                        
65         5          0          20         0                  0,00               0              0,00                     25         5          NaN                        
66         5          0          20         0                  0,00               0              0,00                     25         5          NaN                        
67         2          0          23         41                 1,64               8              0,32                     25         5          -- 8,00                    
68         2          0          23         41                 1,64               8              0,32                     25         5          -- 8,00                    
69         2          0          23         41                 1,64               8              0,32                     25         5          -- 8,00                    
71         2          0          23         41                 1,64               8              0,32                     25         5          -- 8,00                    
72         5          0          20         84                 3,36               25             1,00                     25         5          ---- 20,00                 
73         0          0          25         80                 3,20               24             0,96                     25         5           0,00                      
74         0          0          25         80                 3,20               24             0,96                     25         5           0,00                      
76         0          0          25         84                 3,36               25             1,00                     25         5           0,00                      
77         2          0          23         45                 1,80               10             0,40                     25         5          -- 8,00                    
78         0          0          25         20                 0,80               5              0,20                     25         5           0,00                      
79         0          0          25         20                 0,80               5              0,20                     25         5           0,00                      
80         0          0          25         20                 0,80               5              0,20                     25         5           0,00                      
82         0          0          25         20                 0,80               5              0,20                     25         5           0,00                      
83         3          1          21         369                14,76              97             3,88                     25         5          --- 12,00                  
84         5          0          20         135                5,40               37             1,48                     25         5          ---- 20,00                 
85         2          0          23         52                 2,08               14             0,56                     25         5          -- 8,00                    
87         5          0          20         60                 2,40               17             0,68                     25         5          ---- 20,00                 
88         5          0          20         60                 2,40               17             0,68                     25         5          ---- 20,00                 
89         5          0          20         60                 2,40               17             0,68                     25         5          ---- 20,00                 
91         5          0          20         155                6,20               44             1,76                     25         5          ---- 20,00                 
92         0          0          25         20                 0,80               5              0,20                     25         5           0,00                      
93         5          0          20         164                6,56               46             1,84                     25         5          ---- 20,00                 
94         5          0          20         155                6,20               44             1,76                     25         5          ---- 20,00                 
96         5          0          20         0                  0,00               0              0,00                     25         5          NaN                        
97         5          0          20         0                  0,00               0              0,00                     25         5          NaN                        
98         5          0          20         0                  0,00               0              0,00                     25         5          NaN                        
100        5          0          20         0                  0,00               0              0,00                     25         5          NaN                        
101        5          0          20         0                  0,00               0              0,00                     25         5          NaN                        
102        5          0          20         155                6,20               44             1,76                     25         5          ---- 20,00                 
103        2          0          23         60                 2,40               17             0,68                     25         5          -- 8,00                    
105        5          0          20         165                6,60               46             1,84                     25         5          ---- 20,00                 
106        5          0          20         145                5,80               40             1,60                     25         5          ---- 20,00                 
109        0          0          25         20                 0,80               5              0,20                     25         5           0,00                      
110        4          0          21         203                8,12               51             2,04                     25         5          ---- 16,00                 
111        2          0          23         60                 2,40               17             0,68                     25         5          -- 8,00                    
112        5          0          20         133                5,32               35             1,40                     25         5          ---- 20,00                 
113        5          0          20         153                6,12               44             1,76                     25         5          ---- 20,00                 
114        5          0          20         105                4,20               29             1,16                     25         5          ---- 20,00                 
115        5          0          20         485                19,40              138            5,52                     25         5          ---- 20,00                 
116        2          0          23         228                9,12               60             2,40                     25         5          -- 8,00                    
118        1          0          24         189                7,56               47             1,88                     25         5          - 4,00                     
119        5          0          20         495                19,80              139            5,56                     25         5          ---- 20,00                 
122        0          0          25         45                 1,80               10             0,40                     25         5           0,00                      
123        3          0          22         210                8,40               54             2,16                     25         5          --- 12,00                  
124        0          0          25         65                 2,60               19             0,76                     25         5           0,00                      
125        2          0          23         139                5,56               39             1,56                     25         5          -- 8,00                    
126        3          0          22         223                8,92               57             2,28                     25         5          --- 12,00                  
127        3          0          22         208                8,32               54             2,16                     25         5          --- 12,00                  
128        0          0          25         20                 0,80               5              0,20                     25         5           0,00                      
129        0          0          25         20                 0,80               5              0,20                     25         5           0,00                      
131        0          0          25         20                 0,80               5              0,20                     25         5           0,00                      
132        0          0          25         20                 0,80               5              0,20                     25         5           0,00                      
133        0          0          25         65                 2,60               19             0,76                     25         5           0,00                      
134        0          0          25         65                 2,60               19             0,76                     25         5           0,00                      
136        0          0          25         22                 0,88               6              0,24                     25         5           0,00                      
137        0          0          25         52                 2,08               14             0,56                     25         5           0,00                      
138        0          0          25         48                 1,92               12             0,48                     25         5           0,00                      
139        5          0          20         1780               71,20              440            17,60                    25         5          ---- 20,00                 
140        5          0          20         1770               70,80              438            17,52                    25         5          ---- 20,00                 
142        0          0          25         48                 1,92               12             0,48                     25         5           0,00                      
143        0          0          25         102                4,08               29             1,16                     25         5           0,00                      
144        0          0          25         20                 0,80               5              0,20                     25         5           0,00                      
145        5          0          20         1300               52,00              324            12,96                    25         5          ---- 20,00                 
146        5          0          20         1444               57,76              360            14,40                    25         5          ---- 20,00                 
148        0          0          25         20                 0,80               5              0,20                     25         5           0,00                      
149        0          0          25         20                 0,80               5              0,20                     25         5           0,00                      
150        5          0          20         897                35,88              238            9,52                     25         5          ---- 20,00                 
151        0          0          25         20                 0,80               5              0,20                     25         5           0,00                      
152        5          0          20         610                24,40              160            6,40                     25         5          ---- 20,00                 
153        0          0          25         0                  0,00               0              0,00                     25         5          NaN                        
154        0          0          25         0                  0,00               0              0,00                     25         5          NaN                        
156        0          0          25         0                  0,00               0              0,00                     25         5          NaN                        
