aggregate data per location for random rate = 0.15 and with Perturbator = 1
Exploration Plus One
123 perturbation point
PONE : plus one perturbator
5 files of 3 chararacters
Random characters generated with 23 as seed
IndexLoc   #Success   #Failure   #Exception #CallAllExecs      AvgCallPerExec     #Perturbations AvgPerturbationPerExec   #Execs     #Tasks     %Success                   
0          2          0          23         38                 1,52               5              0,20                     25         5          -- 8,00                    
1          5          0          20         982                39,28              164            6,56                     25         5          ---- 20,00                 
2          5          0          20         984                39,36              164            6,56                     25         5          ---- 20,00                 
4          5          0          20         1035               41,40              174            6,96                     25         5          ---- 20,00                 
5          5          0          20         948                37,92              163            6,52                     25         5          ---- 20,00                 
7          5          0          20         876                35,04              151            6,04                     25         5          ---- 20,00                 
8          5          0          20         1034               41,36              174            6,96                     25         5          ---- 20,00                 
11         1          0          24         56                 2,24               12             0,48                     25         5          - 4,00                     
12         1          0          24         56                 2,24               12             0,48                     25         5          - 4,00                     
14         5          0          20         90                 3,60               19             0,76                     25         5          ---- 20,00                 
15         5          0          20         87                 3,48               18             0,72                     25         5          ---- 20,00                 
17         2          0          23         42                 1,68               6              0,24                     25         5          -- 8,00                    
18         2          0          23         42                 1,68               6              0,24                     25         5          -- 8,00                    
20         0          0          25         24                 0,96               5              0,20                     25         5           0,00                      
21         0          0          25         24                 0,96               5              0,20                     25         5           0,00                      
22         0          0          25         24                 0,96               5              0,20                     25         5           0,00                      
23         0          0          25         24                 0,96               5              0,20                     25         5           0,00                      
24         5          0          20         660                26,40              108            4,32                     25         5          ---- 20,00                 
25         5          0          20         654                26,16              108            4,32                     25         5          ---- 20,00                 
27         5          0          20         533                21,32              87             3,48                     25         5          ---- 20,00                 
28         5          0          20         660                26,40              108            4,32                     25         5          ---- 20,00                 
31         0          0          25         23                 0,92               5              0,20                     25         5           0,00                      
32         0          0          25         24                 0,96               5              0,20                     25         5           0,00                      
33         0          0          25         24                 0,96               5              0,20                     25         5           0,00                      
34         0          0          25         23                 0,92               5              0,20                     25         5           0,00                      
35         0          0          25         24                 0,96               5              0,20                     25         5           0,00                      
36         5          0          20         836                33,44              143            5,72                     25         5          ---- 20,00                 
37         0          0          25         77                 3,08               16             0,64                     25         5           0,00                      
39         5          0          20         910                36,40              155            6,20                     25         5          ---- 20,00                 
40         0          0          25         57                 2,28               12             0,48                     25         5           0,00                      
43         0          0          25         23                 0,92               5              0,20                     25         5           0,00                      
44         0          0          25         54                 2,16               11             0,44                     25         5           0,00                      
45         0          0          25         54                 2,16               11             0,44                     25         5           0,00                      
46         0          0          25         54                 2,16               11             0,44                     25         5           0,00                      
47         0          0          25         54                 2,16               11             0,44                     25         5           0,00                      
48         0          0          25         23                 0,92               5              0,20                     25         5           0,00                      
49         5          0          20         234                9,36               37             1,48                     25         5          ---- 20,00                 
50         0          0          25         24                 0,96               5              0,20                     25         5           0,00                      
51         5          0          20         222                8,88               36             1,44                     25         5          ---- 20,00                 
52         0          0          25         23                 0,92               5              0,20                     25         5           0,00                      
53         0          0          25         23                 0,92               5              0,20                     25         5           0,00                      
55         0          0          25         24                 0,96               5              0,20                     25         5           0,00                      
56         5          0          20         0                  0,00               0              0,00                     25         5          NaN                        
57         5          0          20         0                  0,00               0              0,00                     25         5          NaN                        
58         5          0          20         0                  0,00               0              0,00                     25         5          NaN                        
60         5          0          20         0                  0,00               0              0,00                     25         5          NaN                        
61         5          0          20         0                  0,00               0              0,00                     25         5          NaN                        
62         5          0          20         0                  0,00               0              0,00                     25         5          NaN                        
63         5          0          20         0                  0,00               0              0,00                     25         5          NaN                        
65         5          0          20         0                  0,00               0              0,00                     25         5          NaN                        
66         5          0          20         0                  0,00               0              0,00                     25         5          NaN                        
67         2          0          23         42                 1,68               6              0,24                     25         5          -- 8,00                    
68         2          0          23         42                 1,68               6              0,24                     25         5          -- 8,00                    
69         2          0          23         42                 1,68               6              0,24                     25         5          -- 8,00                    
71         2          0          23         42                 1,68               6              0,24                     25         5          -- 8,00                    
72         5          0          20         87                 3,48               18             0,72                     25         5          ---- 20,00                 
73         2          0          23         256                10,24              41             1,64                     25         5          -- 8,00                    
74         3          0          22         296                11,84              51             2,04                     25         5          --- 12,00                  
76         0          0          25         84                 3,36               18             0,72                     25         5           0,00                      
77         2          0          23         45                 1,80               7              0,28                     25         5          -- 8,00                    
78         2          0          23         53                 2,12               11             0,44                     25         5          -- 8,00                    
79         2          0          23         53                 2,12               11             0,44                     25         5          -- 8,00                    
80         2          0          23         53                 2,12               11             0,44                     25         5          -- 8,00                    
82         2          0          23         53                 2,12               11             0,44                     25         5          -- 8,00                    
83         5          0          20         219                8,76               36             1,44                     25         5          ---- 20,00                 
84         5          0          20         165                6,60               33             1,32                     25         5          ---- 20,00                 
85         3          0          22         88                 3,52               19             0,76                     25         5          --- 12,00                  
87         5          0          20         68                 2,72               13             0,52                     25         5          ---- 20,00                 
88         5          0          20         74                 2,96               14             0,56                     25         5          ---- 20,00                 
89         5          0          20         68                 2,72               13             0,52                     25         5          ---- 20,00                 
91         5          0          20         155                6,20               32             1,28                     25         5          ---- 20,00                 
92         2          0          23         45                 1,80               7              0,28                     25         5          -- 8,00                    
93         5          0          20         164                6,56               33             1,32                     25         5          ---- 20,00                 
94         5          0          20         154                6,16               32             1,28                     25         5          ---- 20,00                 
96         5          0          20         0                  0,00               0              0,00                     25         5          NaN                        
97         5          0          20         0                  0,00               0              0,00                     25         5          NaN                        
98         5          0          20         0                  0,00               0              0,00                     25         5          NaN                        
100        5          0          20         0                  0,00               0              0,00                     25         5          NaN                        
101        5          0          20         0                  0,00               0              0,00                     25         5          NaN                        
102        5          0          20         145                5,80               29             1,16                     25         5          ---- 20,00                 
103        3          0          22         80                 3,20               17             0,68                     25         5          --- 12,00                  
105        5          0          20         164                6,56               33             1,32                     25         5          ---- 20,00                 
106        5          0          20         135                5,40               27             1,08                     25         5          ---- 20,00                 
109        2          0          23         45                 1,80               7              0,28                     25         5          -- 8,00                    
110        3          0          22         249                9,96               39             1,56                     25         5          --- 12,00                  
111        2          0          23         60                 2,40               13             0,52                     25         5          -- 8,00                    
112        5          0          20         137                5,48               28             1,12                     25         5          ---- 20,00                 
113        5          0          20         137                5,48               28             1,12                     25         5          ---- 20,00                 
114        5          0          20         137                5,48               28             1,12                     25         5          ---- 20,00                 
115        5          0          20         495                19,80              81             3,24                     25         5          ---- 20,00                 
116        5          0          20         437                17,48              71             2,84                     25         5          ---- 20,00                 
118        3          0          22         290                11,60              48             1,92                     25         5          --- 12,00                  
119        5          0          20         495                19,80              81             3,24                     25         5          ---- 20,00                 
122        0          0          25         64                 2,56               13             0,52                     25         5           0,00                      
123        4          0          21         267                10,68              43             1,72                     25         5          ---- 16,00                 
124        0          0          25         52                 2,08               10             0,40                     25         5           0,00                      
125        4          0          21         269                10,76              43             1,72                     25         5          ---- 16,00                 
126        4          0          21         276                11,04              44             1,76                     25         5          ---- 16,00                 
127        2          0          23         153                6,12               32             1,28                     25         5          -- 8,00                    
128        2          0          23         48                 1,92               9              0,36                     25         5          -- 8,00                    
129        2          0          23         48                 1,92               9              0,36                     25         5          -- 8,00                    
131        2          0          23         45                 1,80               7              0,28                     25         5          -- 8,00                    
132        2          0          23         34                 1,36               5              0,20                     25         5          -- 8,00                    
133        0          0          25         114                4,56               22             0,88                     25         5           0,00                      
134        0          0          25         114                4,56               22             0,88                     25         5           0,00                      
136        0          0          25         42                 1,68               6              0,24                     25         5           0,00                      
137        0          0          25         53                 2,12               11             0,44                     25         5           0,00                      
138        0          0          25         48                 1,92               9              0,36                     25         5           0,00                      
139        5          0          20         1790               71,60              276            11,04                    25         5          ---- 20,00                 
140        5          0          20         1770               70,80              274            10,96                    25         5          ---- 20,00                 
142        0          0          25         48                 1,92               9              0,36                     25         5           0,00                      
143        0          0          25         84                 3,36               18             0,72                     25         5           0,00                      
144        0          0          25         23                 0,92               5              0,20                     25         5           0,00                      
145        5          0          20         1300               52,00              208            8,32                     25         5          ---- 20,00                 
146        5          0          20         1414               56,56              229            9,16                     25         5          ---- 20,00                 
148        0          0          25         23                 0,92               5              0,20                     25         5           0,00                      
149        0          0          25         23                 0,92               5              0,20                     25         5           0,00                      
150        5          0          20         796                31,84              136            5,44                     25         5          ---- 20,00                 
151        0          0          25         23                 0,92               5              0,20                     25         5           0,00                      
152        5          0          20         640                25,60              106            4,24                     25         5          ---- 20,00                 
153        0          0          25         0                  0,00               0              0,00                     25         5          NaN                        
154        0          0          25         0                  0,00               0              0,00                     25         5          NaN                        
156        0          0          25         0                  0,00               0              0,00                     25         5          NaN                        
