aggregate data per location for random rate = 0.005 and with Perturbator = 1
Exploration Plus One
123 perturbation point
PONE : plus one perturbator
5 files of 3 chararacters
Random characters generated with 23 as seed
IndexLoc   #Success   #Failure   #Exception #CallAllExecs      AvgCallPerExec     #Perturbations AvgPerturbationPerExec   #Execs     #Tasks     %Success                   
0          4          0          21         60                 2,40               1              0,04                     25         5          ---- 16,00                 
1          5          0          20         957                38,28              2              0,08                     25         5          ---- 20,00                 
2          5          0          20         933                37,32              2              0,08                     25         5          ---- 20,00                 
4          5          0          20         983                39,32              2              0,08                     25         5          ---- 20,00                 
5          5          0          20         930                37,20              2              0,08                     25         5          ---- 20,00                 
7          5          0          20         983                39,32              2              0,08                     25         5          ---- 20,00                 
8          5          0          20         984                39,36              2              0,08                     25         5          ---- 20,00                 
11         5          0          20         375                15,00              1              0,04                     25         5          ---- 20,00                 
12         5          0          20         375                15,00              1              0,04                     25         5          ---- 20,00                 
14         5          0          20         90                 3,60               1              0,04                     25         5          ---- 20,00                 
15         5          0          20         87                 3,48               1              0,04                     25         5          ---- 20,00                 
17         4          0          21         78                 3,12               1              0,04                     25         5          ---- 16,00                 
18         4          0          21         78                 3,12               1              0,04                     25         5          ---- 16,00                 
20         5          0          20         578                23,12              1              0,04                     25         5          ---- 20,00                 
21         5          0          20         636                25,44              1              0,04                     25         5          ---- 20,00                 
22         5          0          20         654                26,16              1              0,04                     25         5          ---- 20,00                 
23         5          0          20         636                25,44              1              0,04                     25         5          ---- 20,00                 
24         5          0          20         660                26,40              1              0,04                     25         5          ---- 20,00                 
25         5          0          20         630                25,20              1              0,04                     25         5          ---- 20,00                 
27         5          0          20         627                25,08              1              0,04                     25         5          ---- 20,00                 
28         5          0          20         630                25,20              1              0,04                     25         5          ---- 20,00                 
31         5          0          20         608                24,32              1              0,04                     25         5          ---- 20,00                 
32         5          0          20         640                25,60              1              0,04                     25         5          ---- 20,00                 
33         5          0          20         611                24,44              1              0,04                     25         5          ---- 20,00                 
34         5          0          20         660                26,40              1              0,04                     25         5          ---- 20,00                 
35         5          0          20         660                26,40              1              0,04                     25         5          ---- 20,00                 
36         5          0          20         868                34,72              2              0,08                     25         5          ---- 20,00                 
37         5          0          20         836                33,44              1              0,04                     25         5          ---- 20,00                 
39         5          0          20         910                36,40              2              0,08                     25         5          ---- 20,00                 
40         5          0          20         814                32,56              1              0,04                     25         5          ---- 20,00                 
43         4          0          21         186                7,44               1              0,04                     25         5          ---- 16,00                 
44         4          0          21         202                8,08               1              0,04                     25         5          ---- 16,00                 
45         4          0          21         209                8,36               1              0,04                     25         5          ---- 16,00                 
46         4          0          21         210                8,40               1              0,04                     25         5          ---- 16,00                 
47         4          0          21         210                8,40               1              0,04                     25         5          ---- 16,00                 
48         4          0          21         202                8,08               1              0,04                     25         5          ---- 16,00                 
49         5          0          20         250                10,00              1              0,04                     25         5          ---- 20,00                 
50         4          0          21         187                7,48               1              0,04                     25         5          ---- 16,00                 
51         5          0          20         230                9,20               1              0,04                     25         5          ---- 20,00                 
52         5          0          20         630                25,20              1              0,04                     25         5          ---- 20,00                 
53         5          0          20         660                26,40              1              0,04                     25         5          ---- 20,00                 
55         5          0          20         606                24,24              1              0,04                     25         5          ---- 20,00                 
56         5          0          20         0                  0,00               0              0,00                     25         5          NaN                        
57         5          0          20         0                  0,00               0              0,00                     25         5          NaN                        
58         5          0          20         0                  0,00               0              0,00                     25         5          NaN                        
60         5          0          20         0                  0,00               0              0,00                     25         5          NaN                        
61         5          0          20         0                  0,00               0              0,00                     25         5          NaN                        
62         5          0          20         0                  0,00               0              0,00                     25         5          NaN                        
63         5          0          20         0                  0,00               0              0,00                     25         5          NaN                        
65         5          0          20         0                  0,00               0              0,00                     25         5          NaN                        
66         5          0          20         0                  0,00               0              0,00                     25         5          NaN                        
67         4          0          21         78                 3,12               1              0,04                     25         5          ---- 16,00                 
68         4          0          21         78                 3,12               1              0,04                     25         5          ---- 16,00                 
69         4          0          21         78                 3,12               1              0,04                     25         5          ---- 16,00                 
71         5          0          20         87                 3,48               1              0,04                     25         5          ---- 20,00                 
72         5          0          20         87                 3,48               1              0,04                     25         5          ---- 20,00                 
73         5          0          20         516                20,64              1              0,04                     25         5          ---- 20,00                 
74         5          0          20         543                21,72              1              0,04                     25         5          ---- 20,00                 
76         5          0          20         420                16,80              1              0,04                     25         5          ---- 20,00                 
77         5          0          20         87                 3,48               1              0,04                     25         5          ---- 20,00                 
78         4          0          21         230                9,20               1              0,04                     25         5          ---- 16,00                 
79         4          0          21         231                9,24               1              0,04                     25         5          ---- 16,00                 
80         4          0          21         231                9,24               1              0,04                     25         5          ---- 16,00                 
82         4          0          21         213                8,52               1              0,04                     25         5          ---- 16,00                 
83         5          0          20         284                11,36              1              0,04                     25         5          ---- 20,00                 
84         5          0          20         253                10,12              1              0,04                     25         5          ---- 20,00                 
85         5          0          20         285                11,40              1              0,04                     25         5          ---- 20,00                 
87         5          0          20         120                4,80               1              0,04                     25         5          ---- 20,00                 
88         5          0          20         108                4,32               1              0,04                     25         5          ---- 20,00                 
89         5          0          20         120                4,80               1              0,04                     25         5          ---- 20,00                 
91         5          0          20         147                5,88               1              0,04                     25         5          ---- 20,00                 
92         5          0          20         159                6,36               1              0,04                     25         5          ---- 20,00                 
93         5          0          20         155                6,20               1              0,04                     25         5          ---- 20,00                 
94         5          0          20         155                6,20               1              0,04                     25         5          ---- 20,00                 
96         5          0          20         0                  0,00               0              0,00                     25         5          NaN                        
97         5          0          20         0                  0,00               0              0,00                     25         5          NaN                        
98         5          0          20         0                  0,00               0              0,00                     25         5          NaN                        
100        5          0          20         0                  0,00               0              0,00                     25         5          NaN                        
101        5          0          20         0                  0,00               0              0,00                     25         5          NaN                        
102        5          0          20         155                6,20               1              0,04                     25         5          ---- 20,00                 
103        5          0          20         145                5,80               1              0,04                     25         5          ---- 20,00                 
105        5          0          20         155                6,20               1              0,04                     25         5          ---- 20,00                 
106        5          0          20         155                6,20               1              0,04                     25         5          ---- 20,00                 
109        4          0          21         122                4,88               1              0,04                     25         5          ---- 16,00                 
110        5          0          20         164                6,56               1              0,04                     25         5          ---- 20,00                 
111        4          0          21         122                4,88               1              0,04                     25         5          ---- 16,00                 
112        5          0          20         155                6,20               1              0,04                     25         5          ---- 20,00                 
113        5          0          20         165                6,60               1              0,04                     25         5          ---- 20,00                 
114        5          0          20         159                6,36               1              0,04                     25         5          ---- 20,00                 
115        5          0          20         505                20,20              1              0,04                     25         5          ---- 20,00                 
116        5          0          20         485                19,40              1              0,04                     25         5          ---- 20,00                 
118        5          0          20         485                19,40              1              0,04                     25         5          ---- 20,00                 
119        5          0          20         477                19,08              1              0,04                     25         5          ---- 20,00                 
122        5          0          20         322                12,88              1              0,04                     25         5          ---- 20,00                 
123        5          0          20         316                12,64              1              0,04                     25         5          ---- 20,00                 
124        5          0          20         322                12,88              1              0,04                     25         5          ---- 20,00                 
125        5          0          20         322                12,88              1              0,04                     25         5          ---- 20,00                 
126        5          0          20         330                13,20              1              0,04                     25         5          ---- 20,00                 
127        5          0          20         330                13,20              1              0,04                     25         5          ---- 20,00                 
128        5          0          20         159                6,36               1              0,04                     25         5          ---- 20,00                 
129        5          0          20         155                6,20               1              0,04                     25         5          ---- 20,00                 
131        5          0          20         137                5,48               1              0,04                     25         5          ---- 20,00                 
132        5          0          20         165                6,60               1              0,04                     25         5          ---- 20,00                 
133        4          0          21         2018               80,72              9              0,36                     25         5          ---- 16,00                 
134        2          0          23         1090               43,60              4              0,16                     25         5          -- 8,00                    
136        5          0          20         1065               42,60              2              0,08                     25         5          ---- 20,00                 
137        5          0          20         2597               103,88             12             0,48                     25         5          ---- 20,00                 
138        3          1          21         1240               49,60              5              0,20                     25         5          --- 12,00                  
139        5          0          20         1934               77,36              9              0,36                     25         5          ---- 20,00                 
140        5          0          20         1770               70,80              7              0,28                     25         5          ---- 20,00                 
142        4          1          20         1646               65,84              7              0,28                     25         5          ---- 16,00                 
143        5          0          20         660                26,40              1              0,04                     25         5          ---- 20,00                 
144        5          0          20         660                26,40              1              0,04                     25         5          ---- 20,00                 
145        5          0          20         1300               52,00              6              0,24                     25         5          ---- 20,00                 
146        5          0          20         1304               52,16              6              0,24                     25         5          ---- 20,00                 
148        5          0          20         614                24,56              1              0,04                     25         5          ---- 20,00                 
149        5          0          20         636                25,44              1              0,04                     25         5          ---- 20,00                 
150        5          0          20         661                26,44              1              0,04                     25         5          ---- 20,00                 
151        5          0          20         612                24,48              1              0,04                     25         5          ---- 20,00                 
152        5          0          20         690                27,60              1              0,04                     25         5          ---- 20,00                 
153        0          0          25         0                  0,00               0              0,00                     25         5          NaN                        
154        0          0          25         0                  0,00               0              0,00                     25         5          NaN                        
156        0          0          25         0                  0,00               0              0,00                     25         5          NaN                        
