aggregate data per location for random rate = 0.05 and with Perturbator = 1
Exploration Plus One
123 perturbation point
PONE : plus one perturbator
5 files of 3 chararacters
Random characters generated with 23 as seed
IndexLoc   #Success   #Failure   #Exception #CallAllExecs      AvgCallPerExec     #Perturbations AvgPerturbationPerExec   #Execs     #Tasks     %Success                   
0          4          0          21         60                 2,40               5              0,20                     25         5          ---- 16,00                 
1          5          0          20         983                39,32              50             2,00                     25         5          ---- 20,00                 
2          5          0          20         879                35,16              45             1,80                     25         5          ---- 20,00                 
4          5          0          20         933                37,32              48             1,92                     25         5          ---- 20,00                 
5          5          0          20         1024               40,96              52             2,08                     25         5          ---- 20,00                 
7          5          0          20         994                39,76              50             2,00                     25         5          ---- 20,00                 
8          5          0          20         984                39,36              50             2,00                     25         5          ---- 20,00                 
11         2          0          23         134                5,36               8              0,32                     25         5          -- 8,00                    
12         2          0          23         134                5,36               8              0,32                     25         5          -- 8,00                    
14         5          0          20         90                 3,60               6              0,24                     25         5          ---- 20,00                 
15         5          0          20         90                 3,60               6              0,24                     25         5          ---- 20,00                 
17         3          0          22         60                 2,40               5              0,20                     25         5          --- 12,00                  
18         3          0          22         56                 2,24               4              0,16                     25         5          --- 12,00                  
20         2          0          23         190                7,60               10             0,40                     25         5          -- 8,00                    
21         2          0          23         166                6,64               9              0,36                     25         5          -- 8,00                    
22         3          0          22         279                11,16              12             0,48                     25         5          --- 12,00                  
23         2          0          23         190                7,60               10             0,40                     25         5          -- 8,00                    
24         5          0          20         660                26,40              28             1,12                     25         5          ---- 20,00                 
25         5          0          20         660                26,40              28             1,12                     25         5          ---- 20,00                 
27         5          0          20         611                24,44              26             1,04                     25         5          ---- 20,00                 
28         5          0          20         659                26,36              28             1,12                     25         5          ---- 20,00                 
31         2          0          23         189                7,56               10             0,40                     25         5          -- 8,00                    
32         2          0          23         189                7,56               10             0,40                     25         5          -- 8,00                    
33         2          0          23         292                11,68              14             0,56                     25         5          -- 8,00                    
34         2          0          23         165                6,60               9              0,36                     25         5          -- 8,00                    
35         2          0          23         292                11,68              14             0,56                     25         5          -- 8,00                    
36         5          0          20         878                35,12              45             1,80                     25         5          ---- 20,00                 
37         5          0          20         706                28,24              33             1,32                     25         5          ---- 20,00                 
39         5          0          20         907                36,28              47             1,88                     25         5          ---- 20,00                 
40         0          0          25         89                 3,56               6              0,24                     25         5           0,00                      
43         1          0          24         56                 2,24               4              0,16                     25         5          - 4,00                     
44         2          0          23         112                4,48               6              0,24                     25         5          -- 8,00                    
45         2          0          23         104                4,16               6              0,24                     25         5          -- 8,00                    
46         2          0          23         110                4,40               6              0,24                     25         5          -- 8,00                    
47         2          0          23         112                4,48               6              0,24                     25         5          -- 8,00                    
48         1          0          24         60                 2,40               5              0,20                     25         5          - 4,00                     
49         5          0          20         250                10,00              12             0,48                     25         5          ---- 20,00                 
50         1          0          24         57                 2,28               4              0,16                     25         5          - 4,00                     
51         5          0          20         230                9,20               10             0,40                     25         5          ---- 20,00                 
52         2          0          23         189                7,56               10             0,40                     25         5          -- 8,00                    
53         2          0          23         189                7,56               10             0,40                     25         5          -- 8,00                    
55         2          0          23         189                7,56               10             0,40                     25         5          -- 8,00                    
56         5          0          20         0                  0,00               0              0,00                     25         5          NaN                        
57         5          0          20         0                  0,00               0              0,00                     25         5          NaN                        
58         5          0          20         0                  0,00               0              0,00                     25         5          NaN                        
60         5          0          20         0                  0,00               0              0,00                     25         5          NaN                        
61         5          0          20         0                  0,00               0              0,00                     25         5          NaN                        
62         5          0          20         0                  0,00               0              0,00                     25         5          NaN                        
63         5          0          20         0                  0,00               0              0,00                     25         5          NaN                        
65         5          0          20         0                  0,00               0              0,00                     25         5          NaN                        
66         5          0          20         0                  0,00               0              0,00                     25         5          NaN                        
67         3          0          22         59                 2,36               5              0,20                     25         5          --- 12,00                  
68         3          0          22         56                 2,24               4              0,16                     25         5          --- 12,00                  
69         3          0          22         56                 2,24               4              0,16                     25         5          --- 12,00                  
71         3          0          22         60                 2,40               5              0,20                     25         5          --- 12,00                  
72         5          0          20         90                 3,60               6              0,24                     25         5          ---- 20,00                 
73         4          0          21         444                17,76              20             0,80                     25         5          ---- 16,00                 
74         4          0          21         466                18,64              22             0,88                     25         5          ---- 16,00                 
76         5          0          20         470                18,80              22             0,88                     25         5          ---- 20,00                 
77         5          0          20         90                 3,60               6              0,24                     25         5          ---- 20,00                 
78         2          0          23         112                4,48               6              0,24                     25         5          -- 8,00                    
79         2          0          23         88                 3,52               6              0,24                     25         5          -- 8,00                    
80         2          0          23         112                4,48               6              0,24                     25         5          -- 8,00                    
82         2          0          23         112                4,48               6              0,24                     25         5          -- 8,00                    
83         4          0          21         379                15,16              17             0,68                     25         5          ---- 16,00                 
84         5          0          20         222                8,88               10             0,40                     25         5          ---- 20,00                 
85         5          0          20         233                9,32               11             0,44                     25         5          ---- 20,00                 
87         5          0          20         88                 3,52               6              0,24                     25         5          ---- 20,00                 
88         5          0          20         104                4,16               6              0,24                     25         5          ---- 20,00                 
89         5          0          20         102                4,08               6              0,24                     25         5          ---- 20,00                 
91         5          0          20         165                6,60               9              0,36                     25         5          ---- 20,00                 
92         2          0          23         60                 2,40               5              0,20                     25         5          -- 8,00                    
93         5          0          20         165                6,60               9              0,36                     25         5          ---- 20,00                 
94         5          0          20         155                6,20               8              0,32                     25         5          ---- 20,00                 
96         5          0          20         0                  0,00               0              0,00                     25         5          NaN                        
97         5          0          20         0                  0,00               0              0,00                     25         5          NaN                        
98         5          0          20         0                  0,00               0              0,00                     25         5          NaN                        
100        5          0          20         0                  0,00               0              0,00                     25         5          NaN                        
101        5          0          20         0                  0,00               0              0,00                     25         5          NaN                        
102        5          0          20         155                6,20               8              0,32                     25         5          ---- 20,00                 
103        2          0          23         60                 2,40               5              0,20                     25         5          -- 8,00                    
105        5          0          20         155                6,20               8              0,32                     25         5          ---- 20,00                 
106        5          0          20         155                6,20               8              0,32                     25         5          ---- 20,00                 
109        2          0          23         60                 2,40               5              0,20                     25         5          -- 8,00                    
110        4          1          20         138                5,52               8              0,32                     25         5          ---- 16,00                 
111        5          0          20         140                5,60               8              0,32                     25         5          ---- 20,00                 
112        5          0          20         161                6,44               8              0,32                     25         5          ---- 20,00                 
113        5          0          20         159                6,36               8              0,32                     25         5          ---- 20,00                 
114        5          0          20         161                6,44               8              0,32                     25         5          ---- 20,00                 
115        5          0          20         495                19,80              24             0,96                     25         5          ---- 20,00                 
116        5          0          20         449                17,96              21             0,84                     25         5          ---- 20,00                 
118        4          0          21         428                17,12              19             0,76                     25         5          ---- 16,00                 
119        5          0          20         495                19,80              24             0,96                     25         5          ---- 20,00                 
122        1          0          24         141                5,64               8              0,32                     25         5          - 4,00                     
123        5          0          20         292                11,68              14             0,56                     25         5          ---- 20,00                 
124        3          0          22         227                9,08               10             0,40                     25         5          --- 12,00                  
125        3          0          22         200                8,00               10             0,40                     25         5          --- 12,00                  
126        5          0          20         330                13,20              16             0,64                     25         5          ---- 20,00                 
127        4          0          21         297                11,88              15             0,60                     25         5          ---- 16,00                 
128        2          0          23         60                 2,40               5              0,20                     25         5          -- 8,00                    
129        3          0          22         88                 3,52               6              0,24                     25         5          --- 12,00                  
131        2          0          23         60                 2,40               5              0,20                     25         5          -- 8,00                    
132        2          0          23         60                 2,40               5              0,20                     25         5          -- 8,00                    
133        0          0          25         330                13,20              16             0,64                     25         5           0,00                      
134        0          0          25         330                13,20              16             0,64                     25         5           0,00                      
136        0          0          25         61                 2,44               5              0,20                     25         5           0,00                      
137        0          0          25         290                11,60              13             0,52                     25         5           0,00                      
138        0          0          25         129                5,16               7              0,28                     25         5           0,00                      
139        5          0          20         1790               71,60              81             3,24                     25         5          ---- 20,00                 
140        5          0          20         1770               70,80              80             3,20                     25         5          ---- 20,00                 
142        0          0          25         129                5,16               7              0,28                     25         5           0,00                      
143        1          0          24         192                7,68               10             0,40                     25         5          - 4,00                     
144        3          0          22         279                11,16              12             0,48                     25         5          --- 12,00                  
145        5          0          20         1300               52,00              67             2,68                     25         5          ---- 20,00                 
146        5          0          20         1335               53,40              67             2,68                     25         5          ---- 20,00                 
148        3          0          22         279                11,16              12             0,48                     25         5          --- 12,00                  
149        2          0          23         189                7,56               10             0,40                     25         5          -- 8,00                    
150        5          0          20         658                26,32              28             1,12                     25         5          ---- 20,00                 
151        2          0          23         164                6,56               9              0,36                     25         5          -- 8,00                    
152        5          0          20         640                25,60              28             1,12                     25         5          ---- 20,00                 
153        0          0          25         0                  0,00               0              0,00                     25         5          NaN                        
154        0          0          25         0                  0,00               0              0,00                     25         5          NaN                        
156        0          0          25         0                  0,00               0              0,00                     25         5          NaN                        
