contains the data for build a graph for analysis.
Exploration Plus One
123 perturbation point
PONE : plus one perturbator
1 files of 100 chararacters
Random characters generated with 23 as seed
Perturbator IndexLoc   #Success   #Failure   #Exception #Call      #Perturtions   %Success                   
1           0          9          0          3          131        12             --------------- 75,00      
1           1          207        0          0          41280      198            -------------------- 100,00
1           2          207        0          0          41975      204            -------------------- 100,00
1           4          207        0          0          42154      209            -------------------- 100,00
1           5          207        0          0          41648      206            -------------------- 100,00
1           7          207        0          0          41999      208            -------------------- 100,00
1           8          207        0          0          41892      202            -------------------- 100,00
1           11         66         0          9          4447       71             ------------------ 88,00   
1           12         66         0          9          4444       70             ------------------ 88,00   
1           14         18         0          0          306        18             -------------------- 100,00
1           15         18         0          0          321        18             -------------------- 100,00
1           17         12         0          6          227        18             -------------- 66,67       
1           18         12         0          6          222        18             -------------- 66,67       
1           20         96         0          36         11926      130            --------------- 72,73      
1           21         96         0          36         12048      130            --------------- 72,73      
1           22         96         0          36         11749      131            --------------- 72,73      
1           23         15         0          35         2350       50             ------ 30,00               
1           24         102        0          0          13311      104            -------------------- 100,00
1           25         132        0          0          17174      132            -------------------- 100,00
1           27         132        0          0          16739      130            -------------------- 100,00
1           28         132        0          0          17116      132            -------------------- 100,00
1           31         96         0          36         11787      129            --------------- 72,73      
1           32         96         0          36         11813      133            --------------- 72,73      
1           33         114        0          18         14654      127            ------------------ 86,36   
1           34         96         0          36         11939      130            --------------- 72,73      
1           35         114        0          18         14767      130            ------------------ 86,36   
1           36         182        0          0          31578      173            -------------------- 100,00
1           37         168        0          6          29049      173            -------------------- 96,55 
1           39         182        0          0          31381      171            -------------------- 100,00
1           40         137        0          36         23621      171            ---------------- 79,19     
1           43         40         0          18         2218       55             -------------- 68,97       
1           44         32         0          18         1672       49             ------------- 64,00        
1           45         32         0          18         1666       48             ------------- 64,00        
1           46         32         0          18         1725       50             ------------- 64,00        
1           47         40         0          18         2227       48             -------------- 68,97       
1           48         32         0          18         1616       49             ------------- 64,00        
1           49         50         0          0          2376       45             -------------------- 100,00
1           50         24         0          18         1233       42             ------------ 57,14         
1           51         50         0          0          2384       42             -------------------- 100,00
1           52         96         0          36         11790      131            --------------- 72,73      
1           53         96         0          36         11728      132            --------------- 72,73      
1           55         16         0          116        2592       53             --- 12,12                  
1           56         0          0          0          0          0              NaN                        
1           57         0          0          0          0          0              NaN                        
1           58         0          0          0          0          0              NaN                        
1           60         0          0          0          0          0              NaN                        
1           61         0          0          0          0          0              NaN                        
1           62         0          0          0          0          0              NaN                        
1           63         0          0          0          0          0              NaN                        
1           65         0          0          0          0          0              NaN                        
1           66         0          0          0          0          0              NaN                        
1           67         0          0          0          0          0              NaN                        
1           68         0          0          0          0          0              NaN                        
1           69         0          0          0          0          0              NaN                        
1           71         0          0          0          0          0              NaN                        
1           72         0          0          0          0          0              NaN                        
1           73         0          0          0          0          0              NaN                        
1           74         0          0          0          0          0              NaN                        
1           76         0          0          0          0          0              NaN                        
1           77         0          0          0          0          0              NaN                        
1           78         0          0          0          0          0              NaN                        
1           79         0          0          0          0          0              NaN                        
1           80         0          0          0          0          0              NaN                        
1           82         0          0          0          0          0              NaN                        
1           83         0          0          0          0          0              NaN                        
1           84         0          0          0          0          0              NaN                        
1           85         0          0          0          0          0              NaN                        
1           87         0          0          0          0          0              NaN                        
1           88         0          0          0          0          0              NaN                        
1           89         0          0          0          0          0              NaN                        
1           91         0          0          0          0          0              NaN                        
1           92         0          0          0          0          0              NaN                        
1           93         0          0          0          0          0              NaN                        
1           94         0          0          0          0          0              NaN                        
1           96         0          0          0          0          0              NaN                        
1           97         0          0          0          0          0              NaN                        
1           98         0          0          0          0          0              NaN                        
1           100        0          0          0          0          0              NaN                        
1           101        0          0          0          0          0              NaN                        
1           102        0          0          0          0          0              NaN                        
1           103        0          0          0          0          0              NaN                        
1           105        0          0          0          0          0              NaN                        
1           106        0          0          0          0          0              NaN                        
1           109        0          0          0          0          0              NaN                        
1           110        0          0          0          0          0              NaN                        
1           111        0          0          0          0          0              NaN                        
1           112        0          0          0          0          0              NaN                        
1           113        0          0          0          0          0              NaN                        
1           114        0          0          0          0          0              NaN                        
1           115        0          0          0          0          0              NaN                        
1           116        0          0          0          0          0              NaN                        
1           118        0          0          0          0          0              NaN                        
1           119        0          0          0          0          0              NaN                        
1           122        0          0          0          0          0              NaN                        
1           123        0          0          0          0          0              NaN                        
1           124        0          0          0          0          0              NaN                        
1           125        0          0          0          0          0              NaN                        
1           126        0          0          0          0          0              NaN                        
1           127        0          0          0          0          0              NaN                        
1           128        0          0          0          0          0              NaN                        
1           129        0          0          0          0          0              NaN                        
1           131        0          0          0          0          0              NaN                        
1           132        0          0          0          0          0              NaN                        
1           133        0          0          0          0          0              NaN                        
1           134        0          0          0          0          0              NaN                        
1           136        0          0          0          0          0              NaN                        
1           137        0          0          0          0          0              NaN                        
1           138        0          0          0          0          0              NaN                        
1           139        0          0          0          0          0              NaN                        
1           140        0          0          0          0          0              NaN                        
1           142        0          0          0          0          0              NaN                        
1           143        0          0          0          0          0              NaN                        
1           144        0          0          0          0          0              NaN                        
1           145        0          0          0          0          0              NaN                        
1           146        0          0          0          0          0              NaN                        
1           148        0          0          0          0          0              NaN                        
1           149        0          0          0          0          0              NaN                        
1           150        0          0          0          0          0              NaN                        
1           151        0          0          0          0          0              NaN                        
1           152        0          0          0          0          0              NaN                        
1           153        0          0          0          0          0              NaN                        
1           154        0          0          0          0          0              NaN                        
1           156        0          0          0          0          0              NaN                        
