aggregate data per location for Perturbator = 1
Exploration Plus One
123 perturbation point
PONE : plus one perturbator
1 files of 100 chararacters
Random characters generated with 23 as seed
IndexLoc   #Success   #Failure   #Exception #CallAllExecs      AvgCallPerExec     #Perturbations AvgPerturbationPerExec   #Execs     #ExecsRef  AvgCallRefPerTask #Tasks     %Success                   
0          9          0          3          131                10,92              12             1,00                     12         12         12.0              1          --------------- 75,00      
1          207        0          0          41280              199,42             198            0,96                     207        207        207.0             1          -------------------- 100,00
2          207        0          0          41975              202,78             204            0,99                     207        207        207.0             1          -------------------- 100,00
4          207        0          0          42154              203,64             209            1,01                     207        207        207.0             1          -------------------- 100,00
5          207        0          0          41648              201,20             206            1,00                     207        207        207.0             1          -------------------- 100,00
7          207        0          0          41999              202,89             208            1,00                     207        207        207.0             1          -------------------- 100,00
8          207        0          0          41892              202,38             202            0,98                     207        207        207.0             1          -------------------- 100,00
11         66         0          9          4447               59,29              71             0,95                     75         75         75.0              1          ------------------ 88,00   
12         66         0          9          4444               59,25              70             0,93                     75         75         75.0              1          ------------------ 88,00   
14         18         0          0          306                17,00              18             1,00                     18         18         18.0              1          -------------------- 100,00
15         18         0          0          321                17,83              18             1,00                     18         18         18.0              1          -------------------- 100,00
17         12         0          6          227                12,61              18             1,00                     18         18         18.0              1          -------------- 66,67       
18         12         0          6          222                12,33              18             1,00                     18         18         18.0              1          -------------- 66,67       
20         96         0          36         11926              90,35              130            0,98                     132        132        132.0             1          --------------- 72,73      
21         96         0          36         12048              91,27              130            0,98                     132        132        132.0             1          --------------- 72,73      
22         96         0          36         11749              89,01              131            0,99                     132        132        132.0             1          --------------- 72,73      
23         15         0          35         2350               47,00              50             1,00                     50         50         50.0              1          ------ 30,00               
24         102        0          0          13311              130,50             104            1,02                     102        102        102.0             1          -------------------- 100,00
25         132        0          0          17174              130,11             132            1,00                     132        132        132.0             1          -------------------- 100,00
27         132        0          0          16739              126,81             130            0,98                     132        132        132.0             1          -------------------- 100,00
28         132        0          0          17116              129,67             132            1,00                     132        132        132.0             1          -------------------- 100,00
31         96         0          36         11787              89,30              129            0,98                     132        132        132.0             1          --------------- 72,73      
32         96         0          36         11813              89,49              133            1,01                     132        132        132.0             1          --------------- 72,73      
33         114        0          18         14654              111,02             127            0,96                     132        132        132.0             1          ------------------ 86,36   
34         96         0          36         11939              90,45              130            0,98                     132        132        132.0             1          --------------- 72,73      
35         114        0          18         14767              111,87             130            0,98                     132        132        132.0             1          ------------------ 86,36   
36         182        0          0          31578              173,51             173            0,95                     182        182        182.0             1          -------------------- 100,00
37         168        0          6          29049              166,95             173            0,99                     174        174        174.0             1          -------------------- 96,55 
39         182        0          0          31381              172,42             171            0,94                     182        182        182.0             1          -------------------- 100,00
40         137        0          36         23621              136,54             171            0,99                     173        173        173.0             1          ---------------- 79,19     
43         40         0          18         2218               38,24              55             0,95                     58         58         58.0              1          -------------- 68,97       
44         32         0          18         1672               33,44              49             0,98                     50         50         50.0              1          ------------- 64,00        
45         32         0          18         1666               33,32              48             0,96                     50         50         50.0              1          ------------- 64,00        
46         32         0          18         1725               34,50              50             1,00                     50         50         50.0              1          ------------- 64,00        
47         40         0          18         2227               38,40              48             0,83                     58         58         58.0              1          -------------- 68,97       
48         32         0          18         1616               32,32              49             0,98                     50         50         50.0              1          ------------- 64,00        
49         50         0          0          2376               47,52              45             0,90                     50         50         50.0              1          -------------------- 100,00
50         24         0          18         1233               29,36              42             1,00                     42         42         42.0              1          ------------ 57,14         
51         50         0          0          2384               47,68              42             0,84                     50         50         50.0              1          -------------------- 100,00
52         96         0          36         11790              89,32              131            0,99                     132        132        132.0             1          --------------- 72,73      
53         96         0          36         11728              88,85              132            1,00                     132        132        132.0             1          --------------- 72,73      
55         16         0          116        2592               19,64              53             0,40                     132        132        132.0             1          --- 12,12                  
56         0          0          0          0                  NaN                0              NaN                      0          0          0.0               1          NaN                        
57         0          0          0          0                  NaN                0              NaN                      0          0          0.0               1          NaN                        
58         0          0          0          0                  NaN                0              NaN                      0          0          0.0               1          NaN                        
60         0          0          0          0                  NaN                0              NaN                      0          0          0.0               1          NaN                        
61         0          0          0          0                  NaN                0              NaN                      0          0          0.0               1          NaN                        
62         0          0          0          0                  NaN                0              NaN                      0          0          0.0               1          NaN                        
63         0          0          0          0                  NaN                0              NaN                      0          0          0.0               1          NaN                        
65         0          0          0          0                  NaN                0              NaN                      0          0          0.0               1          NaN                        
66         0          0          0          0                  NaN                0              NaN                      0          0          0.0               1          NaN                        
67         0          0          0          0                  NaN                0              NaN                      0          0          0.0               1          NaN                        
68         0          0          0          0                  NaN                0              NaN                      0          0          0.0               1          NaN                        
69         0          0          0          0                  NaN                0              NaN                      0          0          0.0               1          NaN                        
71         0          0          0          0                  NaN                0              NaN                      0          0          0.0               1          NaN                        
72         0          0          0          0                  NaN                0              NaN                      0          0          0.0               1          NaN                        
73         0          0          0          0                  NaN                0              NaN                      0          0          0.0               1          NaN                        
74         0          0          0          0                  NaN                0              NaN                      0          0          0.0               1          NaN                        
76         0          0          0          0                  NaN                0              NaN                      0          0          0.0               1          NaN                        
77         0          0          0          0                  NaN                0              NaN                      0          0          0.0               1          NaN                        
78         0          0          0          0                  NaN                0              NaN                      0          0          0.0               1          NaN                        
79         0          0          0          0                  NaN                0              NaN                      0          0          0.0               1          NaN                        
80         0          0          0          0                  NaN                0              NaN                      0          0          0.0               1          NaN                        
82         0          0          0          0                  NaN                0              NaN                      0          0          0.0               1          NaN                        
83         0          0          0          0                  NaN                0              NaN                      0          0          0.0               1          NaN                        
84         0          0          0          0                  NaN                0              NaN                      0          0          0.0               1          NaN                        
85         0          0          0          0                  NaN                0              NaN                      0          0          0.0               1          NaN                        
87         0          0          0          0                  NaN                0              NaN                      0          0          0.0               1          NaN                        
88         0          0          0          0                  NaN                0              NaN                      0          0          0.0               1          NaN                        
89         0          0          0          0                  NaN                0              NaN                      0          0          0.0               1          NaN                        
91         0          0          0          0                  NaN                0              NaN                      0          0          0.0               1          NaN                        
92         0          0          0          0                  NaN                0              NaN                      0          0          0.0               1          NaN                        
93         0          0          0          0                  NaN                0              NaN                      0          0          0.0               1          NaN                        
94         0          0          0          0                  NaN                0              NaN                      0          0          0.0               1          NaN                        
96         0          0          0          0                  NaN                0              NaN                      0          0          0.0               1          NaN                        
97         0          0          0          0                  NaN                0              NaN                      0          0          0.0               1          NaN                        
98         0          0          0          0                  NaN                0              NaN                      0          0          0.0               1          NaN                        
100        0          0          0          0                  NaN                0              NaN                      0          0          0.0               1          NaN                        
101        0          0          0          0                  NaN                0              NaN                      0          0          0.0               1          NaN                        
102        0          0          0          0                  NaN                0              NaN                      0          0          0.0               1          NaN                        
103        0          0          0          0                  NaN                0              NaN                      0          0          0.0               1          NaN                        
105        0          0          0          0                  NaN                0              NaN                      0          0          0.0               1          NaN                        
106        0          0          0          0                  NaN                0              NaN                      0          0          0.0               1          NaN                        
109        0          0          0          0                  NaN                0              NaN                      0          0          0.0               1          NaN                        
110        0          0          0          0                  NaN                0              NaN                      0          0          0.0               1          NaN                        
111        0          0          0          0                  NaN                0              NaN                      0          0          0.0               1          NaN                        
112        0          0          0          0                  NaN                0              NaN                      0          0          0.0               1          NaN                        
113        0          0          0          0                  NaN                0              NaN                      0          0          0.0               1          NaN                        
114        0          0          0          0                  NaN                0              NaN                      0          0          0.0               1          NaN                        
115        0          0          0          0                  NaN                0              NaN                      0          0          0.0               1          NaN                        
116        0          0          0          0                  NaN                0              NaN                      0          0          0.0               1          NaN                        
118        0          0          0          0                  NaN                0              NaN                      0          0          0.0               1          NaN                        
119        0          0          0          0                  NaN                0              NaN                      0          0          0.0               1          NaN                        
122        0          0          0          0                  NaN                0              NaN                      0          0          0.0               1          NaN                        
123        0          0          0          0                  NaN                0              NaN                      0          0          0.0               1          NaN                        
124        0          0          0          0                  NaN                0              NaN                      0          0          0.0               1          NaN                        
125        0          0          0          0                  NaN                0              NaN                      0          0          0.0               1          NaN                        
126        0          0          0          0                  NaN                0              NaN                      0          0          0.0               1          NaN                        
127        0          0          0          0                  NaN                0              NaN                      0          0          0.0               1          NaN                        
128        0          0          0          0                  NaN                0              NaN                      0          0          0.0               1          NaN                        
129        0          0          0          0                  NaN                0              NaN                      0          0          0.0               1          NaN                        
131        0          0          0          0                  NaN                0              NaN                      0          0          0.0               1          NaN                        
132        0          0          0          0                  NaN                0              NaN                      0          0          0.0               1          NaN                        
133        0          0          0          0                  NaN                0              NaN                      0          0          0.0               1          NaN                        
134        0          0          0          0                  NaN                0              NaN                      0          0          0.0               1          NaN                        
136        0          0          0          0                  NaN                0              NaN                      0          0          0.0               1          NaN                        
137        0          0          0          0                  NaN                0              NaN                      0          0          0.0               1          NaN                        
138        0          0          0          0                  NaN                0              NaN                      0          0          0.0               1          NaN                        
139        0          0          0          0                  NaN                0              NaN                      0          0          0.0               1          NaN                        
140        0          0          0          0                  NaN                0              NaN                      0          0          0.0               1          NaN                        
142        0          0          0          0                  NaN                0              NaN                      0          0          0.0               1          NaN                        
143        0          0          0          0                  NaN                0              NaN                      0          0          0.0               1          NaN                        
144        0          0          0          0                  NaN                0              NaN                      0          0          0.0               1          NaN                        
145        0          0          0          0                  NaN                0              NaN                      0          0          0.0               1          NaN                        
146        0          0          0          0                  NaN                0              NaN                      0          0          0.0               1          NaN                        
148        0          0          0          0                  NaN                0              NaN                      0          0          0.0               1          NaN                        
149        0          0          0          0                  NaN                0              NaN                      0          0          0.0               1          NaN                        
150        0          0          0          0                  NaN                0              NaN                      0          0          0.0               1          NaN                        
151        0          0          0          0                  NaN                0              NaN                      0          0          0.0               1          NaN                        
152        0          0          0          0                  NaN                0              NaN                      0          0          0.0               1          NaN                        
153        0          0          0          0                  NaN                0              NaN                      0          0          0.0               1          NaN                        
154        0          0          0          0                  NaN                0              NaN                      0          0          0.0               1          NaN                        
156        0          0          0          0                  NaN                0              NaN                      0          0          0.0               1          NaN                        
