aggregate data per location for magnitude = 0.009
SERN
61 perturbation point
Random Enactor, seed :32
PONE : Numerical Perturbator
5 repetition for each location for each task
1 files of 100 chararacters
Random characters generated with 23 as seed
IndexLoc   #Success   #Failure   #Exception #CallAllExecs      AvgCallPerExec     #Perturbations AvgPerturbationPerExec   #Execs     #Tasks     %Success                   
0          5          0          0          75                 15.00              1              0.20                     5          1          -------------------- 100.00
1          5          0          0          984                196.80             6              1.20                     5          1          -------------------- 100.00
2          5          0          0          882                176.40             4              0.80                     5          1          -------------------- 100.00
4          5          0          0          984                196.80             6              1.20                     5          1          -------------------- 100.00
5          5          0          0          933                186.60             5              1.00                     5          1          -------------------- 100.00
7          5          0          0          933                186.60             5              1.00                     5          1          -------------------- 100.00
8          5          0          0          1035               207.00             6              1.20                     5          1          -------------------- 100.00
11         4          0          1          289                57.80              2              0.40                     5          1          ---------------- 80.00     
12         5          0          0          333                66.60              2              0.40                     5          1          -------------------- 100.00
14         5          0          0          90                 18.00              1              0.20                     5          1          -------------------- 100.00
15         5          0          0          84                 16.80              1              0.20                     5          1          -------------------- 100.00
17         5          0          0          84                 16.80              1              0.20                     5          1          -------------------- 100.00
18         4          0          1          78                 15.60              1              0.20                     5          1          ---------------- 80.00     
20         5          0          0          560                112.00             2              0.40                     5          1          -------------------- 100.00
21         4          0          1          554                110.80             2              0.40                     5          1          ---------------- 80.00     
22         5          0          0          565                113.00             2              0.40                     5          1          -------------------- 100.00
23         4          0          1          494                98.80              2              0.40                     5          1          ---------------- 80.00     
24         5          0          0          630                126.00             2              0.40                     5          1          -------------------- 100.00
25         5          0          0          595                119.00             2              0.40                     5          1          -------------------- 100.00
27         5          0          0          600                120.00             2              0.40                     5          1          -------------------- 100.00
28         5          0          0          570                114.00             2              0.40                     5          1          -------------------- 100.00
31         5          0          0          625                125.00             2              0.40                     5          1          -------------------- 100.00
32         5          0          0          619                123.80             2              0.40                     5          1          -------------------- 100.00
33         5          0          0          606                121.20             2              0.40                     5          1          -------------------- 100.00
34         4          0          1          553                110.60             2              0.40                     5          1          ---------------- 80.00     
35         5          0          0          570                114.00             2              0.40                     5          1          -------------------- 100.00
36         5          0          0          871                174.20             4              0.80                     5          1          -------------------- 100.00
37         5          0          0          840                168.00             4              0.80                     5          1          -------------------- 100.00
39         5          0          0          813                162.60             3              0.60                     5          1          -------------------- 100.00
40         5          0          0          792                158.40             3              0.60                     5          1          -------------------- 100.00
43         5          0          0          214                42.80              1              0.20                     5          1          -------------------- 100.00
44         4          0          1          204                40.80              1              0.20                     5          1          ---------------- 80.00     
45         4          0          1          231                46.20              1              0.20                     5          1          ---------------- 80.00     
46         5          0          0          201                40.20              1              0.20                     5          1          -------------------- 100.00
47         5          0          0          215                43.00              1              0.20                     5          1          -------------------- 100.00
48         4          0          1          201                40.20              1              0.20                     5          1          ---------------- 80.00     
49         5          0          0          252                50.40              1              0.20                     5          1          -------------------- 100.00
50         5          0          0          212                42.40              1              0.20                     5          1          -------------------- 100.00
51         5          0          0          234                46.80              1              0.20                     5          1          -------------------- 100.00
52         5          0          0          595                119.00             2              0.40                     5          1          -------------------- 100.00
53         4          0          1          523                104.60             2              0.40                     5          1          ---------------- 80.00     
55         5          0          0          523                104.60             2              0.40                     5          1          -------------------- 100.00
56         5          0          0          0                  0.00               0              0.00                     5          1          NaN                        
57         5          0          0          0                  0.00               0              0.00                     5          1          NaN                        
58         5          0          0          0                  0.00               0              0.00                     5          1          NaN                        
60         5          0          0          0                  0.00               0              0.00                     5          1          NaN                        
61         5          0          0          0                  0.00               0              0.00                     5          1          NaN                        
62         5          0          0          0                  0.00               0              0.00                     5          1          NaN                        
63         5          0          0          0                  0.00               0              0.00                     5          1          NaN                        
65         5          0          0          0                  0.00               0              0.00                     5          1          NaN                        
66         5          0          0          0                  0.00               0              0.00                     5          1          NaN                        
67         4          0          1          78                 15.60              1              0.20                     5          1          ---------------- 80.00     
68         5          0          0          84                 16.80              1              0.20                     5          1          -------------------- 100.00
69         5          0          0          84                 16.80              1              0.20                     5          1          -------------------- 100.00
71         5          0          0          84                 16.80              1              0.20                     5          1          -------------------- 100.00
72         5          0          0          84                 16.80              1              0.20                     5          1          -------------------- 100.00
73         5          0          0          484                96.80              2              0.40                     5          1          -------------------- 100.00
74         5          0          0          538                107.60             2              0.40                     5          1          -------------------- 100.00
76         5          0          0          432                86.40              2              0.40                     5          1          -------------------- 100.00
77         5          0          0          87                 17.40              1              0.20                     5          1          -------------------- 100.00
78         4          0          1          213                42.60              1              0.20                     5          1          ---------------- 80.00     
