aggregate data per location for random rate = 0.1 and with Perturbator = 1
Exploration Plus One
123 perturbation point
PONE : plus one perturbator
5 files of 3 chararacters
Random characters generated with 23 as seed
IndexLoc   #Success   #Failure   #Exception #CallAllExecs      AvgCallPerExec     #Perturbations AvgPerturbationPerExec   #Execs     #Tasks     %Success                   
0          3          0          22         47                 1,88               5              0,20                     25         5          --- 12,00                  
1          5          0          20         984                39,36              111            4,44                     25         5          ---- 20,00                 
2          5          0          20         1113               44,52              123            4,92                     25         5          ---- 20,00                 
4          5          0          20         1035               41,40              117            4,68                     25         5          ---- 20,00                 
5          5          0          20         970                38,80              110            4,40                     25         5          ---- 20,00                 
7          5          0          20         905                36,20              104            4,16                     25         5          ---- 20,00                 
8          5          0          20         984                39,36              111            4,44                     25         5          ---- 20,00                 
11         1          0          24         60                 2,40               10             0,40                     25         5          - 4,00                     
12         1          0          24         60                 2,40               10             0,40                     25         5          - 4,00                     
14         5          0          20         90                 3,60               13             0,52                     25         5          ---- 20,00                 
15         5          0          20         90                 3,60               13             0,52                     25         5          ---- 20,00                 
17         3          0          22         53                 2,12               8              0,32                     25         5          --- 12,00                  
18         3          0          22         53                 2,12               8              0,32                     25         5          --- 12,00                  
20         0          0          25         49                 1,96               6              0,24                     25         5           0,00                      
21         0          0          25         49                 1,96               6              0,24                     25         5           0,00                      
22         0          0          25         48                 1,92               6              0,24                     25         5           0,00                      
23         0          0          25         49                 1,96               6              0,24                     25         5           0,00                      
24         5          0          20         630                25,20              70             2,80                     25         5          ---- 20,00                 
25         5          0          20         598                23,92              64             2,56                     25         5          ---- 20,00                 
27         5          0          20         496                19,84              56             2,24                     25         5          ---- 20,00                 
28         5          0          20         660                26,40              70             2,80                     25         5          ---- 20,00                 
31         0          0          25         47                 1,88               5              0,20                     25         5           0,00                      
32         0          0          25         48                 1,92               6              0,24                     25         5           0,00                      
33         0          0          25         48                 1,92               6              0,24                     25         5           0,00                      
34         0          0          25         47                 1,88               5              0,20                     25         5           0,00                      
35         0          0          25         48                 1,92               6              0,24                     25         5           0,00                      
36         5          0          20         834                33,36              96             3,84                     25         5          ---- 20,00                 
37         0          0          25         100                4,00               14             0,56                     25         5           0,00                      
39         5          0          20         872                34,88              102            4,08                     25         5          ---- 20,00                 
40         0          0          25         61                 2,44               10             0,40                     25         5           0,00                      
43         1          0          24         56                 2,24               9              0,36                     25         5          - 4,00                     
44         1          0          24         53                 2,12               8              0,32                     25         5          - 4,00                     
45         1          0          24         52                 2,08               7              0,28                     25         5          - 4,00                     
46         1          0          24         53                 2,12               8              0,32                     25         5          - 4,00                     
47         1          0          24         52                 2,08               7              0,28                     25         5          - 4,00                     
48         1          0          24         53                 2,12               8              0,32                     25         5          - 4,00                     
49         5          0          20         250                10,00              27             1,08                     25         5          ---- 20,00                 
50         1          0          24         61                 2,44               10             0,40                     25         5          - 4,00                     
51         5          0          20         222                8,88               24             0,96                     25         5          ---- 20,00                 
52         0          0          25         47                 1,88               5              0,20                     25         5           0,00                      
53         0          0          25         47                 1,88               5              0,20                     25         5           0,00                      
55         0          0          25         48                 1,92               6              0,24                     25         5           0,00                      
56         5          0          20         0                  0,00               0              0,00                     25         5          NaN                        
57         5          0          20         0                  0,00               0              0,00                     25         5          NaN                        
58         5          0          20         0                  0,00               0              0,00                     25         5          NaN                        
60         5          0          20         0                  0,00               0              0,00                     25         5          NaN                        
61         5          0          20         0                  0,00               0              0,00                     25         5          NaN                        
62         5          0          20         0                  0,00               0              0,00                     25         5          NaN                        
63         5          0          20         0                  0,00               0              0,00                     25         5          NaN                        
65         5          0          20         0                  0,00               0              0,00                     25         5          NaN                        
66         5          0          20         0                  0,00               0              0,00                     25         5          NaN                        
67         3          0          22         53                 2,12               8              0,32                     25         5          --- 12,00                  
68         3          0          22         53                 2,12               8              0,32                     25         5          --- 12,00                  
69         3          0          22         52                 2,08               7              0,28                     25         5          --- 12,00                  
71         3          0          22         53                 2,12               8              0,32                     25         5          --- 12,00                  
72         5          0          20         81                 3,24               12             0,48                     25         5          ---- 20,00                 
73         2          0          23         256                10,24              28             1,12                     25         5          -- 8,00                    
74         3          0          22         342                13,68              41             1,64                     25         5          --- 12,00                  
76         3          0          22         271                10,84              30             1,20                     25         5          --- 12,00                  
77         4          0          21         75                 3,00               12             0,48                     25         5          ---- 16,00                 
78         2          0          23         56                 2,24               9              0,36                     25         5          -- 8,00                    
79         2          0          23         56                 2,24               9              0,36                     25         5          -- 8,00                    
80         2          0          23         56                 2,24               9              0,36                     25         5          -- 8,00                    
82         2          0          23         56                 2,24               9              0,36                     25         5          -- 8,00                    
83         4          1          20         267                10,68              29             1,16                     25         5          ---- 16,00                 
84         5          0          20         199                7,96               24             0,96                     25         5          ---- 20,00                 
85         4          0          21         149                5,96               20             0,80                     25         5          ---- 16,00                 
87         5          0          20         87                 3,48               12             0,48                     25         5          ---- 20,00                 
88         5          0          20         75                 3,00               12             0,48                     25         5          ---- 20,00                 
89         5          0          20         81                 3,24               12             0,48                     25         5          ---- 20,00                 
91         5          0          20         155                6,20               21             0,84                     25         5          ---- 20,00                 
92         2          0          23         51                 2,04               7              0,28                     25         5          -- 8,00                    
93         5          0          20         165                6,60               22             0,88                     25         5          ---- 20,00                 
94         5          0          20         155                6,20               21             0,84                     25         5          ---- 20,00                 
96         5          0          20         0                  0,00               0              0,00                     25         5          NaN                        
97         5          0          20         0                  0,00               0              0,00                     25         5          NaN                        
98         5          0          20         0                  0,00               0              0,00                     25         5          NaN                        
100        5          0          20         0                  0,00               0              0,00                     25         5          NaN                        
101        5          0          20         0                  0,00               0              0,00                     25         5          NaN                        
102        5          0          20         145                5,80               19             0,76                     25         5          ---- 20,00                 
103        2          0          23         60                 2,40               10             0,40                     25         5          -- 8,00                    
105        5          0          20         165                6,60               22             0,88                     25         5          ---- 20,00                 
106        5          0          20         145                5,80               19             0,76                     25         5          ---- 20,00                 
109        2          0          23         52                 2,08               7              0,28                     25         5          -- 8,00                    
110        5          0          20         134                5,36               17             0,68                     25         5          ---- 20,00                 
111        4          0          21         100                4,00               14             0,56                     25         5          ---- 16,00                 
112        5          0          20         137                5,48               18             0,72                     25         5          ---- 20,00                 
113        5          0          20         159                6,36               21             0,84                     25         5          ---- 20,00                 
114        5          0          20         137                5,48               18             0,72                     25         5          ---- 20,00                 
115        5          0          20         477                19,08              55             2,20                     25         5          ---- 20,00                 
116        5          0          20         480                19,20              55             2,20                     25         5          ---- 20,00                 
118        3          0          22         256                10,24              28             1,12                     25         5          --- 12,00                  
119        5          0          20         495                19,80              56             2,24                     25         5          ---- 20,00                 
122        0          0          25         64                 2,56               10             0,40                     25         5           0,00                      
123        4          0          21         259                10,36              28             1,12                     25         5          ---- 16,00                 
124        1          0          24         133                5,32               16             0,64                     25         5          - 4,00                     
125        2          0          23         153                6,12               21             0,84                     25         5          -- 8,00                    
126        2          0          23         234                9,36               25             1,00                     25         5          -- 8,00                    
127        5          0          20         306                12,24              37             1,48                     25         5          ---- 20,00                 
128        2          0          23         52                 2,08               7              0,28                     25         5          -- 8,00                    
129        2          0          23         56                 2,24               9              0,36                     25         5          -- 8,00                    
131        2          0          23         52                 2,08               7              0,28                     25         5          -- 8,00                    
132        2          0          23         52                 2,08               7              0,28                     25         5          -- 8,00                    
133        0          0          25         143                5,72               19             0,76                     25         5           0,00                      
134        0          0          25         143                5,72               19             0,76                     25         5           0,00                      
136        0          0          25         49                 1,96               6              0,24                     25         5           0,00                      
137        0          0          25         143                5,72               19             0,76                     25         5           0,00                      
138        0          0          25         56                 2,24               9              0,36                     25         5           0,00                      
139        5          0          20         1708               68,32              174            6,96                     25         5          ---- 20,00                 
140        5          0          20         1770               70,80              182            7,28                     25         5          ---- 20,00                 
142        0          0          25         56                 2,24               9              0,36                     25         5           0,00                      
143        2          0          23         204                8,16               24             0,96                     25         5          -- 8,00                    
144        0          0          25         47                 1,88               5              0,20                     25         5           0,00                      
145        5          0          20         1300               52,00              141            5,64                     25         5          ---- 20,00                 
146        5          0          20         1213               48,52              131            5,24                     25         5          ---- 20,00                 
148        0          0          25         47                 1,88               5              0,20                     25         5           0,00                      
149        0          0          25         47                 1,88               5              0,20                     25         5           0,00                      
150        5          0          20         743                29,72              83             3,32                     25         5          ---- 20,00                 
151        0          0          25         47                 1,88               5              0,20                     25         5           0,00                      
152        5          0          20         640                25,60              70             2,80                     25         5          ---- 20,00                 
153        0          0          25         0                  0,00               0              0,00                     25         5          NaN                        
154        0          0          25         0                  0,00               0              0,00                     25         5          NaN                        
156        0          0          25         0                  0,00               0              0,00                     25         5          NaN                        
