aggregate data per location for magnitude = 0.9
SERN
61 perturbation point
Random Enactor, seed :32
PONE : Numerical Perturbator
5 repetition for each location for each task
1 files of 100 chararacters
Random characters generated with 23 as seed
IndexLoc   #Success   #Failure   #Exception #CallAllExecs      AvgCallPerExec     #Perturbations AvgPerturbationPerExec   #Execs     #Tasks     %Success                   
0          0          0          5          5                  1.00               5              1.00                     5          1           0.00                      
1          5          0          0          984                196.80             883            176.60                   5          1          -------------------- 100.00
2          5          0          0          984                196.80             883            176.60                   5          1          -------------------- 100.00
4          5          0          0          933                186.60             836            167.20                   5          1          -------------------- 100.00
5          5          0          0          801                160.20             716            143.20                   5          1          -------------------- 100.00
7          5          0          0          515                103.00             460            92.00                    5          1          -------------------- 100.00
8          5          0          0          984                196.80             883            176.60                   5          1          -------------------- 100.00
11         0          0          5          10                 2.00               10             2.00                     5          1           0.00                      
12         0          0          5          10                 2.00               10             2.00                     5          1           0.00                      
14         5          0          0          87                 17.40              81             16.20                    5          1          -------------------- 100.00
15         5          0          0          81                 16.20              76             15.20                    5          1          -------------------- 100.00
17         0          0          5          5                  1.00               5              1.00                     5          1           0.00                      
18         0          0          5          5                  1.00               5              1.00                     5          1           0.00                      
20         0          0          5          15                 3.00               15             3.00                     5          1           0.00                      
21         0          0          5          15                 3.00               15             3.00                     5          1           0.00                      
22         0          0          5          5                  1.00               5              1.00                     5          1           0.00                      
23         0          0          5          15                 3.00               15             3.00                     5          1           0.00                      
24         5          0          0          600                120.00             537            107.40                   5          1          -------------------- 100.00
25         5          0          0          580                116.00             518            103.60                   5          1          -------------------- 100.00
27         5          0          0          301                60.20              271            54.20                    5          1          -------------------- 100.00
28         5          0          0          600                120.00             537            107.40                   5          1          -------------------- 100.00
31         0          0          5          5                  1.00               5              1.00                     5          1           0.00                      
32         0          0          5          5                  1.00               5              1.00                     5          1           0.00                      
33         0          0          5          15                 3.00               15             3.00                     5          1           0.00                      
34         0          0          5          5                  1.00               5              1.00                     5          1           0.00                      
35         0          0          5          15                 3.00               15             3.00                     5          1           0.00                      
36         5          0          0          785                157.00             703            140.60                   5          1          -------------------- 100.00
37         0          0          5          20                 4.00               20             4.00                     5          1           0.00                      
39         5          0          0          820                164.00             735            147.00                   5          1          -------------------- 100.00
40         0          0          5          10                 2.00               10             2.00                     5          1           0.00                      
43         0          0          5          5                  1.00               5              1.00                     5          1           0.00                      
44         0          0          5          5                  1.00               5              1.00                     5          1           0.00                      
45         0          0          5          5                  1.00               5              1.00                     5          1           0.00                      
46         0          0          5          5                  1.00               5              1.00                     5          1           0.00                      
47         0          0          5          5                  1.00               5              1.00                     5          1           0.00                      
48         0          0          5          5                  1.00               5              1.00                     5          1           0.00                      
49         5          0          0          225                45.00              203            40.60                    5          1          -------------------- 100.00
50         0          0          5          10                 2.00               10             2.00                     5          1           0.00                      
51         5          0          0          220                44.00              198            39.60                    5          1          -------------------- 100.00
52         0          0          5          5                  1.00               5              1.00                     5          1           0.00                      
53         0          0          5          5                  1.00               5              1.00                     5          1           0.00                      
55         0          0          5          10                 2.00               10             2.00                     5          1           0.00                      
56         5          0          0          0                  0.00               0              0.00                     5          1          NaN                        
57         5          0          0          0                  0.00               0              0.00                     5          1          NaN                        
58         5          0          0          0                  0.00               0              0.00                     5          1          NaN                        
60         5          0          0          0                  0.00               0              0.00                     5          1          NaN                        
61         5          0          0          0                  0.00               0              0.00                     5          1          NaN                        
62         5          0          0          0                  0.00               0              0.00                     5          1          NaN                        
63         5          0          0          0                  0.00               0              0.00                     5          1          NaN                        
65         5          0          0          0                  0.00               0              0.00                     5          1          NaN                        
66         5          0          0          0                  0.00               0              0.00                     5          1          NaN                        
67         0          0          5          5                  1.00               5              1.00                     5          1           0.00                      
68         0          0          5          5                  1.00               5              1.00                     5          1           0.00                      
69         0          0          5          5                  1.00               5              1.00                     5          1           0.00                      
71         0          0          5          5                  1.00               5              1.00                     5          1           0.00                      
72         5          0          0          87                 17.40              81             16.20                    5          1          -------------------- 100.00
73         0          0          5          45                 9.00               43             8.60                     5          1           0.00                      
74         0          0          5          45                 9.00               43             8.60                     5          1           0.00                      
76         0          0          5          35                 7.00               33             6.60                     5          1           0.00                      
77         0          0          5          5                  1.00               5              1.00                     5          1           0.00                      
78         0          0          5          5                  1.00               5              1.00                     5          1           0.00                      
