aggregate data per location for magnitude = 0.02
SERN
61 perturbation point
Random Enactor, seed :32
PONE : Numerical Perturbator
5 repetition for each location for each task
1 files of 100 chararacters
Random characters generated with 23 as seed
IndexLoc   #Success   #Failure   #Exception #CallAllExecs      AvgCallPerExec     #Perturbations AvgPerturbationPerExec   #Execs     #Tasks     %Success                   
0          5          0          0          70                 14.00              3              0.60                     5          1          -------------------- 100.00
1          5          0          0          1035               207.00             23             4.60                     5          1          -------------------- 100.00
2          5          0          0          933                186.60             21             4.20                     5          1          -------------------- 100.00
4          5          0          0          933                186.60             21             4.20                     5          1          -------------------- 100.00
5          5          0          0          933                186.60             21             4.20                     5          1          -------------------- 100.00
7          5          0          0          1035               207.00             23             4.60                     5          1          -------------------- 100.00
8          5          0          0          1035               207.00             23             4.60                     5          1          -------------------- 100.00
11         4          0          1          279                55.80              4              0.80                     5          1          ---------------- 80.00     
12         3          0          2          204                40.80              4              0.80                     5          1          ------------ 60.00         
14         5          0          0          84                 16.80              3              0.60                     5          1          -------------------- 100.00
15         5          0          0          84                 16.80              3              0.60                     5          1          -------------------- 100.00
17         5          0          0          78                 15.60              3              0.60                     5          1          -------------------- 100.00
18         3          0          2          60                 12.00              3              0.60                     5          1          ------------ 60.00         
20         3          0          2          298                59.60              7              1.40                     5          1          ------------ 60.00         
21         3          0          2          298                59.60              7              1.40                     5          1          ------------ 60.00         
22         3          0          2          292                58.40              6              1.20                     5          1          ------------ 60.00         
23         3          0          2          298                59.60              7              1.40                     5          1          ------------ 60.00         
24         5          0          0          600                120.00             10             2.00                     5          1          -------------------- 100.00
25         5          0          0          660                132.00             11             2.20                     5          1          -------------------- 100.00
27         5          0          0          605                121.00             10             2.00                     5          1          -------------------- 100.00
28         5          0          0          630                126.00             11             2.20                     5          1          -------------------- 100.00
31         4          0          1          409                81.80              9              1.80                     5          1          ---------------- 80.00     
32         4          0          1          377                75.40              8              1.60                     5          1          ---------------- 80.00     
33         5          0          0          576                115.20             10             2.00                     5          1          -------------------- 100.00
34         3          0          2          292                58.40              6              1.20                     5          1          ------------ 60.00         
35         2          0          3          298                59.60              7              1.40                     5          1          -------- 40.00             
36         5          0          0          869                173.80             19             3.80                     5          1          -------------------- 100.00
37         4          0          1          574                114.80             10             2.00                     5          1          ---------------- 80.00     
39         5          0          0          852                170.40             19             3.80                     5          1          -------------------- 100.00
40         2          0          3          325                65.00              7              1.40                     5          1          -------- 40.00             
43         2          0          3          110                22.00              3              0.60                     5          1          -------- 40.00             
44         2          0          3          129                25.80              4              0.80                     5          1          -------- 40.00             
45         4          0          1          201                40.20              4              0.80                     5          1          ---------------- 80.00     
46         3          0          2          183                36.60              4              0.80                     5          1          ------------ 60.00         
47         2          0          3          129                25.80              4              0.80                     5          1          -------- 40.00             
48         3          0          2          147                29.40              4              0.80                     5          1          ------------ 60.00         
49         5          0          0          243                48.60              4              0.80                     5          1          -------------------- 100.00
50         2          0          3          102                20.40              3              0.60                     5          1          -------- 40.00             
51         5          0          0          243                48.60              4              0.80                     5          1          -------------------- 100.00
52         3          0          2          297                59.40              7              1.40                     5          1          ------------ 60.00         
53         3          0          2          297                59.40              7              1.40                     5          1          ------------ 60.00         
55         3          0          2          293                58.60              6              1.20                     5          1          ------------ 60.00         
56         5          0          0          0                  0.00               0              0.00                     5          1          NaN                        
57         5          0          0          0                  0.00               0              0.00                     5          1          NaN                        
58         5          0          0          0                  0.00               0              0.00                     5          1          NaN                        
60         5          0          0          0                  0.00               0              0.00                     5          1          NaN                        
61         5          0          0          0                  0.00               0              0.00                     5          1          NaN                        
62         5          0          0          0                  0.00               0              0.00                     5          1          NaN                        
63         5          0          0          0                  0.00               0              0.00                     5          1          NaN                        
65         5          0          0          0                  0.00               0              0.00                     5          1          NaN                        
66         5          0          0          0                  0.00               0              0.00                     5          1          NaN                        
67         3          0          2          60                 12.00              3              0.60                     5          1          ------------ 60.00         
68         4          0          1          63                 12.60              3              0.60                     5          1          ---------------- 80.00     
69         3          0          2          60                 12.00              3              0.60                     5          1          ------------ 60.00         
71         3          0          2          60                 12.00              3              0.60                     5          1          ------------ 60.00         
72         5          0          0          84                 16.80              3              0.60                     5          1          -------------------- 100.00
73         5          0          0          538                107.60             10             2.00                     5          1          -------------------- 100.00
74         5          0          0          511                102.20             10             2.00                     5          1          -------------------- 100.00
76         5          0          0          406                81.20              8              1.60                     5          1          -------------------- 100.00
77         5          0          0          84                 16.80              3              0.60                     5          1          -------------------- 100.00
78         3          0          2          159                31.80              4              0.80                     5          1          ------------ 60.00         
