aggregate data per location for random rate = 0.3 and with Perturbator = 1
Exploration Plus One
123 perturbation point
PONE : plus one perturbator
5 files of 3 chararacters
Random characters generated with 23 as seed
IndexLoc   #Success   #Failure   #Exception #CallAllExecs      AvgCallPerExec     #Perturbations AvgPerturbationPerExec   #Execs     #Tasks     %Success                   
0          1          0          24         20                 0,80               6              0,24                     25         5          - 4,00                     
1          5          0          20         982                39,28              302            12,08                    25         5          ---- 20,00                 
2          5          0          20         984                39,36              304            12,16                    25         5          ---- 20,00                 
4          5          0          20         1035               41,40              320            12,80                    25         5          ---- 20,00                 
5          5          0          20         999                39,96              308            12,32                    25         5          ---- 20,00                 
7          5          0          20         714                28,56              229            9,16                     25         5          ---- 20,00                 
8          5          0          20         1035               41,40              321            12,84                    25         5          ---- 20,00                 
11         0          0          25         32                 1,28               9              0,36                     25         5           0,00                      
12         0          0          25         32                 1,28               9              0,36                     25         5           0,00                      
14         5          0          20         84                 3,36               28             1,12                     25         5          ---- 20,00                 
15         5          0          20         90                 3,60               30             1,20                     25         5          ---- 20,00                 
17         1          0          24         23                 0,92               8              0,32                     25         5          - 4,00                     
18         1          0          24         23                 0,92               8              0,32                     25         5          - 4,00                     
20         0          0          25         20                 0,80               6              0,24                     25         5           0,00                      
21         0          0          25         20                 0,80               6              0,24                     25         5           0,00                      
22         0          0          25         17                 0,68               5              0,20                     25         5           0,00                      
23         0          0          25         20                 0,80               6              0,24                     25         5           0,00                      
24         5          0          20         660                26,40              211            8,44                     25         5          ---- 20,00                 
25         5          0          20         655                26,20              209            8,36                     25         5          ---- 20,00                 
27         5          0          20         413                16,52              125            5,00                     25         5          ---- 20,00                 
28         5          0          20         630                25,20              198            7,92                     25         5          ---- 20,00                 
31         0          0          25         17                 0,68               5              0,20                     25         5           0,00                      
32         0          0          25         17                 0,68               5              0,20                     25         5           0,00                      
33         0          0          25         24                 0,96               8              0,32                     25         5           0,00                      
34         0          0          25         17                 0,68               5              0,20                     25         5           0,00                      
35         0          0          25         24                 0,96               8              0,32                     25         5           0,00                      
36         5          0          20         836                33,44              267            10,68                    25         5          ---- 20,00                 
37         0          0          25         64                 2,56               20             0,80                     25         5           0,00                      
39         5          0          20         896                35,84              284            11,36                    25         5          ---- 20,00                 
40         0          0          25         45                 1,80               12             0,48                     25         5           0,00                      
43         0          0          25         17                 0,68               5              0,20                     25         5           0,00                      
44         0          0          25         17                 0,68               5              0,20                     25         5           0,00                      
45         0          0          25         17                 0,68               5              0,20                     25         5           0,00                      
46         0          0          25         17                 0,68               5              0,20                     25         5           0,00                      
47         0          0          25         17                 0,68               5              0,20                     25         5           0,00                      
48         0          0          25         17                 0,68               5              0,20                     25         5           0,00                      
49         5          0          20         250                10,00              74             2,96                     25         5          ---- 20,00                 
50         0          0          25         21                 0,84               7              0,28                     25         5           0,00                      
51         5          0          20         220                8,80               65             2,60                     25         5          ---- 20,00                 
52         0          0          25         17                 0,68               5              0,20                     25         5           0,00                      
53         0          0          25         17                 0,68               5              0,20                     25         5           0,00                      
55         0          0          25         20                 0,80               6              0,24                     25         5           0,00                      
56         5          0          20         0                  0,00               0              0,00                     25         5          NaN                        
57         5          0          20         0                  0,00               0              0,00                     25         5          NaN                        
58         5          0          20         0                  0,00               0              0,00                     25         5          NaN                        
60         5          0          20         0                  0,00               0              0,00                     25         5          NaN                        
61         5          0          20         0                  0,00               0              0,00                     25         5          NaN                        
62         5          0          20         0                  0,00               0              0,00                     25         5          NaN                        
63         5          0          20         0                  0,00               0              0,00                     25         5          NaN                        
65         5          0          20         0                  0,00               0              0,00                     25         5          NaN                        
66         5          0          20         0                  0,00               0              0,00                     25         5          NaN                        
67         1          0          24         23                 0,92               8              0,32                     25         5          - 4,00                     
68         1          0          24         23                 0,92               8              0,32                     25         5          - 4,00                     
69         1          0          24         23                 0,92               8              0,32                     25         5          - 4,00                     
71         1          0          24         23                 0,92               8              0,32                     25         5          - 4,00                     
72         5          0          20         90                 3,60               30             1,20                     25         5          ---- 20,00                 
73         0          0          25         80                 3,20               27             1,08                     25         5           0,00                      
74         0          0          25         80                 3,20               27             1,08                     25         5           0,00                      
76         0          0          25         77                 3,08               25             1,00                     25         5           0,00                      
77         2          0          23         45                 1,80               12             0,48                     25         5          -- 8,00                    
78         0          0          25         17                 0,68               5              0,20                     25         5           0,00                      
79         0          0          25         17                 0,68               5              0,20                     25         5           0,00                      
80         0          0          25         17                 0,68               5              0,20                     25         5           0,00                      
82         0          0          25         17                 0,68               5              0,20                     25         5           0,00                      
83         1          2          22         435                17,40              134            5,36                     25         5          - 4,00                     
84         5          0          20         133                5,32               39             1,56                     25         5          ---- 20,00                 
85         3          0          22         84                 3,36               28             1,12                     25         5          --- 12,00                  
87         5          0          20         53                 2,12               17             0,68                     25         5          ---- 20,00                 
88         5          0          20         53                 2,12               17             0,68                     25         5          ---- 20,00                 
89         5          0          20         50                 2,00               15             0,60                     25         5          ---- 20,00                 
91         5          0          20         145                5,80               44             1,76                     25         5          ---- 20,00                 
92         0          0          25         17                 0,68               5              0,20                     25         5           0,00                      
93         5          0          20         153                6,12               49             1,96                     25         5          ---- 20,00                 
94         5          0          20         146                5,84               45             1,80                     25         5          ---- 20,00                 
96         5          0          20         0                  0,00               0              0,00                     25         5          NaN                        
97         5          0          20         0                  0,00               0              0,00                     25         5          NaN                        
98         5          0          20         0                  0,00               0              0,00                     25         5          NaN                        
100        5          0          20         0                  0,00               0              0,00                     25         5          NaN                        
101        5          0          20         0                  0,00               0              0,00                     25         5          NaN                        
102        5          0          20         155                6,20               49             1,96                     25         5          ---- 20,00                 
103        2          0          23         60                 2,40               19             0,76                     25         5          -- 8,00                    
105        5          0          20         139                5,56               43             1,72                     25         5          ---- 20,00                 
106        5          0          20         145                5,80               44             1,76                     25         5          ---- 20,00                 
109        0          0          25         17                 0,68               5              0,20                     25         5           0,00                      
110        4          0          21         195                7,80               55             2,20                     25         5          ---- 16,00                 
111        2          0          23         60                 2,40               19             0,76                     25         5          -- 8,00                    
112        5          0          20         133                5,32               39             1,56                     25         5          ---- 20,00                 
113        5          0          20         141                5,64               43             1,72                     25         5          ---- 20,00                 
114        5          0          20         131                5,24               38             1,52                     25         5          ---- 20,00                 
115        5          0          20         485                19,40              160            6,40                     25         5          ---- 20,00                 
116        2          0          23         250                10,00              74             2,96                     25         5          -- 8,00                    
118        1          0          24         158                6,32               50             2,00                     25         5          - 4,00                     
119        5          0          20         487                19,48              161            6,44                     25         5          ---- 20,00                 
122        0          0          25         45                 1,80               12             0,48                     25         5           0,00                      
123        3          0          22         206                8,24               60             2,40                     25         5          --- 12,00                  
124        0          0          25         65                 2,60               21             0,84                     25         5           0,00                      
125        3          0          22         208                8,32               62             2,48                     25         5          --- 12,00                  
126        2          0          23         206                8,24               60             2,40                     25         5          -- 8,00                    
127        3          0          22         208                8,32               62             2,48                     25         5          --- 12,00                  
128        0          0          25         17                 0,68               5              0,20                     25         5           0,00                      
129        0          0          25         17                 0,68               5              0,20                     25         5           0,00                      
131        0          0          25         17                 0,68               5              0,20                     25         5           0,00                      
132        0          0          25         17                 0,68               5              0,20                     25         5           0,00                      
133        0          0          25         48                 1,92               14             0,56                     25         5           0,00                      
134        0          0          25         48                 1,92               14             0,56                     25         5           0,00                      
136        0          0          25         22                 0,88               7              0,28                     25         5           0,00                      
137        0          0          25         52                 2,08               16             0,64                     25         5           0,00                      
138        0          0          25         48                 1,92               14             0,56                     25         5           0,00                      
139        5          0          20         1770               70,80              512            20,48                    25         5          ---- 20,00                 
140        5          0          20         1770               70,80              512            20,48                    25         5          ---- 20,00                 
142        0          0          25         48                 1,92               14             0,56                     25         5           0,00                      
143        0          0          25         72                 2,88               23             0,92                     25         5           0,00                      
144        0          0          25         17                 0,68               5              0,20                     25         5           0,00                      
145        5          0          20         1300               52,00              381            15,24                    25         5          ---- 20,00                 
146        5          0          20         1557               62,28              454            18,16                    25         5          ---- 20,00                 
148        0          0          25         17                 0,68               5              0,20                     25         5           0,00                      
149        0          0          25         17                 0,68               5              0,20                     25         5           0,00                      
150        5          0          20         941                37,64              295            11,80                    25         5          ---- 20,00                 
151        0          0          25         17                 0,68               5              0,20                     25         5           0,00                      
152        5          0          20         610                24,40              191            7,64                     25         5          ---- 20,00                 
153        0          0          25         0                  0,00               0              0,00                     25         5          NaN                        
154        0          0          25         0                  0,00               0              0,00                     25         5          NaN                        
156        0          0          25         0                  0,00               0              0,00                     25         5          NaN                        
