aggregate data per location for magnitude = 10
SEPM
11 perturbation point
N Execution Enactor
PMAG : Numerical Perturbator
100 arrays of 200 integers
Random integer generated with 23 as seed
IndexLoc   #Success   #Failure   #Exception #CallAllExecs      AvgCallPerExec     #Perturbations AvgPerturbationPerExec   #Execs     #ExecsRef  #Tasks     %Success                   
1          3229       0          16771      2384616            119.23             20000          1.00                     20000      20000      100        ---- 16.15                 
2          20000      0          0          4020000            201.00             20000          1.00                     20000      20000      100        -------------------- 100.00
3          176596     0          0          313813400          1777.01            176596         1.00                     176596     176596     100        -------------------- 100.00
4          98918      77678      0          313211842          1773.61            176596         1.00                     176596     176596     100        ------------ 56.01         
5          97678      78918      0          313695545          1776.35            176596         1.00                     176596     176596     100        ------------ 55.31         
7          0          77678      0          61607022           793.11             77678          1.00                     77678      77678      100         0.00                      
8          98918      0          0          99141440           1002.26            98918          1.00                     98918      98918      100        -------------------- 100.00
9          98918      0          0          99240358           1003.26            98918          1.00                     98918      98918      100        -------------------- 100.00
10         30000      68918      0          98841850           999.23             98918          1.00                     98918      98918      100        ------- 30.33              
12         0          78918      0          63574240           805.57             78918          1.00                     78918      78918      100         0.00                      
13         0          20000      0          4000000            200.00             20000          1.00                     20000      20000      100         0.00                      
