contains the data for the random rates analysis graph with Perturbator as perturbator.
Exploration Boolean Negation
NEGB : negation of boolean value.
random rate : 0.001 0.005 0.01 0.05 0.1 0.15 0.2 0.25 0.3 
5 repetition
25 arrays of 100 integers
Random integer generated with 23 as seed
6 perturbations points
RandomRate Perturbator IndexLoc   #Success   #Failure   #Exception #Call      #Perturbation  %Success                   
0.0        None        12         25         0          0          7906       0              -------------------- 100,00
0.001      NEGB        12         125        0          0          40245      42             -------------------- 100,00
0.005      NEGB        12         125        0          0          44885      221            -------------------- 100,00
0.01       NEGB        12         125        0          0          49530      511            -------------------- 100,00
0.05       NEGB        12         125        0          0          121941     6059           -------------------- 100,00
0.1        NEGB        12         125        0          0          326593     32638          -------------------- 100,00
0.15       NEGB        12         125        0          0          954643     143274         -------------------- 100,00
0.2        NEGB        12         125        0          0          3345542    669413         -------------------- 100,00
0.25       NEGB        12         125        0          0          17334826   4333024        -------------------- 100,00
0.3        NEGB        12         125        0          0          160674384  48200305       -------------------- 100,00
0.0        None        16         25         0          0          9179       0              -------------------- 100,00
0.001      NEGB        16         104        21         0          45791      50             ----------------- 83,20    
0.005      NEGB        16         49         76         0          45990      226            -------- 39,20             
0.01       NEGB        16         25         100        0          45467      473            ---- 20,00                 
0.05       NEGB        16         0          124        1          46993      2368            0,00                      
0.1        NEGB        16         0          123        2          47362      4745            0,00                      
0.15       NEGB        16         0          121        4          47667      7154            0,00                      
0.2        NEGB        16         0          121        4          48557      9674            0,00                      
0.25       NEGB        16         0          113        12         49323      12329           0,00                      
0.3        NEGB        16         0          104        21         49900      15051           0,00                      
0.0        None        21         25         0          0          8983       0              -------------------- 100,00
0.001      NEGB        21         107        18         0          44955      50             ------------------ 85,60   
0.005      NEGB        21         57         68         0          45355      222            ---------- 45,60           
0.01       NEGB        21         17         108        0          45233      469            --- 13,60                  
0.05       NEGB        21         0          125        0          46520      2343            0,00                      
0.1        NEGB        21         0          124        1          46336      4639            0,00                      
0.15       NEGB        21         0          123        2          47664      7154            0,00                      
0.2        NEGB        21         0          114        11         45704      9119            0,00                      
0.25       NEGB        21         0          113        12         45541      11372           0,00                      
0.3        NEGB        21         0          108        17         44261      13326           0,00                      
0.0        None        25         25         0          0          6005       0              -------------------- 100,00
0.001      NEGB        25         124        1          0          30055      33             -------------------- 99,20 
0.005      NEGB        25         116        9          0          30150      158            ------------------- 92,80  
0.01       NEGB        25         123        2          0          30325      309            -------------------- 98,40 
0.05       NEGB        25         84         41         0          31347      1577           -------------- 67,20       
0.1        NEGB        25         58         67         0          32862      3268           ---------- 46,40           
0.15       NEGB        25         44         81         0          34609      5170           -------- 35,20             
0.2        NEGB        25         24         101        0          36280      7201           ---- 19,20                 
0.25       NEGB        25         17         108        0          38378      9576           --- 13,60                  
0.3        NEGB        25         10         115        0          40952      12303          -- 8,00                    
0.0        None        32         25         0          0          1901       0              -------------------- 100,00
0.001      NEGB        32         124        1          0          9503       11             -------------------- 99,20 
0.005      NEGB        32         119        6          0          9433       44             -------------------- 95,20 
0.01       NEGB        32         109        16         0          9244       95             ------------------ 87,20   
0.05       NEGB        32         60         65         0          8587       402            ---------- 48,00           
0.1        NEGB        32         28         97         0          7736       785            ----- 22,40                
0.15       NEGB        32         13         112        0          6620       1024           --- 10,40                  
0.2        NEGB        32         10         115        0          6076       1224           -- 8,00                    
0.25       NEGB        32         1          124        0          5098       1283           - 0,80                     
0.3        NEGB        32         0          125        0          4965       1501            0,00                      
0.0        None        37         25         0          0          1901       0              -------------------- 100,00
0.001      NEGB        37         123        2          0          9494       11             -------------------- 98,40 
0.005      NEGB        37         118        7          0          9441       44             ------------------- 94,40  
0.01       NEGB        37         111        14         0          9341       96             ------------------ 88,80   
0.05       NEGB        37         68         57         0          8796       417            ----------- 54,40          
0.1        NEGB        37         37         87         1          7741       787            ------ 29,60               
0.15       NEGB        37         16         107        2          6920       1063           --- 12,80                  
0.2        NEGB        37         7          116        2          6324       1271           -- 5,60                    
0.25       NEGB        37         3          116        6          5992       1492           - 2,40                     
0.3        NEGB        37         0          123        2          5107       1537            0,00                      
