detail per task and per random rate.
SERN
random Rates : 0.001 0.005 0.009 0.01 0.05 0.09 0.1 0.5 0.9 
3 perturbation point
5 repetition of each point of each task
INV : Boolean Perturbator, Random Enactor, seed :32
20 arrays of 100 integers
Random integer generated with 23 as seed
Task       RandomRate IndexLoc   #Success   #Failure   #Exception #Call      #Perturbation  %Success                   
0          0.001      0          5          0          0          1005       0              NaN                        
0          0.005      0          3          0          2          840        2              ------------ 60,00         
0          0.009      0          3          0          2          777        3              ------------ 60,00         
0          0.01       0          3          0          2          777        3              ------------ 60,00         
0          0.05       0          0          1          4          189        10              0,00                      
0          0.09       0          0          1          4          114        13              0,00                      
0          0.1        0          0          1          4          100        14              0,00                      
0          0.5        0          0          4          1          18         9               0,00                      
0          0.9        0          0          5          0          5          5               0,00                      
0          0.001      6          3          2          0          3438       2              ------------ 60,00         
0          0.005      6          0          5          0          3389       15              0,00                      
0          0.009      6          0          5          0          3353       28              0,00                      
0          0.01       6          0          5          0          3369       30              0,00                      
0          0.05       6          0          5          0          3140       147             0,00                      
0          0.09       6          0          5          0          2855       262             0,00                      
0          0.1        6          0          5          0          2871       292             0,00                      
0          0.5        6          0          5          0          1858       924             0,00                      
0          0.9        6          0          5          0          4961       4473            0,00                      
0          0.001      11         5          0          0          2011       1              -------------------- 100,00
0          0.005      11         1          4          0          2024       9              ---- 20,00                 
0          0.009      11         1          4          0          2008       17             ---- 20,00                 
0          0.01       11         1          4          0          1995       19             ---- 20,00                 
0          0.05       11         0          5          0          1845       83              0,00                      
0          0.09       11         0          5          0          1753       157             0,00                      
0          0.1        11         0          5          0          1794       184             0,00                      
0          0.5        11         0          5          0          929        490             0,00                      
0          0.9        11         0          5          0          839        753             0,00                      
1          0.001      0          4          0          1          868        1              ---------------- 80,00     
1          0.005      0          2          0          3          597        4              -------- 40,00             
1          0.009      0          0          0          5          461        7               0,00                      
1          0.01       0          0          0          5          461        7               0,00                      
1          0.05       0          0          1          4          287        13              0,00                      
1          0.09       0          0          1          4          162        14              0,00                      
1          0.1        0          0          1          4          193        22              0,00                      
1          0.5        0          0          2          3          30         12              0,00                      
1          0.9        0          0          5          0          5          5               0,00                      
1          0.001      6          2          3          0          3919       4              -------- 40,00             
1          0.005      6          0          5          0          3866       19              0,00                      
1          0.009      6          0          5          0          3740       37              0,00                      
1          0.01       6          0          5          0          3719       43              0,00                      
1          0.05       6          0          5          0          3434       162             0,00                      
1          0.09       6          0          5          0          3047       277             0,00                      
1          0.1        6          0          5          0          3041       301             0,00                      
1          0.5        6          0          5          0          1717       843             0,00                      
1          0.9        6          0          5          0          3606       3226            0,00                      
1          0.001      11         4          1          0          1921       1              ---------------- 80,00     
1          0.005      11         1          4          0          1905       7              ---- 20,00                 
1          0.009      11         1          4          0          1910       17             ---- 20,00                 
1          0.01       11         1          4          0          1949       21             ---- 20,00                 
1          0.05       11         0          5          0          1859       95              0,00                      
1          0.09       11         0          5          0          1764       170             0,00                      
1          0.1        11         0          5          0          1703       176             0,00                      
1          0.5        11         0          5          0          987        461             0,00                      
1          0.9        11         0          5          0          1059       950             0,00                      
2          0.001      0          5          0          0          1003       1              -------------------- 100,00
2          0.005      0          0          1          4          738        5               0,00                      
2          0.009      0          1          0          4          545        5              ---- 20,00                 
2          0.01       0          1          0          4          545        5              ---- 20,00                 
2          0.05       0          0          0          5          238        11              0,00                      
2          0.09       0          0          0          5          120        14              0,00                      
2          0.1        0          0          0          5          177        17              0,00                      
2          0.5        0          0          4          1          21         11              0,00                      
2          0.9        0          0          5          0          5          5               0,00                      
2          0.001      6          2          3          0          3571       7              -------- 40,00             
2          0.005      6          0          5          0          3512       17              0,00                      
2          0.009      6          0          5          0          3516       35              0,00                      
2          0.01       6          0          5          0          3467       37              0,00                      
2          0.05       6          0          5          0          3239       160             0,00                      
2          0.09       6          0          5          0          2971       273             0,00                      
2          0.1        6          0          5          0          2815       304             0,00                      
2          0.5        6          0          5          0          1436       748             0,00                      
2          0.9        6          0          5          0          2077       1890            0,00                      
2          0.001      11         4          1          0          1921       2              ---------------- 80,00     
2          0.005      11         3          2          0          1936       11             ------------ 60,00         
2          0.009      11         1          4          0          1906       19             ---- 20,00                 
2          0.01       11         0          5          0          1890       21              0,00                      
2          0.05       11         0          5          0          1833       82              0,00                      
2          0.09       11         0          5          0          1659       157             0,00                      
2          0.1        11         0          5          0          1686       171             0,00                      
2          0.5        11         0          5          0          999        487             0,00                      
2          0.9        11         0          5          0          913        823             0,00                      
3          0.001      0          5          0          0          1005       0              NaN                        
3          0.005      0          2          0          3          820        3              -------- 40,00             
3          0.009      0          0          1          4          477        7               0,00                      
3          0.01       0          0          1          4          477        9               0,00                      
3          0.05       0          0          1          4          213        14              0,00                      
3          0.09       0          0          0          5          179        14              0,00                      
3          0.1        0          0          1          4          151        15              0,00                      
3          0.5        0          0          5          0          9          7               0,00                      
3          0.9        0          0          5          0          5          5               0,00                      
3          0.001      6          4          1          0          3905       2              ---------------- 80,00     
3          0.005      6          0          5          0          3849       19              0,00                      
3          0.009      6          0          5          0          3794       32              0,00                      
3          0.01       6          0          5          0          3837       36              0,00                      
3          0.05       6          0          5          0          3319       171             0,00                      
3          0.09       6          0          5          0          2958       266             0,00                      
3          0.1        6          0          5          0          3041       296             0,00                      
3          0.5        6          0          5          0          1299       621             0,00                      
3          0.9        6          0          5          0          1107       1001            0,00                      
3          0.001      11         4          1          0          1844       2              ---------------- 80,00     
3          0.005      11         2          3          0          1835       7              -------- 40,00             
3          0.009      11         2          3          0          1844       13             -------- 40,00             
3          0.01       11         1          4          0          1832       13             ---- 20,00                 
3          0.05       11         0          5          0          1768       76              0,00                      
3          0.09       11         0          5          0          1716       140             0,00                      
3          0.1        11         0          5          0          1648       155             0,00                      
3          0.5        11         0          5          0          961        489             0,00                      
3          0.9        11         0          5          0          919        832             0,00                      
4          0.001      0          4          0          1          889        2              ---------------- 80,00     
4          0.005      0          3          0          2          711        2              ------------ 60,00         
4          0.009      0          2          1          2          735        4              -------- 40,00             
4          0.01       0          2          1          2          735        4              -------- 40,00             
4          0.05       0          0          1          4          200        9               0,00                      
4          0.09       0          0          1          4          102        10              0,00                      
4          0.1        0          0          2          3          83         10              0,00                      
4          0.5        0          0          5          0          13         9               0,00                      
4          0.9        0          0          5          0          5          5               0,00                      
4          0.001      6          2          3          0          3774       3              -------- 40,00             
4          0.005      6          0          5          0          3731       19              0,00                      
4          0.009      6          0          5          0          3736       33              0,00                      
4          0.01       6          0          5          0          3692       35              0,00                      
4          0.05       6          0          5          0          3463       154             0,00                      
4          0.09       6          0          5          0          3128       269             0,00                      
4          0.1        6          0          5          0          3017       297             0,00                      
4          0.5        6          0          5          0          1191       611             0,00                      
4          0.9        6          0          5          0          933        842             0,00                      
4          0.001      11         3          2          0          1995       5              ------------ 60,00         
4          0.005      11         1          4          0          1988       11             ---- 20,00                 
4          0.009      11         0          5          0          2009       23              0,00                      
4          0.01       11         0          5          0          1952       24              0,00                      
4          0.05       11         0          5          0          1920       104             0,00                      
4          0.09       11         0          5          0          1803       173             0,00                      
4          0.1        11         0          5          0          1712       188             0,00                      
4          0.5        11         0          5          0          988        517             0,00                      
4          0.9        11         0          5          0          795        722             0,00                      
5          0.001      0          5          0          0          1005       0              NaN                        
5          0.005      0          1          1          3          811        6              ---- 20,00                 
5          0.009      0          1          0          4          468        5              ---- 20,00                 
5          0.01       0          2          0          3          667        8              -------- 40,00             
5          0.05       0          0          1          4          252        11              0,00                      
5          0.09       0          0          1          4          131        19              0,00                      
5          0.1        0          0          2          3          93         15              0,00                      
5          0.5        0          0          4          1          25         12              0,00                      
5          0.9        0          0          5          0          9          7               0,00                      
5          0.001      6          2          3          0          3469       6              -------- 40,00             
5          0.005      6          0          5          0          3457       19              0,00                      
5          0.009      6          0          5          0          3387       27              0,00                      
5          0.01       6          0          5          0          3406       34              0,00                      
5          0.05       6          0          5          0          3058       162             0,00                      
5          0.09       6          0          5          0          2888       238             0,00                      
5          0.1        6          0          5          0          2770       254             0,00                      
5          0.5        6          0          5          0          1361       715             0,00                      
5          0.9        6          0          5          0          1934       1741            0,00                      
5          0.001      11         3          2          0          1630       3              ------------ 60,00         
5          0.005      11         2          3          0          1618       8              -------- 40,00             
5          0.009      11         0          5          0          1617       16              0,00                      
5          0.01       11         0          5          0          1639       16              0,00                      
5          0.05       11         0          5          0          1660       80              0,00                      
5          0.09       11         0          5          0          1551       137             0,00                      
5          0.1        11         0          5          0          1542       146             0,00                      
5          0.5        11         0          5          0          995        470             0,00                      
5          0.9        11         0          5          0          981        880             0,00                      
6          0.001      0          4          1          0          989        2              ---------------- 80,00     
6          0.005      0          3          2          0          973        5              ------------ 60,00         
6          0.009      0          1          1          3          546        5              ---- 20,00                 
6          0.01       0          0          1          4          516        8               0,00                      
6          0.05       0          1          0          4          331        9              ---- 20,00                 
6          0.09       0          0          0          5          119        12              0,00                      
6          0.1        0          0          0          5          85         10              0,00                      
6          0.5        0          0          3          2          12         6               0,00                      
6          0.9        0          0          5          0          5          5               0,00                      
6          0.001      6          3          2          0          3804       4              ------------ 60,00         
6          0.005      6          0          5          0          3752       21              0,00                      
6          0.009      6          0          5          0          3788       39              0,00                      
6          0.01       6          0          5          0          3777       39              0,00                      
6          0.05       6          0          5          0          3358       173             0,00                      
6          0.09       6          0          5          0          3215       286             0,00                      
6          0.1        6          0          5          0          3076       307             0,00                      
6          0.5        6          0          5          0          2492       1282            0,00                      
6          0.9        6          0          5          0          6453       5806            0,00                      
6          0.001      11         4          1          0          2308       1              ---------------- 80,00     
6          0.005      11         1          4          0          2305       10             ---- 20,00                 
6          0.009      11         0          5          0          2483       22              0,00                      
6          0.01       11         0          5          0          2266       26              0,00                      
6          0.05       11         0          5          0          2076       114             0,00                      
6          0.09       11         0          5          0          1992       174             0,00                      
6          0.1        11         0          5          0          1985       201             0,00                      
6          0.5        11         0          5          0          1014       512             0,00                      
6          0.9        11         0          5          0          631        570             0,00                      
7          0.001      0          5          0          0          1005       0              NaN                        
7          0.005      0          3          0          2          848        2              ------------ 60,00         
7          0.009      0          1          2          2          831        9              ---- 20,00                 
7          0.01       0          0          0          5          408        7               0,00                      
7          0.05       0          0          0          5          179        9               0,00                      
7          0.09       0          0          0          5          142        9               0,00                      
7          0.1        0          0          1          4          144        13              0,00                      
7          0.5        0          0          5          0          9          7               0,00                      
7          0.9        0          0          5          0          5          5               0,00                      
7          0.001      6          3          2          0          3707       5              ------------ 60,00         
7          0.005      6          0          5          0          3612       19              0,00                      
7          0.009      6          0          5          0          3653       28              0,00                      
7          0.01       6          0          5          0          3614       36              0,00                      
7          0.05       6          0          5          0          3139       192             0,00                      
7          0.09       6          0          5          0          3068       297             0,00                      
7          0.1        6          0          5          0          2973       294             0,00                      
7          0.5        6          0          5          0          1432       682             0,00                      
7          0.9        6          0          5          0          2728       2460            0,00                      
7          0.001      11         4          1          0          2010       1              ---------------- 80,00     
7          0.005      11         0          5          0          1997       13              0,00                      
7          0.009      11         0          5          0          1999       23              0,00                      
7          0.01       11         0          5          0          1959       22              0,00                      
7          0.05       11         0          5          0          1884       72              0,00                      
7          0.09       11         0          5          0          1845       154             0,00                      
7          0.1        11         0          5          0          1826       171             0,00                      
7          0.5        11         0          5          0          953        502             0,00                      
7          0.9        11         0          5          0          703        633             0,00                      
8          0.001      0          4          1          0          945        3              ---------------- 80,00     
8          0.005      0          2          1          2          875        5              -------- 40,00             
8          0.009      0          2          1          2          727        6              -------- 40,00             
8          0.01       0          2          1          2          772        7              -------- 40,00             
8          0.05       0          0          0          5          133        8               0,00                      
8          0.09       0          0          1          4          81         7               0,00                      
8          0.1        0          0          1          4          69         7               0,00                      
8          0.5        0          0          4          1          27         13              0,00                      
8          0.9        0          0          5          0          5          5               0,00                      
8          0.001      6          3          2          0          4107       3              ------------ 60,00         
8          0.005      6          0          5          0          4075       20              0,00                      
8          0.009      6          0          5          0          3965       40              0,00                      
8          0.01       6          0          5          0          3990       43              0,00                      
8          0.05       6          0          5          0          3515       178             0,00                      
8          0.09       6          0          5          0          3127       302             0,00                      
8          0.1        6          0          5          0          2952       333             0,00                      
8          0.5        6          0          5          0          1331       657             0,00                      
8          0.9        6          0          5          0          1370       1237            0,00                      
8          0.001      11         3          2          0          2447       2              ------------ 60,00         
8          0.005      11         0          5          0          2403       11              0,00                      
8          0.009      11         0          5          0          2388       15              0,00                      
8          0.01       11         1          4          0          2428       19             ---- 20,00                 
8          0.05       11         0          5          0          2299       115             0,00                      
8          0.09       11         0          5          0          2033       186             0,00                      
8          0.1        11         0          5          0          2015       206             0,00                      
8          0.5        11         0          5          0          955        483             0,00                      
8          0.9        11         0          5          0          727        644             0,00                      
9          0.001      0          4          1          0          929        2              ---------------- 80,00     
9          0.005      0          3          0          2          841        2              ------------ 60,00         
9          0.009      0          1          2          2          895        7              ---- 20,00                 
9          0.01       0          3          0          2          808        3              ------------ 60,00         
9          0.05       0          0          0          5          292        14              0,00                      
9          0.09       0          0          0          5          88         8               0,00                      
9          0.1        0          0          2          3          200        17              0,00                      
9          0.5        0          0          3          2          25         9               0,00                      
9          0.9        0          0          5          0          7          6               0,00                      
9          0.001      6          3          2          0          3834       5              ------------ 60,00         
9          0.005      6          1          4          0          3777       24             ---- 20,00                 
9          0.009      6          0          5          0          3718       41              0,00                      
9          0.01       6          0          5          0          3774       47              0,00                      
9          0.05       6          0          5          0          3404       154             0,00                      
9          0.09       6          0          5          0          3143       266             0,00                      
9          0.1        6          0          5          0          3111       290             0,00                      
9          0.5        6          0          5          0          2097       1061            0,00                      
9          0.9        6          0          5          0          5862       5304            0,00                      
9          0.001      11         4          1          0          2468       4              ---------------- 80,00     
9          0.005      11         0          5          0          2451       12              0,00                      
9          0.009      11         0          5          0          2425       22              0,00                      
9          0.01       11         0          5          0          2437       23              0,00                      
9          0.05       11         0          5          0          2210       118             0,00                      
9          0.09       11         0          5          0          2123       167             0,00                      
9          0.1        11         0          5          0          1924       172             0,00                      
9          0.5        11         0          5          0          981        518             0,00                      
9          0.9        11         0          5          0          788        702             0,00                      
10         0.001      0          4          0          1          865        1              ---------------- 80,00     
10         0.005      0          3          1          1          620        4              ------------ 60,00         
10         0.009      0          0          0          5          502        7               0,00                      
10         0.01       0          0          1          4          624        10              0,00                      
10         0.05       0          0          3          2          290        14              0,00                      
10         0.09       0          0          1          4          90         8               0,00                      
10         0.1        0          0          2          3          84         10              0,00                      
10         0.5        0          0          5          0          15         9               0,00                      
10         0.9        0          0          5          0          7          6               0,00                      
10         0.001      6          3          2          0          3883       4              ------------ 60,00         
10         0.005      6          0          5          0          3825       13              0,00                      
10         0.009      6          0          5          0          3823       38              0,00                      
10         0.01       6          0          5          0          3790       39              0,00                      
10         0.05       6          0          5          0          3234       156             0,00                      
10         0.09       6          0          5          0          3207       259             0,00                      
10         0.1        6          0          5          0          2957       280             0,00                      
10         0.5        6          0          5          0          1077       530             0,00                      
10         0.9        6          0          5          0          756        683             0,00                      
10         0.001      11         4          1          0          1688       2              ---------------- 80,00     
10         0.005      11         0          5          0          1712       11              0,00                      
10         0.009      11         1          4          0          1676       13             ---- 20,00                 
10         0.01       11         0          5          0          1671       16              0,00                      
10         0.05       11         0          5          0          1569       96              0,00                      
10         0.09       11         0          5          0          1633       147             0,00                      
10         0.1        11         0          5          0          1567       145             0,00                      
10         0.5        11         0          5          0          1035       520             0,00                      
10         0.9        11         0          5          0          799        720             0,00                      
11         0.001      0          4          0          1          955        2              ---------------- 80,00     
11         0.005      0          2          0          3          643        4              -------- 40,00             
11         0.009      0          2          1          2          917        5              -------- 40,00             
11         0.01       0          3          0          2          736        3              ------------ 60,00         
11         0.05       0          0          1          4          231        10              0,00                      
11         0.09       0          0          0          5          241        13              0,00                      
11         0.1        0          0          0          5          190        9               0,00                      
11         0.5        0          0          5          0          9          7               0,00                      
11         0.9        0          0          5          0          5          5               0,00                      
11         0.001      6          3          2          0          3919       5              ------------ 60,00         
11         0.005      6          0          5          0          3909       16              0,00                      
11         0.009      6          0          5          0          3807       37              0,00                      
11         0.01       6          0          5          0          3798       42              0,00                      
11         0.05       6          0          5          0          3389       189             0,00                      
11         0.09       6          0          5          0          3088       289             0,00                      
11         0.1        6          0          5          0          2966       282             0,00                      
11         0.5        6          0          5          0          1244       601             0,00                      
11         0.9        6          0          5          0          1280       1155            0,00                      
11         0.001      11         4          1          0          1847       2              ---------------- 80,00     
11         0.005      11         1          4          0          1841       10             ---- 20,00                 
11         0.009      11         0          5          0          1822       17              0,00                      
11         0.01       11         0          5          0          1808       18              0,00                      
11         0.05       11         0          5          0          1848       82              0,00                      
11         0.09       11         0          5          0          1712       161             0,00                      
11         0.1        11         0          5          0          1719       178             0,00                      
11         0.5        11         0          5          0          968        491             0,00                      
11         0.9        11         0          5          0          848        776             0,00                      
12         0.001      0          4          0          1          982        1              ---------------- 80,00     
12         0.005      0          4          0          1          845        3              ---------------- 80,00     
12         0.009      0          1          1          3          592        7              ---- 20,00                 
12         0.01       0          0          2          3          613        10              0,00                      
12         0.05       0          0          0          5          157        10              0,00                      
12         0.09       0          0          0          5          93         8               0,00                      
12         0.1        0          0          0          5          74         7               0,00                      
12         0.5        0          0          3          2          27         13              0,00                      
12         0.9        0          0          5          0          7          6               0,00                      
12         0.001      6          4          1          0          3565       1              ---------------- 80,00     
12         0.005      6          0          5          0          3526       10              0,00                      
12         0.009      6          0          5          0          3464       28              0,00                      
12         0.01       6          0          5          0          3484       31              0,00                      
12         0.05       6          0          5          0          3242       155             0,00                      
12         0.09       6          0          5          0          2899       280             0,00                      
12         0.1        6          0          5          0          2736       292             0,00                      
12         0.5        6          0          5          0          1838       936             0,00                      
12         0.9        6          0          5          0          2894       2601            0,00                      
12         0.001      11         4          1          0          1964       2              ---------------- 80,00     
12         0.005      11         0          5          0          1966       11              0,00                      
12         0.009      11         0          5          0          1966       20              0,00                      
12         0.01       11         0          5          0          1934       23              0,00                      
12         0.05       11         0          5          0          1869       110             0,00                      
12         0.09       11         0          5          0          1744       152             0,00                      
12         0.1        11         0          5          0          1767       168             0,00                      
12         0.5        11         0          5          0          1035       494             0,00                      
12         0.9        11         0          5          0          844        767             0,00                      
13         0.001      0          5          0          0          1005       0              NaN                        
13         0.005      0          2          1          2          776        4              -------- 40,00             
13         0.009      0          1          0          4          473        5              ---- 20,00                 
13         0.01       0          0          1          4          581        5               0,00                      
13         0.05       0          0          0          5          184        7               0,00                      
13         0.09       0          0          0          5          99         10              0,00                      
13         0.1        0          0          1          4          109        12              0,00                      
13         0.5        0          0          3          2          40         16              0,00                      
13         0.9        0          0          5          0          5          5               0,00                      
13         0.001      6          2          3          0          3235       4              -------- 40,00             
13         0.005      6          0          5          0          3182       22              0,00                      
13         0.009      6          0          5          0          3191       29              0,00                      
13         0.01       6          0          5          0          3256       34              0,00                      
13         0.05       6          0          5          0          3014       171             0,00                      
13         0.09       6          0          5          0          2857       252             0,00                      
13         0.1        6          0          5          0          2721       283             0,00                      
13         0.5        6          0          5          0          1841       914             0,00                      
13         0.9        6          0          5          0          3626       3246            0,00                      
13         0.001      11         3          2          0          1940       5              ------------ 60,00         
13         0.005      11         1          4          0          1924       14             ---- 20,00                 
13         0.009      11         2          3          0          1925       18             -------- 40,00             
13         0.01       11         0          5          0          1988       18              0,00                      
13         0.05       11         0          5          0          1858       107             0,00                      
13         0.09       11         0          5          0          1665       196             0,00                      
13         0.1        11         0          5          0          1776       210             0,00                      
13         0.5        11         0          5          0          1038       510             0,00                      
13         0.9        11         0          5          0          733        659             0,00                      
14         0.001      0          5          0          0          1005       0              NaN                        
14         0.005      0          1          1          3          664        5              ---- 20,00                 
14         0.009      0          0          3          2          719        7               0,00                      
14         0.01       0          1          1          3          559        7              ---- 20,00                 
14         0.05       0          0          0          5          113        9               0,00                      
14         0.09       0          0          1          4          99         12              0,00                      
14         0.1        0          0          0          5          139        18              0,00                      
14         0.5        0          0          5          0          17         10              0,00                      
14         0.9        0          0          5          0          5          5               0,00                      
14         0.001      6          3          2          0          3614       2              ------------ 60,00         
14         0.005      6          0          5          0          3650       12              0,00                      
14         0.009      6          0          5          0          3568       26              0,00                      
14         0.01       6          0          5          0          3565       28              0,00                      
14         0.05       6          0          5          0          3208       156             0,00                      
14         0.09       6          0          5          0          2927       254             0,00                      
14         0.1        6          0          5          0          2953       290             0,00                      
14         0.5        6          0          5          0          1604       808             0,00                      
14         0.9        6          0          5          0          4039       3632            0,00                      
14         0.001      11         5          0          0          1925       0              NaN                        
14         0.005      11         2          3          0          1929       9              -------- 40,00             
14         0.009      11         1          4          0          1896       17             ---- 20,00                 
14         0.01       11         0          5          0          1874       21              0,00                      
14         0.05       11         0          5          0          1764       89              0,00                      
14         0.09       11         0          5          0          1615       148             0,00                      
14         0.1        11         0          5          0          1588       180             0,00                      
14         0.5        11         0          5          0          995        503             0,00                      
14         0.9        11         0          5          0          962        875             0,00                      
15         0.001      0          4          0          1          970        1              ---------------- 80,00     
15         0.005      0          4          0          1          954        2              ---------------- 80,00     
15         0.009      0          0          1          4          497        7               0,00                      
15         0.01       0          1          1          3          507        5              ---- 20,00                 
15         0.05       0          0          0          5          177        11              0,00                      
15         0.09       0          0          1          4          115        10              0,00                      
15         0.1        0          0          2          3          103        9               0,00                      
15         0.5        0          0          4          1          31         14              0,00                      
15         0.9        0          0          5          0          7          6               0,00                      
15         0.001      6          4          1          0          3405       1              ---------------- 80,00     
15         0.005      6          0          5          0          3366       19              0,00                      
15         0.009      6          0          5          0          3351       29              0,00                      
15         0.01       6          0          5          0          3350       33              0,00                      
15         0.05       6          0          5          0          3088       157             0,00                      
15         0.09       6          0          5          0          2745       240             0,00                      
15         0.1        6          0          5          0          3006       316             0,00                      
15         0.5        6          0          5          0          1487       777             0,00                      
15         0.9        6          0          5          0          3849       3494            0,00                      
15         0.001      11         3          2          0          1721       2              ------------ 60,00         
15         0.005      11         2          3          0          1713       9              -------- 40,00             
15         0.009      11         1          4          0          1703       15             ---- 20,00                 
15         0.01       11         0          5          0          1702       17              0,00                      
15         0.05       11         0          5          0          1624       88              0,00                      
15         0.09       11         0          5          0          1577       128             0,00                      
15         0.1        11         0          5          0          1560       144             0,00                      
15         0.5        11         0          5          0          992        506             0,00                      
15         0.9        11         0          5          0          970        873             0,00                      
16         0.001      0          4          0          1          917        1              ---------------- 80,00     
16         0.005      0          2          2          1          857        3              -------- 40,00             
16         0.009      0          0          3          2          962        7               0,00                      
16         0.01       0          0          1          4          569        7               0,00                      
16         0.05       0          0          2          3          146        6               0,00                      
16         0.09       0          0          2          3          68         8               0,00                      
16         0.1        0          0          1          4          78         9               0,00                      
16         0.5        0          0          3          2          13         6               0,00                      
16         0.9        0          0          5          0          7          6               0,00                      
16         0.001      6          3          2          0          3996       3              ------------ 60,00         
16         0.005      6          0          5          0          3943       23              0,00                      
16         0.009      6          0          5          0          3900       40              0,00                      
16         0.01       6          0          5          0          3906       45              0,00                      
16         0.05       6          0          5          0          3516       151             0,00                      
16         0.09       6          0          5          0          3387       299             0,00                      
16         0.1        6          0          5          0          3212       301             0,00                      
16         0.5        6          0          5          0          2356       1196            0,00                      
16         0.9        6          0          5          0          7448       6706            0,00                      
16         0.001      11         4          1          0          2513       1              ---------------- 80,00     
16         0.005      11         2          3          0          2501       6              -------- 40,00             
16         0.009      11         0          5          0          2562       20              0,00                      
16         0.01       11         1          4          0          2462       19             ---- 20,00                 
16         0.05       11         0          5          0          2276       99              0,00                      
16         0.09       11         0          5          0          2166       185             0,00                      
16         0.1        11         0          5          0          2177       207             0,00                      
16         0.5        11         0          5          0          1045       507             0,00                      
16         0.9        11         0          5          0          758        690             0,00                      
17         0.001      0          5          0          0          1001       1              -------------------- 100,00
17         0.005      0          3          0          2          901        3              ------------ 60,00         
17         0.009      0          0          0          5          478        8               0,00                      
17         0.01       0          0          3          2          940        9               0,00                      
17         0.05       0          0          1          4          212        13              0,00                      
17         0.09       0          0          1          4          132        10              0,00                      
17         0.1        0          0          0          5          131        12              0,00                      
17         0.5        0          0          5          0          7          6               0,00                      
17         0.9        0          0          5          0          5          5               0,00                      
17         0.001      6          5          0          0          3750       0              NaN                        
17         0.005      6          1          4          0          3697       15             ---- 20,00                 
17         0.009      6          0          5          0          3704       23              0,00                      
17         0.01       6          0          5          0          3669       28              0,00                      
17         0.05       6          0          5          0          3444       171             0,00                      
17         0.09       6          0          5          0          3144       283             0,00                      
17         0.1        6          0          5          0          3025       295             0,00                      
17         0.5        6          0          5          0          1740       834             0,00                      
17         0.9        6          0          5          0          3416       3062            0,00                      
17         0.001      11         2          3          0          2488       4              -------- 40,00             
17         0.005      11         0          5          0          2444       16              0,00                      
17         0.009      11         0          5          0          2430       32              0,00                      
17         0.01       11         0          5          0          2437       37              0,00                      
17         0.05       11         0          5          0          2247       99              0,00                      
17         0.09       11         0          5          0          2072       173             0,00                      
17         0.1        11         0          5          0          2112       190             0,00                      
17         0.5        11         0          5          0          1003       508             0,00                      
17         0.9        11         0          5          0          839        740             0,00                      
18         0.001      0          5          0          0          1005       0              NaN                        
18         0.005      0          0          1          4          360        8               0,00                      
18         0.009      0          1          2          2          759        6              ---- 20,00                 
18         0.01       0          0          0          5          393        8               0,00                      
18         0.05       0          0          0          5          284        12              0,00                      
18         0.09       0          0          0          5          145        15              0,00                      
18         0.1        0          0          0          5          127        14              0,00                      
18         0.5        0          0          4          1          21         11              0,00                      
18         0.9        0          0          5          0          9          7               0,00                      
18         0.001      6          1          4          0          3534       6              ---- 20,00                 
18         0.005      6          0          5          0          3499       18              0,00                      
18         0.009      6          0          5          0          3450       36              0,00                      
18         0.01       6          0          5          0          3445       37              0,00                      
18         0.05       6          0          5          0          3172       166             0,00                      
18         0.09       6          0          5          0          2925       267             0,00                      
18         0.1        6          0          5          0          2779       274             0,00                      
18         0.5        6          0          5          0          1481       742             0,00                      
18         0.9        6          0          5          0          2434       2194            0,00                      
18         0.001      11         4          1          0          1889       1              ---------------- 80,00     
18         0.005      11         2          3          0          1877       11             -------- 40,00             
18         0.009      11         0          5          0          1865       20              0,00                      
18         0.01       11         0          5          0          1869       22              0,00                      
18         0.05       11         0          5          0          1727       90              0,00                      
18         0.09       11         0          5          0          1667       140             0,00                      
18         0.1        11         0          5          0          1681       150             0,00                      
18         0.5        11         0          5          0          993        489             0,00                      
18         0.9        11         0          5          0          779        690             0,00                      
19         0.001      0          5          0          0          999        2              -------------------- 100,00
19         0.005      0          3          0          2          751        3              ------------ 60,00         
19         0.009      0          1          3          1          881        6              ---- 20,00                 
19         0.01       0          0          1          4          540        5               0,00                      
19         0.05       0          0          0          5          206        10              0,00                      
19         0.09       0          0          0          5          174        13              0,00                      
19         0.1        0          0          0          5          164        14              0,00                      
19         0.5        0          0          3          2          23         12              0,00                      
19         0.9        0          0          5          0          5          5               0,00                      
19         0.001      6          2          3          0          3560       7              -------- 40,00             
19         0.005      6          0          5          0          3551       23              0,00                      
19         0.009      6          0          5          0          3493       35              0,00                      
19         0.01       6          0          5          0          3493       38              0,00                      
19         0.05       6          0          5          0          3367       150             0,00                      
19         0.09       6          0          5          0          2879       276             0,00                      
19         0.1        6          0          5          0          2965       313             0,00                      
19         0.5        6          0          5          0          1612       831             0,00                      
19         0.9        6          0          5          0          3501       3168            0,00                      
19         0.001      11         5          0          0          2077       1              -------------------- 100,00
19         0.005      11         2          3          0          2036       8              -------- 40,00             
19         0.009      11         0          5          0          2043       19              0,00                      
19         0.01       11         0          5          0          2038       21              0,00                      
19         0.05       11         0          5          0          1843       108             0,00                      
19         0.09       11         0          5          0          1888       168             0,00                      
19         0.1        11         0          5          0          1816       190             0,00                      
19         0.5        11         0          5          0          952        468             0,00                      
19         0.9        11         0          5          0          761        679             0,00                      
