detail per task and per Perturbator.
Exploration Boolean Negation
NEGB : negation of boolean value.
25 arrays of 225 integers
Random integer generated with 23 as seed
6 perturbations points
Task Perturbator  IndexLoc   #Success   #Failure   #Exception #Call      #Perturbations %Success                   
0    NEGB         12         833        0          0          733681     833            -------------------- 100,00
0    NEGB         16         518        404        0          848644     922            ------------ 56,18         
0    NEGB         23         511        361        0          763344     872            ------------ 58,60         
0    NEGB         29         644        13         0          432223     657            -------------------- 98,02 
0    NEGB         40         157        19         0          30524      176            ------------------ 89,20   
0    NEGB         45         155        21         0          30573      176            ------------------ 88,07   
1    NEGB         12         819        0          0          716228     819            -------------------- 100,00
1    NEGB         16         486        331        0          670002     817            ------------ 59,49         
1    NEGB         23         539        480        0          1037782    1019           ----------- 52,89          
1    NEGB         29         640        14         0          428311     654            -------------------- 97,86 
1    NEGB         40         145        20         0          26873      165            ------------------ 87,88   
1    NEGB         45         147        18         0          26741      165            ------------------ 89,09   
2    NEGB         12         816        0          0          715226     816            -------------------- 100,00
2    NEGB         16         496        395        0          806545     891            ------------ 55,67         
2    NEGB         23         535        440        0          944129     975            ----------- 54,87          
2    NEGB         29         643        16         0          434844     659            -------------------- 97,57 
2    NEGB         40         137        20         0          24269      157            ------------------ 87,26   
2    NEGB         45         136        21         0          24220      157            ------------------ 86,62   
3    NEGB         12         798        0          0          686581     798            -------------------- 100,00
3    NEGB         16         483        331        0          676485     814            ------------ 59,34         
3    NEGB         23         563        835        0          1928598    1398           --------- 40,27            
3    NEGB         29         623        11         0          402520     634            -------------------- 98,26 
3    NEGB         40         145        19         0          26550      164            ------------------ 88,41   
3    NEGB         45         148        16         0          26126      164            ------------------- 90,24  
4    NEGB         12         814        0          0          709966     814            -------------------- 100,00
4    NEGB         16         540        550        0          1174035    1090           ---------- 49,54           
4    NEGB         23         559        348        0          821594     907            ------------- 61,63        
4    NEGB         29         639        15         0          428276     654            -------------------- 97,71 
4    NEGB         40         145        15         0          25079      160            ------------------- 90,63  
4    NEGB         45         140        20         0          25218      160            ------------------ 87,50   
5    NEGB         12         827        0          0          728234     827            -------------------- 100,00
5    NEGB         16         498        388        0          794426     886            ------------ 56,21         
5    NEGB         23         538        412        0          894006     950            ------------ 56,63         
5    NEGB         29         648        12         0          436184     660            -------------------- 98,18 
5    NEGB         40         150        17         0          27500      167            ------------------ 89,82   
5    NEGB         45         146        21         0          27439      167            ------------------ 87,43   
6    NEGB         12         817        0          0          712590     817            -------------------- 100,00
6    NEGB         16         525        496        0          1037304    1021           ----------- 51,42          
6    NEGB         23         508        359        0          747118     867            ------------ 58,59         
6    NEGB         29         643        11         0          428292     654            -------------------- 98,32 
6    NEGB         40         142        21         0          26086      163            ------------------ 87,12   
6    NEGB         45         143        20         0          26204      163            ------------------ 87,73   
7    NEGB         12         838        0          0          744842     838            -------------------- 100,00
7    NEGB         16         522        524        0          1078146    1046           ---------- 49,90           
7    NEGB         23         505        336        0          709707     841            ------------- 60,05        
7    NEGB         29         648        17         0          442771     665            -------------------- 97,44 
7    NEGB         40         152        21         0          29390      173            ------------------ 87,86   
7    NEGB         45         153        20         0          29546      173            ------------------ 88,44   
8    NEGB         12         805        0          0          693522     805            -------------------- 100,00
8    NEGB         16         506        496        0          1023643    1002           ----------- 50,50          
8    NEGB         23         522        378        0          804064     900            ------------ 58,00         
8    NEGB         29         633        10         0          414040     643            -------------------- 98,44 
8    NEGB         40         143        19         0          25773      162            ------------------ 88,27   
8    NEGB         45         144        18         0          25841      162            ------------------ 88,89   
9    NEGB         12         791        0          0          674634     791            -------------------- 100,00
9    NEGB         16         490        399        0          794519     889            ------------ 55,12         
9    NEGB         23         480        442        0          863327     922            ----------- 52,06          
9    NEGB         29         624        9          0          401271     633            -------------------- 98,58 
9    NEGB         40         137        21         0          24570      158            ------------------ 86,71   
9    NEGB         45         139        19         0          24550      158            ------------------ 87,97   
10   NEGB         12         817        0          0          709579     817            -------------------- 100,00
10   NEGB         16         523        550        0          1136236    1073           ---------- 48,74           
10   NEGB         23         470        314        0          620660     784            ------------ 59,95         
10   NEGB         29         640        12         0          425692     652            -------------------- 98,16 
10   NEGB         40         148        17         0          26667      165            ------------------ 89,70   
10   NEGB         45         143        22         0          26908      165            ------------------ 86,67   
11   NEGB         12         843        0          0          751797     843            -------------------- 100,00
11   NEGB         16         531        365        0          809239     896            ------------ 59,26         
11   NEGB         23         502        449        0          895525     951            ----------- 52,79          
11   NEGB         29         649        12         0          437516     661            -------------------- 98,18 
11   NEGB         40         163        19         0          32665      182            ------------------ 89,56   
11   NEGB         45         164        18         0          32633      182            ------------------- 90,11  
12   NEGB         12         803        0          0          689556     803            -------------------- 100,00
12   NEGB         16         490        437        0          873713     927            ----------- 52,86          
12   NEGB         23         520        389        0          827505     909            ------------ 57,21         
12   NEGB         29         632        14         0          417905     646            -------------------- 97,83 
12   NEGB         40         137        20         0          24245      157            ------------------ 87,26   
12   NEGB         45         137        20         0          24261      157            ------------------ 87,26   
13   NEGB         12         821        0          0          719192     821            -------------------- 100,00
13   NEGB         16         514        459        0          943609     973            ----------- 52,83          
13   NEGB         23         487        357        0          714767     844            ------------ 57,70         
13   NEGB         29         643        12         0          429597     655            -------------------- 98,17 
13   NEGB         40         144        22         0          27089      166            ------------------ 86,75   
13   NEGB         45         147        19         0          27192      166            ------------------ 88,55   
14   NEGB         12         825        0          0          725408     825            -------------------- 100,00
14   NEGB         16         546        462        0          1011849    1008           ----------- 54,17          
14   NEGB         23         507        290        0          642435     797            ------------- 63,61        
14   NEGB         29         648        10         0          433567     658            -------------------- 98,48 
14   NEGB         40         149        18         0          27401      167            ------------------ 89,22   
14   NEGB         45         149        18         0          27556      167            ------------------ 89,22   
15   NEGB         12         827        0          0          729327     827            -------------------- 100,00
15   NEGB         16         532        415        0          888441     947            ------------ 56,18         
15   NEGB         23         500        366        0          759068     866            ------------ 57,74         
15   NEGB         29         640        18         0          433536     658            -------------------- 97,26 
15   NEGB         40         150        19         0          28102      169            ------------------ 88,76   
15   NEGB         45         149        20         0          28172      169            ------------------ 88,17   
16   NEGB         12         834        0          0          743584     834            -------------------- 100,00
16   NEGB         16         530        403        0          861623     933            ------------ 56,81         
16   NEGB         23         504        453        0          917004     957            ----------- 52,66          
16   NEGB         29         657        7          0          441519     664            -------------------- 98,95 
16   NEGB         40         152        18         0          28459      170            ------------------ 89,41   
16   NEGB         45         151        19         0          28445      170            ------------------ 88,82   
17   NEGB         12         820        0          0          717360     820            -------------------- 100,00
17   NEGB         16         492        452        0          895048     944            ----------- 52,12          
17   NEGB         23         544        362        0          817674     906            ------------- 60,04        
17   NEGB         29         638        11         0          421808     649            -------------------- 98,31 
17   NEGB         40         155        16         0          28786      171            ------------------- 90,64  
17   NEGB         45         151        20         0          28793      171            ------------------ 88,30   
18   NEGB         12         811        0          0          701313     811            -------------------- 100,00
18   NEGB         16         495        447        0          894815     942            ----------- 52,55          
18   NEGB         23         538        498        0          1048892    1036           ----------- 51,93          
18   NEGB         29         632        11         0          414025     643            -------------------- 98,29 
18   NEGB         40         154        14         0          27759      168            ------------------- 91,67  
18   NEGB         45         148        20         0          27705      168            ------------------ 88,10   
19   NEGB         12         819        0          0          715504     819            -------------------- 100,00
19   NEGB         16         520        493        0          1023081    1013           ----------- 51,33          
19   NEGB         23         485        291        0          611014     776            ------------- 62,50        
19   NEGB         29         641        13         0          428339     654            -------------------- 98,01 
19   NEGB         40         146        19         0          26731      165            ------------------ 88,48   
19   NEGB         45         141        24         0          26912      165            ------------------ 85,45   
20   NEGB         12         838        0          0          742566     838            -------------------- 100,00
20   NEGB         16         520        452        0          945593     972            ----------- 53,50          
20   NEGB         23         505        418        0          845641     923            ----------- 54,71          
20   NEGB         29         644        16         0          436149     660            -------------------- 97,58 
20   NEGB         40         156        22         0          31190      178            ------------------ 87,64   
20   NEGB         45         159        19         0          31243      178            ------------------ 89,33   
21   NEGB         12         834        0          0          739221     834            -------------------- 100,00
21   NEGB         16         507        334        0          709838     841            ------------- 60,29        
21   NEGB         23         518        604        0          1257604    1122           ---------- 46,17           
21   NEGB         29         642        14         0          430893     656            -------------------- 97,87 
21   NEGB         40         154        24         0          31291      178            ------------------ 86,52   
21   NEGB         45         157        21         0          31052      178            ------------------ 88,20   
22   NEGB         12         818        0          0          709943     818            -------------------- 100,00
22   NEGB         16         514        376        0          789992     890            ------------ 57,75         
22   NEGB         23         515        470        0          968854     985            ----------- 52,28          
22   NEGB         29         634        11         0          416588     645            -------------------- 98,29 
22   NEGB         40         153        20         0          29533      173            ------------------ 88,44   
22   NEGB         45         154        19         0          29416      173            ------------------ 89,02   
23   NEGB         12         813        0          0          704982     813            -------------------- 100,00
23   NEGB         16         507        464        0          937938     971            ----------- 52,21          
23   NEGB         23         476        341        0          672954     817            ------------ 58,26         
23   NEGB         29         639        13         0          425682     652            -------------------- 98,01 
23   NEGB         40         141        20         0          25471      161            ------------------ 87,58   
23   NEGB         45         136        25         0          25594      161            ----------------- 84,47    
24   NEGB         12         797        0          0          682017     797            -------------------- 100,00
24   NEGB         16         497        434        0          879015     931            ----------- 53,38          
24   NEGB         23         529        490        0          1049199    1019           ----------- 51,91          
24   NEGB         29         620        12         0          400028     632            -------------------- 98,10 
24   NEGB         40         151        14         0          26797      165            ------------------- 91,52  
24   NEGB         45         143        22         0          26731      165            ------------------ 86,67   
