contains the data for the random rates analysis graph with Magnitude as perturbator.
Exploration Plus Magnitude
magnitude value : 1 2 5 10 20 50 
11 perturbation point
PM : Numerical Perturbator
random rate : 0.001 0.01 0.05 0.1 0.5 0.9 
20 arrays of 100 integers
Random integer generated with 23 as seed
RandomRate Magnitude IndexLoc   #Success   #Failure   #Exception #Call      #Perturbation  %Success                   
0.001      1         1          98         0          2          9916       4              -------------------- 98,00 
0.001      2         1          193        0          7          19756      17             -------------------- 96,50 
0.001      5         1          284        0          16         29371      28             ------------------- 94,67  
0.001      10        1          372        0          28         38737      41             ------------------- 93,00  
0.001      20        1          467        0          33         48468      48             ------------------- 93,40  
0.001      50        1          558        0          42         57953      57             ------------------- 93,00  
0.01       1         1          74         0          26         8635       87             --------------- 74,00      
0.01       2         1          127        0          73         16282      169            ------------- 63,50        
0.01       5         1          177        0          123        23171      234            ------------ 59,00         
0.01       10        1          214        0          186        29364      315            ----------- 53,50          
0.01       20        1          247        0          253        35943      388            ---------- 49,40           
0.01       50        1          287        0          313        42588      448            ---------- 47,83           
0.05       1         1          17         0          83         4620       233            ---- 17,00                 
0.05       2         1          25         0          175        8836       429            --- 12,50                  
0.05       5         1          30         0          270        12056      583            -- 10,00                   
0.05       10        1          34         0          366        14737      711            -- 8,50                    
0.05       20        1          34         0          466        17376      838            -- 6,80                    
0.05       50        1          34         0          566        19525      950            -- 5,67                    
0.1        1         1          0          0          100        2882       291             0,00                      
0.1        2         1          1          0          199        5237       521            - 0,50                     
0.1        5         1          1          0          299        6879       694            - 0,33                     
0.1        10        1          1          0          399        8320       851            - 0,25                     
0.1        20        1          1          0          499        9733       990            - 0,20                     
0.1        50        1          1          0          599        11054      1120           - 0,17                     
0.5        1         1          0          0          100        930        455             0,00                      
0.5        2         1          0          0          200        1730       861             0,00                      
0.5        5         1          0          0          300        2398       1194            0,00                      
0.5        10        1          0          0          400        2996       1476            0,00                      
0.5        20        1          0          0          500        3470       1721            0,00                      
0.5        50        1          0          0          600        3833       1906            0,00                      
0.9        1         1          0          0          100        728        647             0,00                      
0.9        2         1          0          0          200        1401       1252            0,00                      
0.9        5         1          0          0          300        1913       1712            0,00                      
0.9        10        1          0          0          400        2357       2113            0,00                      
0.9        20        1          0          0          500        2707       2429            0,00                      
0.9        50        1          0          0          600        2949       2653            0,00                      
0.001      1         2          100        0          0          10009      9              -------------------- 100,00
0.001      2         2          200        0          0          20020      20             -------------------- 100,00
0.001      5         2          300        0          0          30031      31             -------------------- 100,00
0.001      10        2          400        0          0          40037      37             -------------------- 100,00
0.001      20        2          500        0          0          50052      52             -------------------- 100,00
0.001      50        2          600        0          0          60059      59             -------------------- 100,00
0.01       1         2          100        0          0          10101      101            -------------------- 100,00
0.01       2         2          200        0          0          20194      194            -------------------- 100,00
0.01       5         2          300        0          0          30290      290            -------------------- 100,00
0.01       10        2          400        0          0          40399      399            -------------------- 100,00
0.01       20        2          500        0          0          50518      518            -------------------- 100,00
0.01       50        2          600        0          0          60620      620            -------------------- 100,00
0.05       1         2          100        0          0          10532      532            -------------------- 100,00
0.05       2         2          200        0          0          21054      1054           -------------------- 100,00
0.05       5         2          300        0          0          31589      1589           -------------------- 100,00
0.05       10        2          400        0          0          42075      2075           -------------------- 100,00
0.05       20        2          500        0          0          52635      2635           -------------------- 100,00
0.05       50        2          600        0          0          63166      3166           -------------------- 100,00
0.1        1         2          100        0          0          11129      1129           -------------------- 100,00
0.1        2         2          200        0          0          22259      2259           -------------------- 100,00
0.1        5         2          300        0          0          33338      3338           -------------------- 100,00
0.1        10        2          400        0          0          44450      4450           -------------------- 100,00
0.1        20        2          500        0          0          55558      5558           -------------------- 100,00
0.1        50        2          600        0          0          66644      6644           -------------------- 100,00
0.5        1         2          100        0          0          20337      10337          -------------------- 100,00
0.5        2         2          200        0          0          40718      20718          -------------------- 100,00
0.5        5         2          300        0          0          60871      30871          -------------------- 100,00
0.5        10        2          400        0          0          81064      41064          -------------------- 100,00
0.5        20        2          500        0          0          100974     50974          -------------------- 100,00
0.5        50        2          600        0          0          120954     60954          -------------------- 100,00
0.9        1         2          100        0          0          100289     90289          -------------------- 100,00
0.9        2         2          200        0          0          200935     180935         -------------------- 100,00
0.9        5         2          300        0          0          300703     270703         -------------------- 100,00
0.9        10        2          400        0          0          401531     361531         -------------------- 100,00
0.9        20        2          500        0          0          502563     452563         -------------------- 100,00
0.9        50        2          600        0          0          602474     542474         -------------------- 100,00
0.001      1         3          100        0          0          74193      60             -------------------- 100,00
0.001      2         3          200        0          0          148394     162            -------------------- 100,00
0.001      5         3          300        0          0          222613     234            -------------------- 100,00
0.001      10        3          400        0          0          296801     301            -------------------- 100,00
0.001      20        3          500        0          0          370997     368            -------------------- 100,00
0.001      50        3          600        0          0          445259     447            -------------------- 100,00
0.01       1         3          100        0          0          74835      744            -------------------- 100,00
0.01       2         3          200        0          0          149667     1512           -------------------- 100,00
0.01       5         3          300        0          0          224131     2213           -------------------- 100,00
0.01       10        3          400        0          0          298680     2998           -------------------- 100,00
0.01       20        3          500        0          0          373331     3752           -------------------- 100,00
0.01       50        3          600        0          0          447908     4483           -------------------- 100,00
0.05       1         3          100        0          0          76456      3826           -------------------- 100,00
0.05       2         3          200        0          0          152725     7570           -------------------- 100,00
0.05       5         3          300        0          0          229381     11346          -------------------- 100,00
0.05       10        3          400        0          0          306083     15166          -------------------- 100,00
0.05       20        3          500        0          0          382939     19037          -------------------- 100,00
0.05       50        3          600        0          0          459192     22880          -------------------- 100,00
0.1        1         3          100        0          0          78838      7928           -------------------- 100,00
0.1        2         3          200        0          0          157787     15795          -------------------- 100,00
0.1        5         3          300        0          0          236455     23690          -------------------- 100,00
0.1        10        3          400        0          0          315591     31717          -------------------- 100,00
0.1        20        3          500        0          0          394500     39535          -------------------- 100,00
0.1        50        3          600        0          0          473678     47445          -------------------- 100,00
0.5        1         3          100        0          0          116410     58185          -------------------- 100,00
0.5        2         3          200        0          0          233161     116708         -------------------- 100,00
0.5        5         3          300        0          0          350204     175526         -------------------- 100,00
0.5        10        3          400        0          0          465083     232943         -------------------- 100,00
0.5        20        3          500        0          0          583197     292180         -------------------- 100,00
0.5        50        3          600        0          0          700008     350683         -------------------- 100,00
0.9        1         3          100        0          0          486696     437811         -------------------- 100,00
0.9        2         3          200        0          0          958876     862616         -------------------- 100,00
0.9        5         3          300        0          0          1426020    1283112        -------------------- 100,00
0.9        10        3          400        0          0          1895533    1705947        -------------------- 100,00
0.9        20        3          500        0          0          2365754    2129028        -------------------- 100,00
0.9        50        3          600        0          0          2834706    2551547        -------------------- 100,00
0.001      1         4          72         28         0          74017      70             --------------- 72,00      
0.001      2         4          136        64         0          147911     165            -------------- 68,00       
0.001      5         4          208        92         0          221908     238            -------------- 69,33       
0.001      10        4          281        119        0          295879     308            --------------- 70,25      
0.001      20        4          355        145        0          369889     368            --------------- 71,00      
0.001      50        4          425        175        0          443857     446            --------------- 70,83      
0.01       1         4          6          94         0          72481      711            -- 6,00                    
0.01       2         4          11         189        0          144785     1481           -- 5,50                    
0.01       5         4          15         285        0          217060     2184           - 5,00                     
0.01       10        4          17         383        0          289475     2900           - 4,25                     
0.01       20        4          26         474        0          361772     3623           -- 5,20                    
0.01       50        4          29         571        0          434036     4336           - 4,83                     
0.05       1         4          0          100        0          65499      3289            0,00                      
0.05       2         4          0          200        0          131007     6629            0,00                      
0.05       5         4          0          300        0          196792     9890            0,00                      
0.05       10        4          0          400        0          262196     13127           0,00                      
0.05       20        4          0          500        0          328094     16357           0,00                      
0.05       50        4          0          600        0          394251     19559           0,00                      
0.1        1         4          0          100        0          58702      5773            0,00                      
0.1        2         4          0          200        0          116975     11691           0,00                      
0.1        5         4          0          300        0          176298     17659           0,00                      
0.1        10        4          0          400        0          235433     23493           0,00                      
0.1        20        4          0          500        0          294223     29356           0,00                      
0.1        50        4          0          600        0          352806     35286           0,00                      
0.5        1         4          0          100        0          30198      15223           0,00                      
0.5        2         4          0          200        0          60478      30344           0,00                      
0.5        5         4          0          300        0          90516      45476           0,00                      
0.5        10        4          0          400        0          120660     60590           0,00                      
0.5        20        4          0          500        0          150163     75659           0,00                      
0.5        50        4          0          600        0          180478     90803           0,00                      
0.9        1         4          0          100        0          19413      17480           0,00                      
0.9        2         4          0          200        0          38858      35043           0,00                      
0.9        5         4          0          300        0          58303      52563           0,00                      
0.9        10        4          0          400        0          77728      70056           0,00                      
0.9        20        4          0          500        0          97241      87654           0,00                      
0.9        50        4          0          600        0          116703     105191          0,00                      
0.001      1         5          100        0          0          74184      58             -------------------- 100,00
0.001      2         5          157        43         0          148372     160            ---------------- 78,50     
0.001      5         5          225        75         0          222628     233            --------------- 75,00      
0.001      10        5          295        105        0          296806     298            --------------- 73,75      
0.001      20        5          376        124        0          370964     365            ---------------- 75,20     
0.001      50        5          452        148        0          445130     447            ---------------- 75,33     
0.01       1         5          100        0          0          74502      719            -------------------- 100,00
0.01       2         5          105        95         0          148968     1513           ----------- 52,50          
0.01       5         5          115        185        0          223083     2196           -------- 38,33             
0.01       10        5          120        280        0          297468     2974           ------ 30,00               
0.01       20        5          122        378        0          371504     3731           ----- 24,40                
0.01       50        5          128        472        0          445871     4465           ----- 21,33                
0.05       1         5          100        0          0          76731      3895           -------------------- 100,00
0.05       2         5          100        100        0          151371     7546           ---------- 50,00           
0.05       5         5          100        200        0          226021     11282          ------- 33,33              
0.05       10        5          100        300        0          300632     15002          ----- 25,00                
0.05       20        5          100        400        0          374882     18696          ---- 20,00                 
0.05       50        5          100        500        0          449620     22376          ---- 16,67                 
0.1        1         5          100        0          0          79270      7946           -------------------- 100,00
0.1        2         5          100        100        0          155057     15472          ---------- 50,00           
0.1        5         5          100        200        0          230542     23037          ------- 33,33              
0.1        10        5          100        300        0          305900     30638          ----- 25,00                
0.1        20        5          100        400        0          381919     38254          ---- 20,00                 
0.1        50        5          100        500        0          458139     45871          ---- 16,67                 
0.5        1         5          100        0          0          118202     59179          -------------------- 100,00
0.5        2         5          100        100        0          228812     114603         ---------- 50,00           
0.5        5         5          100        200        0          340469     170572         ------- 33,33              
0.5        10        5          100        300        0          451417     226319         ----- 25,00                
0.5        20        5          100        400        0          563143     282295         ---- 20,00                 
0.5        50        5          100        500        0          674601     338038         ---- 16,67                 
0.9        1         5          100        0          0          479981     432111         -------------------- 100,00
0.9        2         5          100        100        0          950376     855645         ---------- 50,00           
0.9        5         5          100        200        0          1412623    1271510        ------- 33,33              
0.9        10        5          100        300        0          1882876    1694879        ----- 25,00                
0.9        20        5          100        400        0          2337556    2103769        ---- 20,00                 
0.9        50        5          100        500        0          2802381    2522365        ---- 16,67                 
0.001      1         7          68         32         0          33480      38             -------------- 68,00       
0.001      2         7          140        60         0          66960      73             -------------- 70,00       
0.001      5         7          212        88         0          100440     102            --------------- 70,67      
0.001      10        7          286        114        0          133920     133            --------------- 71,50      
0.001      20        7          358        142        0          167400     169            --------------- 71,60      
0.001      50        7          431        169        0          200880     202            --------------- 71,83      
0.01       1         7          1          99         0          33480      332            - 1,00                     
0.01       2         7          3          197        0          66960      670            - 1,50                     
0.01       5         7          7          293        0          100440     1013           - 2,33                     
0.01       10        7          13         387        0          133920     1343           - 3,25                     
0.01       20        7          14         486        0          167400     1682           - 2,80                     
0.01       50        7          21         579        0          200880     1987           - 3,50                     
0.05       1         7          0          100        0          33480      1625            0,00                      
0.05       2         7          0          200        0          66960      3299            0,00                      
0.05       5         7          0          300        0          100440     4941            0,00                      
0.05       10        7          0          400        0          133920     6608            0,00                      
0.05       20        7          0          500        0          167400     8280            0,00                      
0.05       50        7          0          600        0          200880     9952            0,00                      
0.1        1         7          0          100        0          33480      3318            0,00                      
0.1        2         7          0          200        0          66960      6631            0,00                      
0.1        5         7          0          300        0          100440     9980            0,00                      
0.1        10        7          0          400        0          133920     13312           0,00                      
0.1        20        7          0          500        0          167400     16629           0,00                      
0.1        50        7          0          600        0          200880     20035           0,00                      
0.5        1         7          0          100        0          33480      16855           0,00                      
0.5        2         7          0          200        0          66960      33644           0,00                      
0.5        5         7          0          300        0          100440     50440           0,00                      
0.5        10        7          0          400        0          133920     67438           0,00                      
0.5        20        7          0          500        0          167400     84200           0,00                      
0.5        50        7          0          600        0          200880     101031          0,00                      
0.9        1         7          0          100        0          33480      30178           0,00                      
0.9        2         7          0          200        0          66960      60442           0,00                      
0.9        5         7          0          300        0          100440     90637           0,00                      
0.9        10        7          0          400        0          133920     120670          0,00                      
0.9        20        7          0          500        0          167400     150898          0,00                      
0.9        50        7          0          600        0          200880     181078          0,00                      
0.001      1         8          100        0          0          40690      41             -------------------- 100,00
0.001      2         8          200        0          0          81380      82             -------------------- 100,00
0.001      5         8          300        0          0          122070     121            -------------------- 100,00
0.001      10        8          400        0          0          162760     165            -------------------- 100,00
0.001      20        8          500        0          0          203450     217            -------------------- 100,00
0.001      50        8          600        0          0          244140     249            -------------------- 100,00
0.01       1         8          100        0          0          40690      443            -------------------- 100,00
0.01       2         8          200        0          0          81380      822            -------------------- 100,00
0.01       5         8          300        0          0          122070     1228           -------------------- 100,00
0.01       10        8          400        0          0          162760     1645           -------------------- 100,00
0.01       20        8          500        0          0          203450     2038           -------------------- 100,00
0.01       50        8          600        0          0          244140     2427           -------------------- 100,00
0.05       1         8          100        0          0          40690      2097           -------------------- 100,00
0.05       2         8          200        0          0          81380      4053           -------------------- 100,00
0.05       5         8          300        0          0          122070     6092           -------------------- 100,00
0.05       10        8          400        0          0          162760     8094           -------------------- 100,00
0.05       20        8          500        0          0          203450     10075          -------------------- 100,00
0.05       50        8          600        0          0          244140     12125          -------------------- 100,00
0.1        1         8          100        0          0          40690      4209           -------------------- 100,00
0.1        2         8          200        0          0          81380      8190           -------------------- 100,00
0.1        5         8          300        0          0          122070     12212          -------------------- 100,00
0.1        10        8          400        0          0          162760     16241          -------------------- 100,00
0.1        20        8          500        0          0          203450     20318          -------------------- 100,00
0.1        50        8          600        0          0          244140     24417          -------------------- 100,00
0.5        1         8          100        0          0          40690      20424          -------------------- 100,00
0.5        2         8          200        0          0          81380      40894          -------------------- 100,00
0.5        5         8          300        0          0          122070     61395          -------------------- 100,00
0.5        10        8          400        0          0          162760     81796          -------------------- 100,00
0.5        20        8          500        0          0          203450     102340         -------------------- 100,00
0.5        50        8          600        0          0          244140     122634         -------------------- 100,00
0.9        1         8          100        0          0          40690      36704          -------------------- 100,00
0.9        2         8          200        0          0          81380      73245          -------------------- 100,00
0.9        5         8          300        0          0          122070     109929         -------------------- 100,00
0.9        10        8          400        0          0          162760     146541         -------------------- 100,00
0.9        20        8          500        0          0          203450     183288         -------------------- 100,00
0.9        50        8          600        0          0          244140     219911         -------------------- 100,00
0.001      1         9          100        0          0          40755      41             -------------------- 100,00
0.001      2         9          200        0          0          81469      84             -------------------- 100,00
0.001      5         9          300        0          0          122210     122            -------------------- 100,00
0.001      10        9          400        0          0          162927     165            -------------------- 100,00
0.001      20        9          500        0          0          203666     217            -------------------- 100,00
0.001      50        9          600        0          0          244366     249            -------------------- 100,00
0.01       1         9          100        0          0          41123      387            -------------------- 100,00
0.01       2         9          200        0          0          82300      825            -------------------- 100,00
0.01       5         9          300        0          0          123296     1223           -------------------- 100,00
0.01       10        9          400        0          0          164409     1627           -------------------- 100,00
0.01       20        9          500        0          0          205449     2011           -------------------- 100,00
0.01       50        9          600        0          0          246556     2451           -------------------- 100,00
0.05       1         9          100        0          0          42764      2119           -------------------- 100,00
0.05       2         9          200        0          0          85276      4202           -------------------- 100,00
0.05       5         9          300        0          0          128466     6357           -------------------- 100,00
0.05       10        9          400        0          0          171313     8534           -------------------- 100,00
0.05       20        9          500        0          0          213998     10589          -------------------- 100,00
0.05       50        9          600        0          0          256836     12745          -------------------- 100,00
0.1        1         9          100        0          0          44753      4380           -------------------- 100,00
0.1        2         9          200        0          0          89729      8970           -------------------- 100,00
0.1        5         9          300        0          0          134380     13370          -------------------- 100,00
0.1        10        9          400        0          0          179615     17972          -------------------- 100,00
0.1        20        9          500        0          0          225472     22556          -------------------- 100,00
0.1        50        9          600        0          0          270464     26998          -------------------- 100,00
0.5        1         9          100        0          0          83189      41502          -------------------- 100,00
0.5        2         9          200        0          0          167279     83606          -------------------- 100,00
0.5        5         9          300        0          0          249316     124905         -------------------- 100,00
0.5        10        9          400        0          0          330672     165929         -------------------- 100,00
0.5        20        9          500        0          0          413553     207519         -------------------- 100,00
0.5        50        9          600        0          0          496533     249017         -------------------- 100,00
0.9        1         9          100        0          0          405836     365153         -------------------- 100,00
0.9        2         9          200        0          0          802672     722301         -------------------- 100,00
0.9        5         9          300        0          0          1211971    1090728        -------------------- 100,00
0.9        10        9          400        0          0          1628091    1465383        -------------------- 100,00
0.9        20        9          500        0          0          2038246    1834517        -------------------- 100,00
0.9        50        9          600        0          0          2435695    2192448        -------------------- 100,00
0.001      1         10         69         31         0          40557      47             -------------- 69,00       
0.001      2         10         147        53         0          81129      88             --------------- 73,50      
0.001      5         10         224        76         0          121735     129            --------------- 74,67      
0.001      10        10         300        100        0          162354     173            --------------- 75,00      
0.001      20        10         373        127        0          202926     218            --------------- 74,60      
0.001      50        10         455        145        0          243559     248            ---------------- 75,83     
0.01       1         10         12         88         0          39883      399            --- 12,00                  
0.01       2         10         21         179        0          79628      815            --- 10,50                  
0.01       5         10         26         274        0          119443     1212           -- 8,67                    
0.01       10        10         36         364        0          159241     1591           -- 9,00                    
0.01       20        10         49         451        0          199074     1975           -- 9,80                    
0.01       50        10         56         544        0          238929     2373           -- 9,33                    
0.05       1         10         0          100        0          36248      1757            0,00                      
0.05       2         10         0          200        0          72642      3553            0,00                      
0.05       5         10         0          300        0          109140     5368            0,00                      
0.05       10        10         0          400        0          145321     7149            0,00                      
0.05       20        10         0          500        0          181717     8996            0,00                      
0.05       50        10         0          600        0          217816     10807           0,00                      
0.1        1         10         0          100        0          32809      3270            0,00                      
0.1        2         10         0          200        0          65414      6519            0,00                      
0.1        5         10         0          300        0          97906      9761            0,00                      
0.1        10        10         0          400        0          130832     12978           0,00                      
0.1        20        10         0          500        0          163542     16272           0,00                      
0.1        50        10         0          600        0          196076     19530           0,00                      
0.5        1         10         0          100        0          16894      8592            0,00                      
0.5        2         10         0          200        0          33936      17149           0,00                      
0.5        5         10         0          300        0          51026      25688           0,00                      
0.5        10        10         0          400        0          68171      34245           0,00                      
0.5        20        10         0          500        0          85162      42861           0,00                      
0.5        50        10         0          600        0          102145     51457           0,00                      
0.9        1         10         0          100        0          10934      9885            0,00                      
0.9        2         10         0          200        0          21888      19765           0,00                      
0.9        5         10         0          300        0          32860      29639           0,00                      
0.9        10        10         0          400        0          43857      39518           0,00                      
0.9        20        10         0          500        0          54805      49407           0,00                      
0.9        50        10         0          600        0          65746      59278           0,00                      
0.001      1         12         74         26         0          30690      29             --------------- 74,00      
0.001      2         12         145        55         0          61380      64             --------------- 72,50      
0.001      5         12         224        76         0          92070      91             --------------- 74,67      
0.001      10        12         302        98         0          122760     115            ---------------- 75,50     
0.001      20        12         373        127        0          153450     148            --------------- 74,60      
0.001      50        12         445        155        0          184140     184            --------------- 74,17      
0.01       1         12         4          96         0          30690      318            - 4,00                     
0.01       2         12         6          194        0          61380      632            - 3,00                     
0.01       5         12         12         288        0          92070      934            - 4,00                     
0.01       10        12         17         383        0          122760     1217           - 4,25                     
0.01       20        12         26         474        0          153450     1518           -- 5,20                    
0.01       50        12         33         567        0          184140     1811           -- 5,50                    
0.05       1         12         0          100        0          30690      1537            0,00                      
0.05       2         12         0          200        0          61380      3137            0,00                      
0.05       5         12         0          300        0          92070      4615            0,00                      
0.05       10        12         0          400        0          122760     6041            0,00                      
0.05       20        12         0          500        0          153450     7602            0,00                      
0.05       50        12         0          600        0          184140     9129            0,00                      
0.1        1         12         0          100        0          30690      3070            0,00                      
0.1        2         12         0          200        0          61380      6226            0,00                      
0.1        5         12         0          300        0          92070      9239            0,00                      
0.1        10        12         0          400        0          122760     12179           0,00                      
0.1        20        12         0          500        0          153450     15326           0,00                      
0.1        50        12         0          600        0          184140     18380           0,00                      
0.5        1         12         0          100        0          30690      15376           0,00                      
0.5        2         12         0          200        0          61380      30879           0,00                      
0.5        5         12         0          300        0          92070      46208           0,00                      
0.5        10        12         0          400        0          122760     61666           0,00                      
0.5        20        12         0          500        0          153450     77138           0,00                      
0.5        50        12         0          600        0          184140     92606           0,00                      
0.9        1         12         0          100        0          30690      27608           0,00                      
0.9        2         12         0          200        0          61380      55351           0,00                      
0.9        5         12         0          300        0          92070      83015           0,00                      
0.9        10        12         0          400        0          122760     110684          0,00                      
0.9        20        12         0          500        0          153450     138348          0,00                      
0.9        50        12         0          600        0          184140     165962          0,00                      
0.001      1         13         91         9          0          10000      9              ------------------- 91,00  
0.001      2         13         181        19         0          20000      20             ------------------- 90,50  
0.001      5         13         272        28         0          30000      30             ------------------- 90,67  
0.001      10        13         365        35         0          40000      37             ------------------- 91,25  
0.001      20        13         453        47         0          50000      51             ------------------- 90,60  
0.001      50        13         545        55         0          60000      59             ------------------- 90,83  
0.01       1         13         37         63         0          10000      96             -------- 37,00             
0.01       2         13         74         126        0          20000      204            -------- 37,00             
0.01       5         13         121        179        0          30000      284            --------- 40,33            
0.01       10        13         154        246        0          40000      390            -------- 38,50             
0.01       20        13         187        313        0          50000      500            -------- 37,40             
0.01       50        13         218        382        0          60000      609            -------- 36,33             
0.05       1         13         0          100        0          10000      507             0,00                      
0.05       2         13         0          200        0          20000      1041            0,00                      
0.05       5         13         0          300        0          30000      1490            0,00                      
0.05       10        13         0          400        0          40000      1973            0,00                      
0.05       20        13         1          499        0          50000      2515           - 0,20                     
0.05       50        13         1          599        0          60000      3003           - 0,17                     
0.1        1         13         0          100        0          10000      981             0,00                      
0.1        2         13         0          200        0          20000      2032            0,00                      
0.1        5         13         0          300        0          30000      2972            0,00                      
0.1        10        13         0          400        0          40000      3995            0,00                      
0.1        20        13         0          500        0          50000      5040            0,00                      
0.1        50        13         0          600        0          60000      6004            0,00                      
0.5        1         13         0          100        0          10000      5019            0,00                      
0.5        2         13         0          200        0          20000      10091           0,00                      
0.5        5         13         0          300        0          30000      15000           0,00                      
0.5        10        13         0          400        0          40000      20070           0,00                      
0.5        20        13         0          500        0          50000      25105           0,00                      
0.5        50        13         0          600        0          60000      30094           0,00                      
0.9        1         13         0          100        0          10000      9020            0,00                      
0.9        2         13         0          200        0          20000      18036           0,00                      
0.9        5         13         0          300        0          30000      27004           0,00                      
0.9        10        13         0          400        0          40000      36053           0,00                      
0.9        20        13         0          500        0          50000      45071           0,00                      
0.9        50        13         0          600        0          60000      54067           0,00                      
