Contains data to explore the number of task required for saturation
Task Number Exploration (TNE)
Number Task : 1 2 5 10 25 50 100 
41 perturbation point
N Execution Enactor
PONE : Numerical Perturbator
Each task is an arrays of 100
Seed used for generate task is 23
#Tasks     IndexLoc   #Success   #Failure   #Exception #CallAllExecs      AvgCallPerExec     #Perturbations AvgPerturbationPerExec   #Execs     #CallRef   %Success                   
1          0          65         6          0          5072               71,44              71             1,00                     71         71         ------------------- 91,55  
2          0          130        16         0          10703              73,31              146            1,00                     146        146        ------------------ 89,04   
5          0          347        33         0          28936              76,15              380            1,00                     380        380        ------------------- 91,32  
10         0          694        73         0          58888              76,78              767            1,00                     767        767        ------------------- 90,48  
25         0          1722       179        0          144862             76,20              1901           1,00                     1901       1901       ------------------- 90,58  
50         0          3401       379        0          286767             75,86              3780           1,00                     3780       3780       ------------------ 89,97   
100        0          6844       716        0          573372             75,84              7560           1,00                     7560       7560       ------------------- 90,53  
1          1          65         0          6          4876               68,68              71             1,00                     71         71         ------------------- 91,55  
2          1          134        0          12         10321              70,69              146            1,00                     146        146        ------------------- 91,78  
5          1          348        0          32         28030              73,76              380            1,00                     380        380        ------------------- 91,58  
10         1          705        0          62         57308              74,72              767            1,00                     767        767        ------------------- 91,92  
25         1          1763       0          138        141432             74,40              1901           1,00                     1901       1901       ------------------- 92,74  
50         1          3488       0          292        279061             73,83              3780           1,00                     3780       3780       ------------------- 92,28  
100        1          6986       0          574        558389             73,86              7560           1,00                     7560       7560       ------------------- 92,41  
1          2          71         0          0          5047               71,08              71             1,00                     71         71         -------------------- 100,00
2          2          146        0          0          10679              73,14              146            1,00                     146        146        -------------------- 100,00
5          2          380        0          0          28907              76,07              380            1,00                     380        380        -------------------- 100,00
10         2          767        0          0          58845              76,72              767            1,00                     767        767        -------------------- 100,00
25         2          1901       0          0          144762             76,15              1901           1,00                     1901       1901       -------------------- 100,00
50         2          3780       0          0          286490             75,79              3780           1,00                     3780       3780       -------------------- 100,00
100        2          7560       0          0          572741             75,76              7560           1,00                     7560       7560       -------------------- 100,00
1          3          71         0          0          5039               70,97              71             1,00                     71         71         -------------------- 100,00
2          3          146        0          0          10669              73,08              146            1,00                     146        146        -------------------- 100,00
5          3          380        0          0          28908              76,07              380            1,00                     380        380        -------------------- 100,00
10         3          767        0          0          58869              76,75              767            1,00                     767        767        -------------------- 100,00
25         3          1901       0          0          144769             76,15              1901           1,00                     1901       1901       -------------------- 100,00
50         3          3780       0          0          286441             75,78              3780           1,00                     3780       3780       -------------------- 100,00
100        3          7560       0          0          572704             75,75              7560           1,00                     7560       7560       -------------------- 100,00
1          4          71         0          0          5055               71,20              71             1,00                     71         71         -------------------- 100,00
2          4          146        0          0          10679              73,14              146            1,00                     146        146        -------------------- 100,00
5          4          380        0          0          28919              76,10              380            1,00                     380        380        -------------------- 100,00
10         4          767        0          0          58886              76,77              767            1,00                     767        767        -------------------- 100,00
25         4          1901       0          0          144729             76,13              1901           1,00                     1901       1901       -------------------- 100,00
50         4          3780       0          0          286344             75,75              3780           1,00                     3780       3780       -------------------- 100,00
100        4          7560       0          0          572624             75,74              7560           1,00                     7560       7560       -------------------- 100,00
1          5          71         0          0          5039               70,97              71             1,00                     71         71         -------------------- 100,00
2          5          146        0          0          10669              73,08              146            1,00                     146        146        -------------------- 100,00
5          5          380        0          0          28908              76,07              380            1,00                     380        380        -------------------- 100,00
10         5          767        0          0          58869              76,75              767            1,00                     767        767        -------------------- 100,00
25         5          1901       0          0          144769             76,15              1901           1,00                     1901       1901       -------------------- 100,00
50         5          3780       0          0          286441             75,78              3780           1,00                     3780       3780       -------------------- 100,00
100        5          7560       0          0          572704             75,75              7560           1,00                     7560       7560       -------------------- 100,00
1          6          71         0          0          5055               71,20              71             1,00                     71         71         -------------------- 100,00
2          6          146        0          0          10700              73,29              146            1,00                     146        146        -------------------- 100,00
5          6          380        0          0          28925              76,12              380            1,00                     380        380        -------------------- 100,00
10         6          767        0          0          58862              76,74              767            1,00                     767        767        -------------------- 100,00
25         6          1901       0          0          144721             76,13              1901           1,00                     1901       1901       -------------------- 100,00
50         6          3780       0          0          286373             75,76              3780           1,00                     3780       3780       -------------------- 100,00
100        6          7560       0          0          572656             75,75              7560           1,00                     7560       7560       -------------------- 100,00
1          7          71         0          0          5047               71,08              71             1,00                     71         71         -------------------- 100,00
2          7          146        0          0          10679              73,14              146            1,00                     146        146        -------------------- 100,00
5          7          380        0          0          28907              76,07              380            1,00                     380        380        -------------------- 100,00
10         7          767        0          0          58845              76,72              767            1,00                     767        767        -------------------- 100,00
25         7          1901       0          0          144762             76,15              1901           1,00                     1901       1901       -------------------- 100,00
50         7          3780       0          0          286490             75,79              3780           1,00                     3780       3780       -------------------- 100,00
100        7          7560       0          0          572741             75,76              7560           1,00                     7560       7560       -------------------- 100,00
1          8          71         0          0          5047               71,08              71             1,00                     71         71         -------------------- 100,00
2          8          146        0          0          10679              73,14              146            1,00                     146        146        -------------------- 100,00
5          8          380        0          0          28907              76,07              380            1,00                     380        380        -------------------- 100,00
10         8          767        0          0          58845              76,72              767            1,00                     767        767        -------------------- 100,00
25         8          1901       0          0          144762             76,15              1901           1,00                     1901       1901       -------------------- 100,00
50         8          3780       0          0          286490             75,79              3780           1,00                     3780       3780       -------------------- 100,00
100        8          7560       0          0          572741             75,76              7560           1,00                     7560       7560       -------------------- 100,00
1          9          67         0          4          5076               71,49              71             1,00                     71         71         ------------------- 94,37  
2          9          138        0          8          10732              73,51              146            1,00                     146        146        ------------------- 94,52  
5          9          347        0          33         28975              76,25              380            1,00                     380        380        ------------------- 91,32  
10         9          701        0          66         58949              76,86              767            1,00                     767        767        ------------------- 91,40  
25         9          1720       0          181        144707             76,12              1901           1,00                     1901       1901       ------------------- 90,48  
50         9          3429       0          351        286645             75,83              3780           1,00                     3780       3780       ------------------- 90,71  
100        9          6842       0          718        573200             75,82              7560           1,00                     7560       7560       ------------------- 90,50  
1          10         310        0          0          96201              310,33             310            1,00                     310        310        -------------------- 100,00
2          10         627        0          0          196744             313,79             627            1,00                     627        627        -------------------- 100,00
5          10         1586       0          0          503486             317,46             1586           1,00                     1586       1586       -------------------- 100,00
10         10         3184       0          0          1014610            318,66             3184           1,00                     3184       3184       -------------------- 100,00
25         10         7906       0          0          2503075            316,60             7906           1,00                     7906       7906       -------------------- 100,00
50         10         15814      0          0          5008045            316,68             15814          1,00                     15814      15814      -------------------- 100,00
100        10         31477      0          0          9920617            315,17             31477          1,00                     31477      31477      -------------------- 100,00
1          11         310        0          0          96140              310,13             310            1,00                     310        310        -------------------- 100,00
2          11         627        0          0          196678             313,68             627            1,00                     627        627        -------------------- 100,00
5          11         1586       0          0          503402             317,40             1586           1,00                     1586       1586       -------------------- 100,00
10         11         3184       0          0          1014520            318,63             3184           1,00                     3184       3184       -------------------- 100,00
25         11         7906       0          0          2502762            316,56             7906           1,00                     7906       7906       -------------------- 100,00
50         11         15814      0          0          5007250            316,63             15814          1,00                     15814      15814      -------------------- 100,00
100        11         31477      0          0          9919082            315,12             31477          1,00                     31477      31477      -------------------- 100,00
1          13         255        44         0          89831              300,44             299            1,00                     299        299        ------------------ 85,28   
2          13         512        83         0          177779             298,79             595            1,00                     595        595        ------------------ 86,05   
5          13         1319       245        0          492692             315,02             1564           1,00                     1564       1564       ----------------- 84,34    
10         13         2667       522        0          1029632            322,87             3189           1,00                     3189       3189       ----------------- 83,63    
25         13         7571       1608       0          3458766            376,81             9179           1,00                     9179       9179       ----------------- 82,48    
50         13         14647      3043       0          6415790            362,68             17690          1,00                     17690      17690      ----------------- 82,80    
100        13         29653      6340       0          13204568           366,86             35993          1,00                     35993      35993      ----------------- 82,39    
1          14         263        36         0          89503              299,34             299            1,00                     299        299        ------------------ 87,96   
2          14         523        72         0          177237             297,88             595            1,00                     595        595        ------------------ 87,90   
5          14         1349       215        0          490873             313,86             1564           1,00                     1564       1564       ------------------ 86,25   
10         14         2781       408        0          1024615            321,30             3189           1,00                     3189       3189       ------------------ 87,21   
25         14         7980       1199       0          3456224            376,54             9179           1,00                     9179       9179       ------------------ 86,94   
50         14         15419      2271       0          6404255            362,03             17690          1,00                     17690      17690      ------------------ 87,16   
100        14         31226      4767       0          13190841           366,48             35993          1,00                     35993      35993      ------------------ 86,76   
1          15         299        0          0          89877              300,59             299            1,00                     299        299        -------------------- 100,00
2          15         595        0          0          177735             298,71             595            1,00                     595        595        -------------------- 100,00
5          15         1564       0          0          492504             314,90             1564           1,00                     1564       1564       -------------------- 100,00
10         15         3189       0          0          1027156            322,09             3189           1,00                     3189       3189       -------------------- 100,00
25         15         9179       0          0          3463513            377,33             9179           1,00                     9179       9179       -------------------- 100,00
50         15         17690      0          0          6420595            362,95             17690          1,00                     17690      17690      -------------------- 100,00
100        15         35993      0          0          13219211           367,27             35993          1,00                     35993      35993      -------------------- 100,00
1          17         60         0          0          3600               60,00              60             1,00                     60         60         -------------------- 100,00
2          17         114        0          0          6516               57,16              114            1,00                     114        114        -------------------- 100,00
5          17         358        0          0          27094              75,68              358            1,00                     358        358        -------------------- 100,00
10         17         772        0          0          65260              84,53              772            1,00                     772        772        -------------------- 100,00
25         17         3174       0          0          497864             156,86             3174           1,00                     3174       3174       -------------------- 100,00
50         17         5656       0          0          792690             140,15             5656           1,00                     5656       5656       -------------------- 100,00
100        17         12076      0          0          1710850            141,67             12076          1,00                     12076      12076      -------------------- 100,00
1          18         319        54         6          143215             377,88             379            1,00                     379        379        ----------------- 84,17    
2          18         687        102        12         319626             399,03             801            1,00                     801        801        ------------------ 85,77   
5          18         1660       258        32         759996             389,74             1950           1,00                     1950       1950       ------------------ 85,13   
10         18         3269       512        62         1477533            384,47             3843           1,00                     3843       3843       ------------------ 85,06   
25         18         7666       1179       138        3267082            363,70             8983           1,00                     8983       8983       ------------------ 85,34   
50         18         16103      2369       292        7159223            381,54             18764          1,00                     18764      18764      ------------------ 85,82   
100        18         31639      4748       574        13841812           374,50             36961          1,00                     36961      36961      ------------------ 85,60   
1          19         379        0          0          144062             380,11             379            1,00                     379        379        -------------------- 100,00
2          19         801        0          0          321996             401,99             801            1,00                     801        801        -------------------- 100,00
5          19         1950       0          0          765752             392,69             1950           1,00                     1950       1950       -------------------- 100,00
10         19         3843       0          0          1487753            387,13             3843           1,00                     3843       3843       -------------------- 100,00
25         19         8983       0          0          3282308            365,39             8983           1,00                     8983       8983       -------------------- 100,00
50         19         18764      0          0          7196212            383,51             18764          1,00                     18764      18764      -------------------- 100,00
100        19         36961      0          0          13909120           376,32             36961          1,00                     36961      36961      -------------------- 100,00
1          20         321        58         0          143362             378,26             379            1,00                     379        379        ----------------- 84,70    
2          20         668        133        0          321330             401,16             801            1,00                     801        801        ----------------- 83,40    
5          20         1630       320        0          765000             392,31             1950           1,00                     1950       1950       ----------------- 83,59    
10         20         3207       636        0          1486033            386,69             3843           1,00                     3843       3843       ----------------- 83,45    
25         20         7641       1342       0          3277847            364,89             8983           1,00                     8983       8983       ------------------ 85,06   
50         20         15928      2836       0          7185030            382,92             18764          1,00                     18764      18764      ----------------- 84,89    
100        20         31457      5504       0          13887627           375,74             36961          1,00                     36961      36961      ------------------ 85,11   
1          22         140        0          0          19600              140,00             140            1,00                     140        140        -------------------- 100,00
2          22         320        0          0          52000              162,50             320            1,00                     320        320        -------------------- 100,00
5          22         744        0          0          116094             156,04             744            1,00                     744        744        -------------------- 100,00
10         22         1426       0          0          215224             150,93             1426           1,00                     1426       1426       -------------------- 100,00
25         22         2978       0          0          406322             136,44             2978           1,00                     2978       2978       -------------------- 100,00
50         22         6730       0          0          1061570            157,74             6730           1,00                     6730       6730       -------------------- 100,00
100        22         13044      0          0          1940554            148,77             13044          1,00                     13044      13044      -------------------- 100,00
1          23         239        0          0          57152              239,13             239            1,00                     239        239        -------------------- 100,00
2          23         481        0          0          115742             240,63             481            1,00                     481        481        -------------------- 100,00
5          23         1206       0          0          291024             241,31             1206           1,00                     1206       1206       -------------------- 100,00
10         23         2417       0          0          584518             241,84             2417           1,00                     2417       2417       -------------------- 100,00
25         23         6005       0          0          1443762            240,43             6005           1,00                     6005       6005       -------------------- 100,00
50         23         12034      0          0          2899226            240,92             12034          1,00                     12034      12034      -------------------- 100,00
100        23         23917      0          0          5726242            239,42             23917          1,00                     23917      23917      -------------------- 100,00
1          24         233        6          0          57094              238,89             239            1,00                     239        239        -------------------- 97,49 
2          24         468        13         0          115633             240,40             481            1,00                     481        481        -------------------- 97,30 
5          24         1166       40         0          290745             241,08             1206           1,00                     1206       1206       -------------------- 96,68 
10         24         2347       70         0          584000             241,62             2417           1,00                     2417       2417       -------------------- 97,10 
25         24         5804       201        0          1442423            240,20             6005           1,00                     6005       6005       -------------------- 96,65 
50         24         11606      428        0          2896491            240,69             12034          1,00                     12034      12034      -------------------- 96,44 
100        24         23105      812        0          5721002            239,20             23917          1,00                     23917      23917      -------------------- 96,60 
1          26         134        99         0          54151              232,41             233            1,00                     233        233        ------------ 57,51         
2          26         271        197        0          109271             233,49             468            1,00                     468        468        ------------ 57,91         
5          26         674        492        0          271198             232,59             1166           1,00                     1166       1166       ------------ 57,80         
10         26         1347       1000       0          549320             234,05             2347           1,00                     2347       2347       ------------ 57,39         
25         26         3375       2429       0          1346181            231,94             5804           1,00                     5804       5804       ------------ 58,15         
50         26         6770       4836       0          2691375            231,90             11606          1,00                     11606      11606      ------------ 58,33         
100        26         13493      9612       0          5334889            230,90             23105          1,00                     23105      23105      ------------ 58,40         
1          27         88         141        4          53842              231,08             233            1,00                     233        233        -------- 37,77             
2          27         186        274        8          108738             232,35             468            1,00                     468        468        -------- 39,74             
5          27         462        680        24         269854             231,44             1166           1,00                     1166       1166       -------- 39,62             
10         27         930        1370       47         546413             232,81             2347           1,00                     2347       2347       -------- 39,63             
25         27         2375       3315       114        1338438            230,61             5804           1,00                     5804       5804       --------- 40,92            
50         27         4677       6706       223        2677897            230,73             11606          1,00                     11606      11606      --------- 40,30            
100        27         9432       13245      428        5309833            229,81             23105          1,00                     23105      23105      --------- 40,82            
1          28         233        0          0          54289              233,00             233            1,00                     233        233        -------------------- 100,00
2          28         468        0          0          109514             234,00             468            1,00                     468        468        -------------------- 100,00
5          28         1166       0          0          271920             233,21             1166           1,00                     1166       1166       -------------------- 100,00
10         28         2347       0          0          551035             234,78             2347           1,00                     2347       2347       -------------------- 100,00
25         28         5804       0          0          1348310            232,31             5804           1,00                     5804       5804       -------------------- 100,00
50         28         11606      0          0          2695480            232,25             11606          1,00                     11606      11606      -------------------- 100,00
100        28         23105      0          0          5341435            231,18             23105          1,00                     23105      23105      -------------------- 100,00
1          29         233        0          0          54289              233,00             233            1,00                     233        233        -------------------- 100,00
2          29         468        0          0          109514             234,00             468            1,00                     468        468        -------------------- 100,00
5          29         1166       0          0          271920             233,21             1166           1,00                     1166       1166       -------------------- 100,00
10         29         2347       0          0          551035             234,78             2347           1,00                     2347       2347       -------------------- 100,00
25         29         5804       0          0          1348310            232,31             5804           1,00                     5804       5804       -------------------- 100,00
50         29         11606      0          0          2695480            232,25             11606          1,00                     11606      11606      -------------------- 100,00
100        29         23105      0          0          5341435            231,18             23105          1,00                     23105      23105      -------------------- 100,00
1          30         70         1          0          5031               70,86              71             1,00                     71         71         -------------------- 98,59 
2          30         145        1          0          10642              72,89              146            1,00                     146        146        -------------------- 99,32 
5          30         375        5          0          28851              75,92              380            1,00                     380        380        -------------------- 98,68 
10         30         758        9          0          58750              76,60              767            1,00                     767        767        -------------------- 98,83 
25         30         1890       11         0          144393             75,96              1901           1,00                     1901       1901       -------------------- 99,42 
50         30         3761       19         0          285645             75,57              3780           1,00                     3780       3780       -------------------- 99,50 
100        30         7524       36         0          571278             75,57              7560           1,00                     7560       7560       -------------------- 99,52 
1          31         71         0          0          5075               71,48              71             1,00                     71         71         -------------------- 100,00
2          31         146        0          0          10737              73,54              146            1,00                     146        146        -------------------- 100,00
5          31         380        0          0          29098              76,57              380            1,00                     380        380        -------------------- 100,00
10         31         767        0          0          59250              77,25              767            1,00                     767        767        -------------------- 100,00
25         31         1901       0          0          145631             76,61              1901           1,00                     1901       1901       -------------------- 100,00
50         31         3780       0          0          288118             76,22              3780           1,00                     3780       3780       -------------------- 100,00
100        31         7560       0          0          576176             76,21              7560           1,00                     7560       7560       -------------------- 100,00
1          33         22         12         0          1155               33,97              34             1,00                     34         34         ------------- 64,71        
2          33         53         17         0          2447               34,96              70             1,00                     70         70         ---------------- 75,71     
5          33         145        42         0          6978               37,32              187            1,00                     187        187        ---------------- 77,54     
10         33         294        84         0          14230              37,65              378            1,00                     378        378        ---------------- 77,78     
25         33         737        201        0          35101              37,42              938            1,00                     938        938        ---------------- 78,57     
50         33         1440       416        0          68822              37,08              1856           1,00                     1856       1856       ---------------- 77,59     
100        33         2889       832        0          138185             37,14              3721           1,00                     3721       3721       ---------------- 77,64     
1          34         34         0          0          1172               34,47              34             1,00                     34         34         -------------------- 100,00
2          34         70         0          0          2472               35,31              70             1,00                     70         70         -------------------- 100,00
5          34         187        0          0          7056               37,73              187            1,00                     187        187        -------------------- 100,00
10         34         378        0          0          14404              38,11              378            1,00                     378        378        -------------------- 100,00
25         34         938        0          0          35555              37,91              938            1,00                     938        938        -------------------- 100,00
50         34         1856       0          0          69656              37,53              1856           1,00                     1856       1856       -------------------- 100,00
100        34         3721       0          0          139912             37,60              3721           1,00                     3721       3721       -------------------- 100,00
1          35         71         0          0          5076               71,49              71             1,00                     71         71         -------------------- 100,00
2          35         146        0          0          10738              73,55              146            1,00                     146        146        -------------------- 100,00
5          35         380        0          0          29112              76,61              380            1,00                     380        380        -------------------- 100,00
10         35         767        0          0          59277              77,28              767            1,00                     767        767        -------------------- 100,00
25         35         1901       0          0          145690             76,64              1901           1,00                     1901       1901       -------------------- 100,00
50         35         3780       0          0          288206             76,24              3780           1,00                     3780       3780       -------------------- 100,00
100        35         7560       0          0          576375             76,24              7560           1,00                     7560       7560       -------------------- 100,00
1          36         70         1          0          5031               70,86              71             1,00                     71         71         -------------------- 98,59 
2          36         145        1          0          10644              72,90              146            1,00                     146        146        -------------------- 99,32 
5          36         379        1          0          28862              75,95              380            1,00                     380        380        -------------------- 99,74 
10         36         764        3          0          58768              76,62              767            1,00                     767        767        -------------------- 99,61 
25         36         1893       8          0          144429             75,98              1901           1,00                     1901       1901       -------------------- 99,58 
50         36         3763       17         0          285708             75,58              3780           1,00                     3780       3780       -------------------- 99,55 
100        36         7524       36         0          571340             75,57              7560           1,00                     7560       7560       -------------------- 99,52 
1          38         26         10         0          1285               35,69              36             1,00                     36         36         --------------- 72,22      
2          38         55         19         0          2721               36,77              74             1,00                     74         74         --------------- 74,32      
5          38         143        45         0          7013               37,30              188            1,00                     188        188        ---------------- 76,06     
10         38         284        95         0          14267              37,64              379            1,00                     379        379        --------------- 74,93      
25         38         724        214        0          35007              37,32              938            1,00                     938        938        ---------------- 77,19     
50         38         1435       439        0          69976              37,34              1874           1,00                     1874       1874       ---------------- 76,57     
100        38         2896       843        0          139349             37,27              3739           1,00                     3739       3739       ---------------- 77,45     
1          39         31         0          5          1255               34,86              36             1,00                     36         36         ------------------ 86,11   
2          39         64         0          10         2664               36,00              74             1,00                     74         74         ------------------ 86,49   
5          39         161        0          27         6883               36,61              188            1,00                     188        188        ------------------ 85,64   
10         39         327        0          52         14108              37,22              379            1,00                     379        379        ------------------ 86,28   
25         39         825        0          113        34938              37,25              938            1,00                     938        938        ------------------ 87,95   
50         39         1632       0          242        69461              37,07              1874           1,00                     1874       1874       ------------------ 87,09   
100        39         3265       0          474        138379             37,01              3739           1,00                     3739       3739       ------------------ 87,32   
1          40         196        37         0          54244              232,81             233            1,00                     233        233        ----------------- 84,12    
2          40         403        65         0          109436             233,84             468            1,00                     468        468        ------------------ 86,11   
5          40         986        180        0          271718             233,03             1166           1,00                     1166       1166       ----------------- 84,56    
10         40         1977       370        0          550533             234,57             2347           1,00                     2347       2347       ----------------- 84,24    
25         40         4690       1114       0          1347605            232,19             5804           1,00                     5804       5804       ----------------- 80,81    
50         40         9509       2097       0          2694482            232,16             11606          1,00                     11606      11606      ----------------- 81,93    
100        40         18734      4371       0          5339970            231,12             23105          1,00                     23105      23105      ----------------- 81,08    
1          41         89         144        0          54218              232,70             233            1,00                     233        233        -------- 38,20             
2          41         210        258        0          109396             233,75             468            1,00                     468        468        --------- 44,87            
5          41         501        665        0          271646             232,97             1166           1,00                     1166       1166       --------- 42,97            
10         41         992        1355       0          550428             234,52             2347           1,00                     2347       2347       --------- 42,27            
25         41         2526       3278       0          1347499            232,17             5804           1,00                     5804       5804       --------- 43,52            
50         41         4954       6652       0          2694436            232,16             11606          1,00                     11606      11606      --------- 42,68            
100        41         10031      13074      0          5339839            231,11             23105          1,00                     23105      23105      --------- 43,41            
1          42         166        67         0          54178              232,52             233            1,00                     233        233        --------------- 71,24      
2          42         330        138        0          109293             233,53             468            1,00                     468        468        --------------- 70,51      
5          42         834        332        0          271308             232,68             1166           1,00                     1166       1166       --------------- 71,53      
10         42         1660       687        0          549644             234,19             2347           1,00                     2347       2347       --------------- 70,73      
25         42         4285       1519       0          1346926            232,07             5804           1,00                     5804       5804       --------------- 73,83      
50         42         8482       3124       0          2692597            232,00             11606          1,00                     11606      11606      --------------- 73,08      
100        42         17071      6034       0          5337077            230,99             23105          1,00                     23105      23105      --------------- 73,88      
1          43         125        104        4          53910              231,37             233            1,00                     233        233        ----------- 53,65          
2          43         249        211        8          108871             232,63             468            1,00                     468        468        ----------- 53,21          
5          43         637        505        24         270205             231,74             1166           1,00                     1166       1166       ----------- 54,63          
10         43         1257       1043       47         547362             233,22             2347           1,00                     2347       2347       ----------- 53,56          
25         43         3311       2379       114        1340074            230,89             5804           1,00                     5804       5804       ------------ 57,05         
50         43         6487       4896       223        2680961            231,00             11606          1,00                     11606      11606      ------------ 55,89         
100        43         13083      9594       428        5314502            230,02             23105          1,00                     23105      23105      ------------ 56,62         
1          44         96         137        0          54246              232,82             233            1,00                     233        233        --------- 41,20            
2          44         187        281        0          109449             233,87             468            1,00                     468        468        -------- 39,96             
5          44         472        694        0          271692             233,01             1166           1,00                     1166       1166       --------- 40,48            
10         44         907        1440       0          550372             234,50             2347           1,00                     2347       2347       -------- 38,65             
25         44         2314       3490       0          1347176            232,11             5804           1,00                     5804       5804       -------- 39,87             
50         44         4533       7073       0          2693750            232,10             11606          1,00                     11606      11606      -------- 39,06             
100        44         9115       13990      0          5338012            231,03             23105          1,00                     23105      23105      -------- 39,45             
1          45         162        67         4          53910              231,37             233            1,00                     233        233        -------------- 69,53       
2          45         342        118        8          108845             232,57             468            1,00                     468        468        --------------- 73,08      
5          45         847        295        24         270197             231,73             1166           1,00                     1166       1166       --------------- 72,64      
10         45         1724       576        47         547189             233,14             2347           1,00                     2347       2347       --------------- 73,46      
25         45         4172       1518       114        1339582            230,80             5804           1,00                     5804       5804       --------------- 71,88      
50         45         8427       2956       223        2679843            230,90             11606          1,00                     11606      11606      --------------- 72,61      
100        45         16737      5940       428        5313781            229,98             23105          1,00                     23105      23105      --------------- 72,44      
1          46         89         144        0          54218              232,70             233            1,00                     233        233        -------- 38,20             
2          46         210        258        0          109396             233,75             468            1,00                     468        468        --------- 44,87            
5          46         501        665        0          271646             232,97             1166           1,00                     1166       1166       --------- 42,97            
10         46         992        1355       0          550428             234,52             2347           1,00                     2347       2347       --------- 42,27            
25         46         2526       3278       0          1347499            232,17             5804           1,00                     5804       5804       --------- 43,52            
50         46         4954       6652       0          2694436            232,16             11606          1,00                     11606      11606      --------- 42,68            
100        46         10031      13074      0          5339839            231,11             23105          1,00                     23105      23105      --------- 43,41            
