Contains data to explore the size of task required for saturation
Size Task Exploration (STE)
Size Task : 5 10 20 50 100 225 
41 perturbation point
N Execution Enactor
PONE : Numerical Perturbator
One task of different size
Seed used for generate task is 23
#Tasks     IndexLoc   #Success   #Failure   #Exception #CallAllExecs      AvgCallPerExec     #Perturbations AvgPerturbationPerExec   #Execs     #CallRef   %Success                   
5          0          53         14         2          245                3,55               69             1,00                     69         69         ---------------- 76,81     
10         0          117        33         4          1209               7,85               154            1,00                     154        154        ---------------- 75,97     
20         0          264        49         2          5020               15,94              315            1,00                     315        315        ----------------- 83,81    
50         0          680        101        0          30596              39,18              781            1,00                     781        781        ------------------ 87,07   
100        0          1390       135        0          116491             76,39              1525           1,00                     1525       1525       ------------------- 91,15  
225        0          3127       198        0          554000             166,62             3325           1,00                     3325       3325       ------------------- 94,05  
5          1          27         0          42         182                2,64               69             1,00                     69         69         -------- 39,13             
10         1          98         0          56         1012               6,57               154            1,00                     154        154        ------------- 63,64        
20         1          241        0          74         4545               14,43              315            1,00                     315        315        ---------------- 76,51     
50         1          696        0          85         29404              37,65              781            1,00                     781        781        ------------------ 89,12   
100        1          1413       0          112        113820             74,64              1525           1,00                     1525       1525       ------------------- 92,66  
225        1          3195       0          130        547942             164,79             3325           1,00                     3325       3325       -------------------- 96,09 
5          2          69         0          0          242                3,51               69             1,00                     69         69         -------------------- 100,00
10         2          154        0          0          1208               7,84               154            1,00                     154        154        -------------------- 100,00
20         2          315        0          0          5011               15,91              315            1,00                     315        315        -------------------- 100,00
50         2          781        0          0          30575              39,15              781            1,00                     781        781        -------------------- 100,00
100        2          1525       0          0          116423             76,34              1525           1,00                     1525       1525       -------------------- 100,00
225        2          3325       0          0          553671             166,52             3325           1,00                     3325       3325       -------------------- 100,00
5          3          69         0          0          243                3,52               69             1,00                     69         69         -------------------- 100,00
10         3          154        0          0          1205               7,82               154            1,00                     154        154        -------------------- 100,00
20         3          315        0          0          4998               15,87              315            1,00                     315        315        -------------------- 100,00
50         3          781        0          0          30597              39,18              781            1,00                     781        781        -------------------- 100,00
100        3          1525       0          0          116445             76,36              1525           1,00                     1525       1525       -------------------- 100,00
225        3          3325       0          0          553547             166,48             3325           1,00                     3325       3325       -------------------- 100,00
5          4          69         0          0          240                3,48               69             1,00                     69         69         -------------------- 100,00
10         4          154        0          0          1206               7,83               154            1,00                     154        154        -------------------- 100,00
20         4          315        0          0          5002               15,88              315            1,00                     315        315        -------------------- 100,00
50         4          781        0          0          30580              39,15              781            1,00                     781        781        -------------------- 100,00
100        4          1525       0          0          116413             76,34              1525           1,00                     1525       1525       -------------------- 100,00
225        4          3325       0          0          553632             166,51             3325           1,00                     3325       3325       -------------------- 100,00
5          5          69         0          0          243                3,52               69             1,00                     69         69         -------------------- 100,00
10         5          154        0          0          1205               7,82               154            1,00                     154        154        -------------------- 100,00
20         5          315        0          0          4998               15,87              315            1,00                     315        315        -------------------- 100,00
50         5          781        0          0          30597              39,18              781            1,00                     781        781        -------------------- 100,00
100        5          1525       0          0          116445             76,36              1525           1,00                     1525       1525       -------------------- 100,00
225        5          3325       0          0          553547             166,48             3325           1,00                     3325       3325       -------------------- 100,00
5          6          69         0          0          240                3,48               69             1,00                     69         69         -------------------- 100,00
10         6          154        0          0          1204               7,82               154            1,00                     154        154        -------------------- 100,00
20         6          315        0          0          4992               15,85              315            1,00                     315        315        -------------------- 100,00
50         6          781        0          0          30556              39,12              781            1,00                     781        781        -------------------- 100,00
100        6          1525       0          0          116391             76,32              1525           1,00                     1525       1525       -------------------- 100,00
225        6          3325       0          0          553643             166,51             3325           1,00                     3325       3325       -------------------- 100,00
5          7          69         0          0          242                3,51               69             1,00                     69         69         -------------------- 100,00
10         7          154        0          0          1208               7,84               154            1,00                     154        154        -------------------- 100,00
20         7          315        0          0          5011               15,91              315            1,00                     315        315        -------------------- 100,00
50         7          781        0          0          30575              39,15              781            1,00                     781        781        -------------------- 100,00
100        7          1525       0          0          116423             76,34              1525           1,00                     1525       1525       -------------------- 100,00
225        7          3325       0          0          553671             166,52             3325           1,00                     3325       3325       -------------------- 100,00
5          8          69         0          0          242                3,51               69             1,00                     69         69         -------------------- 100,00
10         8          154        0          0          1208               7,84               154            1,00                     154        154        -------------------- 100,00
20         8          315        0          0          5011               15,91              315            1,00                     315        315        -------------------- 100,00
50         8          781        0          0          30575              39,15              781            1,00                     781        781        -------------------- 100,00
100        8          1525       0          0          116423             76,34              1525           1,00                     1525       1525       -------------------- 100,00
225        8          3325       0          0          553671             166,52             3325           1,00                     3325       3325       -------------------- 100,00
5          9          58         0          11         244                3,54               69             1,00                     69         69         ----------------- 84,06    
10         9          139        0          15         1226               7,96               154            1,00                     154        154        ------------------- 90,26  
20         9          282        0          33         5029               15,97              315            1,00                     315        315        ------------------ 89,52   
50         9          706        0          75         30682              39,29              781            1,00                     781        781        ------------------- 90,40  
100        9          1380       0          145        116438             76,35              1525           1,00                     1525       1525       ------------------- 90,49  
225        9          3009       0          316        552946             166,30             3325           1,00                     3325       3325       ------------------- 90,50  
5          10         160        0          0          1326               8,29               160            1,00                     160        160        -------------------- 100,00
10         10         406        0          0          8387               20,66              406            1,00                     406        406        -------------------- 100,00
20         10         955        0          0          45973              48,14              955            1,00                     955        955        -------------------- 100,00
50         10         2793       0          0          390911             139,96             2793           1,00                     2793       2793       -------------------- 100,00
100        10         6341       0          0          2012514            317,38             6341           1,00                     6341       6341       -------------------- 100,00
225        10         16378      0          0          13418595           819,31             16378          1,00                     16378      16378      -------------------- 100,00
5          11         160        0          0          1343               8,39               160            1,00                     160        160        -------------------- 100,00
10         11         406        0          0          8448               20,81              406            1,00                     406        406        -------------------- 100,00
20         11         955        0          0          46003              48,17              955            1,00                     955        955        -------------------- 100,00
50         11         2793       0          0          390978             139,98             2793           1,00                     2793       2793       -------------------- 100,00
100        11         6341       0          0          2012284            317,34             6341           1,00                     6341       6341       -------------------- 100,00
225        11         16378      0          0          13417388           819,23             16378          1,00                     16378      16378      -------------------- 100,00
5          13         90         24         12         837                6,64               126            1,00                     126        126        --------------- 71,43      
10         13         290        87         10         8009               20,70              387            1,00                     387        387        --------------- 74,94      
20         13         786        223        7          53587              52,74              1016           1,00                     1016       1016       ---------------- 77,36     
50         13         2618       660        0          551924             168,37             3278           1,00                     3278       3278       ---------------- 79,87     
100        13         5974       1279       0          2694005            371,43             7253           1,00                     7253       7253       ----------------- 82,37    
225        13         15893      3141       0          18218825           957,17             19034          1,00                     19034      19034      ----------------- 83,50    
5          14         121        5          0          863                6,85               126            1,00                     126        126        -------------------- 96,03 
10         14         362        25         0          7971               20,60              387            1,00                     387        387        ------------------- 93,54  
20         14         917        99         0          53531              52,69              1016           1,00                     1016       1016       ------------------- 90,26  
50         14         2831       447        0          550117             167,82             3278           1,00                     3278       3278       ------------------ 86,36   
100        14         6317       936        0          2691272            371,06             7253           1,00                     7253       7253       ------------------ 87,09   
225        14         16482      2552       0          18230388           957,78             19034          1,00                     19034      19034      ------------------ 86,59   
5          15         114        0          12         920                7,30               126            1,00                     126        126        ------------------- 90,48  
10         15         377        0          10         8231               21,27              387            1,00                     387        387        -------------------- 97,42 
20         15         1009       0          7          54404              53,55              1016           1,00                     1016       1016       -------------------- 99,31 
50         15         3278       0          0          552557             168,57             3278           1,00                     3278       3278       -------------------- 100,00
100        15         7253       0          0          2696868            371,83             7253           1,00                     7253       7253       -------------------- 100,00
225        15         19034      0          0          18232442           957,89             19034          1,00                     19034      19034      -------------------- 100,00
5          17         35         0          0          109                3,11               35             1,00                     35         35         -------------------- 100,00
10         17         135        0          0          1325               9,81               135            1,00                     135        135        -------------------- 100,00
20         17         376        0          0          9208               24,49              376            1,00                     376        376        -------------------- 100,00
50         17         1266       0          0          93328              73,72              1266           1,00                     1266       1266       -------------------- 100,00
100        17         2437       0          0          362247             148,64             2437           1,00                     2437       2437       -------------------- 100,00
225        17         5981       0          0          1894697            316,79             5981           1,00                     5981       5981       -------------------- 100,00
5          18         75         15         62         1080               7,11               152            1,00                     152        152        ---------- 49,34           
10         18         287        67         69         9012               21,30              423            1,00                     423        423        -------------- 67,85       
20         18         703        175        81         45848              47,81              959            1,00                     959        959        --------------- 73,31      
50         18         2561       464        88         492002             158,05             3113           1,00                     3113       3113       ----------------- 82,27    
100        18         6028       963        112        2547826            358,70             7103           1,00                     7103       7103       ----------------- 84,87    
225        18         16023      2324       130        17381426           940,71             18477          1,00                     18477      18477      ------------------ 86,72   
5          19         132        0          20         1231               8,10               152            1,00                     152        152        ------------------ 86,84   
10         19         410        0          13         9629               22,76              423            1,00                     423        423        -------------------- 96,93 
20         19         952        0          7          47112              49,13              959            1,00                     959        959        -------------------- 99,27 
50         19         3110       0          3          496285             159,42             3113           1,00                     3113       3113       -------------------- 99,90 
100        19         7103       0          0          2559153            360,29             7103           1,00                     7103       7103       -------------------- 100,00
225        19         18477      0          0          17412398           942,38             18477          1,00                     18477      18477      -------------------- 100,00
5          20         137        15         0          1191               7,84               152            1,00                     152        152        ------------------- 90,13  
10         20         386        37         0          9505               22,47              423            1,00                     423        423        ------------------- 91,25  
20         20         830        129        0          46496              48,48              959            1,00                     959        959        ------------------ 86,55   
50         20         2673       440        0          494501             158,85             3113           1,00                     3113       3113       ------------------ 85,87   
100        20         6012       1091       0          2556339            359,90             7103           1,00                     7103       7103       ----------------- 84,64    
225        20         15819      2658       0          17396859           941,54             18477          1,00                     18477      18477      ------------------ 85,61   
5          22         61         0          0          239                3,92               61             1,00                     61         61         -------------------- 100,00
10         22         171        0          0          2015               11,78              171            1,00                     171        171        -------------------- 100,00
20         22         319        0          0          5801               18,18              319            1,00                     319        319        -------------------- 100,00
50         22         1101       0          0          71259              64,72              1101           1,00                     1101       1101       -------------------- 100,00
100        22         2287       0          0          296607             129,69             2287           1,00                     2287       2287       -------------------- 100,00
225        22         5424       0          0          1827256            336,88             5424           1,00                     5424       5424       -------------------- 100,00
5          23         91         0          0          453                4,98               91             1,00                     91         91         -------------------- 100,00
10         23         252        0          0          3270               12,98              252            1,00                     252        252        -------------------- 100,00
20         23         640        0          0          20659              32,28              640            1,00                     640        640        -------------------- 100,00
50         23         2012       0          0          202832             100,81             2012           1,00                     2012       2012       -------------------- 100,00
100        23         4816       0          0          1160676            241,00             4816           1,00                     4816       4816       -------------------- 100,00
225        23         13053      0          0          8521744            652,86             13053          1,00                     13053      13053      -------------------- 100,00
5          24         79         12         0          410                4,51               91             1,00                     91         91         ------------------ 86,81   
10         24         220        32         0          3158               12,53              252            1,00                     252        252        ------------------ 87,30   
20         24         580        60         0          20415              31,90              640            1,00                     640        640        ------------------- 90,63  
50         24         1907       105        0          202334             100,56             2012           1,00                     2012       2012       ------------------- 94,78  
100        24         4663       153        0          1159619            240,78             4816           1,00                     4816       4816       -------------------- 96,82 
225        24         12805      248        0          8519431            652,68             13053          1,00                     13053      13053      -------------------- 98,10 
5          26         11         64         4          301                3,81               79             1,00                     79         79         --- 13,92                  
10         26         63         155        2          2396               10,89              220            1,00                     220        220        ------ 28,64               
20         26         252        327        1          16765              28,91              580            1,00                     580        580        --------- 43,45            
50         26         989        918        0          181490             95,17              1907           1,00                     1907       1907       ----------- 51,86          
100        26         2707       1956       0          1085453            232,78             4663           1,00                     4663       4663       ------------ 58,05         
225        26         8292       4513       0          8191524            639,71             12805          1,00                     12805      12805      ------------- 64,76        
5          27         1          57         21         268                3,39               79             1,00                     79         79         - 1,27                     
10         27         14         171        35         2221               10,10              220            1,00                     220        220        -- 6,36                    
20         27         102        425        53         16152              27,85              580            1,00                     580        580        ---- 17,59                 
50         27         553        1282       72         179174             93,96              1907           1,00                     1907       1907       ------ 29,00               
100        27         1893       2680       90         1079693            231,54             4663           1,00                     4663       4663       --------- 40,60            
225        27         6709       5985       111        8175636            638,47             12805          1,00                     12805      12805      ----------- 52,39          
5          28         79         0          0          317                4,01               79             1,00                     79         79         -------------------- 100,00
10         28         220        0          0          2450               11,14              220            1,00                     220        220        -------------------- 100,00
20         28         580        0          0          16882              29,11              580            1,00                     580        580        -------------------- 100,00
50         28         1907       0          0          182001             95,44              1907           1,00                     1907       1907       -------------------- 100,00
100        28         4663       0          0          1087763            233,28             4663           1,00                     4663       4663       -------------------- 100,00
225        28         12805      0          0          8199733            640,35             12805          1,00                     12805      12805      -------------------- 100,00
5          29         79         0          0          317                4,01               79             1,00                     79         79         -------------------- 100,00
10         29         220        0          0          2450               11,14              220            1,00                     220        220        -------------------- 100,00
20         29         580        0          0          16882              29,11              580            1,00                     580        580        -------------------- 100,00
50         29         1907       0          0          182001             95,44              1907           1,00                     1907       1907       -------------------- 100,00
100        29         4663       0          0          1087763            233,28             4663           1,00                     4663       4663       -------------------- 100,00
225        29         12805      0          0          8199733            640,35             12805          1,00                     12805      12805      -------------------- 100,00
5          30         66         3          0          229                3,32               69             1,00                     69         69         -------------------- 95,65 
10         30         151        3          0          1177               7,64               154            1,00                     154        154        -------------------- 98,05 
20         30         311        4          0          4931               15,65              315            1,00                     315        315        -------------------- 98,73 
50         30         776        5          0          30457              39,00              781            1,00                     781        781        -------------------- 99,36 
100        30         1514       11         0          116151             76,16              1525           1,00                     1525       1525       -------------------- 99,28 
225        30         3321       4          0          552983             166,31             3325           1,00                     3325       3325       -------------------- 99,88 
5          31         69         0          0          273                3,96               69             1,00                     69         69         -------------------- 100,00
10         31         154        0          0          1272               8,26               154            1,00                     154        154        -------------------- 100,00
20         31         315        0          0          5119               16,25              315            1,00                     315        315        -------------------- 100,00
50         31         781        0          0          30953              39,63              781            1,00                     781        781        -------------------- 100,00
100        31         1525       0          0          117146             76,82              1525           1,00                     1525       1525       -------------------- 100,00
225        31         3325       0          0          555169             166,97             3325           1,00                     3325       3325       -------------------- 100,00
5          33         13         9          0          30                 1,36               22             1,00                     22         22         ------------ 59,09         
10         33         39         21         0          198                3,30               60             1,00                     60         60         ------------- 65,00        
20         33         99         54         0          1158               7,57               153            1,00                     153        153        ------------- 64,71        
50         33         273        109        0          7261               19,01              382            1,00                     382        382        --------------- 71,47      
100        33         596        159        0          28392              37,61              755            1,00                     755        755        ---------------- 78,94     
225        33         1447       208        0          136801             82,66              1655           1,00                     1655       1655       ------------------ 87,43   
5          34         22         0          0          33                 1,50               22             1,00                     22         22         -------------------- 100,00
10         34         60         0          0          220                3,67               60             1,00                     60         60         -------------------- 100,00
20         34         153        0          0          1237               8,08               153            1,00                     153        153        -------------------- 100,00
50         34         382        0          0          7448               19,50              382            1,00                     382        382        -------------------- 100,00
100        34         755        0          0          28778              38,12              755            1,00                     755        755        -------------------- 100,00
225        34         1655       0          0          137641             83,17              1655           1,00                     1655       1655       -------------------- 100,00
5          35         69         0          0          285                4,13               69             1,00                     69         69         -------------------- 100,00
10         35         154        0          0          1282               8,32               154            1,00                     154        154        -------------------- 100,00
20         35         315        0          0          5162               16,39              315            1,00                     315        315        -------------------- 100,00
50         35         781        0          0          30999              39,69              781            1,00                     781        781        -------------------- 100,00
100        35         1525       0          0          117200             76,85              1525           1,00                     1525       1525       -------------------- 100,00
225        35         3325       0          0          555210             166,98             3325           1,00                     3325       3325       -------------------- 100,00
5          36         65         4          0          227                3,29               69             1,00                     69         69         ------------------- 94,20  
10         36         146        8          0          1170               7,60               154            1,00                     154        154        ------------------- 94,81  
20         36         308        7          0          4942               15,69              315            1,00                     315        315        -------------------- 97,78 
50         36         773        8          0          30462              39,00              781            1,00                     781        781        -------------------- 98,98 
100        36         1519       6          0          116188             76,19              1525           1,00                     1525       1525       -------------------- 99,61 
225        36         3316       9          0          552998             166,32             3325           1,00                     3325       3325       -------------------- 99,73 
5          38         17         10         0          40                 1,48               27             1,00                     27         27         ------------- 62,96        
10         38         42         32         0          265                3,58               74             1,00                     74         74         ------------ 56,76         
20         38         95         47         0          1001               7,05               142            1,00                     142        142        -------------- 66,90       
50         38         271        108        0          7133               18,82              379            1,00                     379        379        --------------- 71,50      
100        38         578        172        0          27978              37,30              750            1,00                     750        750        ---------------- 77,07     
225        38         1410       240        0          136022             82,44              1650           1,00                     1650       1650       ------------------ 85,45   
5          39         5          0          22         39                 1,44               27             1,00                     27         27         ---- 18,52                 
10         39         38         0          36         277                3,74               74             1,00                     74         74         ----------- 51,35          
20         39         88         0          54         1005               7,08               142            1,00                     142        142        ------------- 61,97        
50         39         314        0          65         7185               18,96              379            1,00                     379        379        ----------------- 82,85    
100        39         658        0          92         27935              37,25              750            1,00                     750        750        ------------------ 87,73   
225        39         1540       0          110        135809             82,31              1650           1,00                     1650       1650       ------------------- 93,33  
5          40         67         8          4          304                3,85               79             1,00                     79         79         ----------------- 84,81    
10         40         172        46         2          2420               11,00              220            1,00                     220        220        ---------------- 78,18     
20         40         456        121        3          16824              29,01              580            1,00                     580        580        ---------------- 78,62     
50         40         1482       425        0          181865             95,37              1907           1,00                     1907       1907       ---------------- 77,71     
100        40         3771       892        0          1086949            233,10             4663           1,00                     4663       4663       ----------------- 80,87    
225        40         10581      2224       0          8196841            640,13             12805          1,00                     12805      12805      ----------------- 82,63    
5          41         21         58         0          318                4,03               79             1,00                     79         79         ------ 26,58               
10         41         98         122        0          2447               11,12              220            1,00                     220        220        --------- 44,55            
20         41         332        248        0          16872              29,09              580            1,00                     580        580        ------------ 57,24         
50         41         1001       906        0          181934             95,40              1907           1,00                     1907       1907       ----------- 52,49          
100        41         2038       2625       0          1086842            233,08             4663           1,00                     4663       4663       --------- 43,71            
225        41         4688       8117       0          8196113            640,07             12805          1,00                     12805      12805      -------- 36,61             
5          42         63         16         0          315                3,99               79             1,00                     79         79         ---------------- 79,75     
10         42         165        55         0          2428               11,04              220            1,00                     220        220        --------------- 75,00      
20         42         426        154        0          16818              29,00              580            1,00                     580        580        --------------- 73,45      
50         42         1397       510        0          181644             95,25              1907           1,00                     1907       1907       --------------- 73,26      
100        42         3428       1235       0          1086081            232,91             4663           1,00                     4663       4663       --------------- 73,51      
225        42         9865       2940       0          8193645            639,88             12805          1,00                     12805      12805      ---------------- 77,04     
5          43         31         27         21         270                3,42               79             1,00                     79         79         -------- 39,24             
10         43         81         104        35         2241               10,19              220            1,00                     220        220        -------- 36,82             
20         43         233        294        53         16249              28,02              580            1,00                     580        580        --------- 40,17            
50         43         937        898        72         179602             94,18              1907           1,00                     1907       1907       ---------- 49,13           
100        43         2645       1928       90         1081322            231,89             4663           1,00                     4663       4663       ------------ 56,72         
225        43         8313       4381       111        8180819            638,88             12805          1,00                     12805      12805      ------------- 64,92        
5          44         40         34         5          303                3,84               79             1,00                     79         79         ----------- 50,63          
10         44         118        96         6          2402               10,92              220            1,00                     220        220        ----------- 53,64          
20         44         319        258        3          16813              28,99              580            1,00                     580        580        ------------ 55,00         
50         44         920        985        2          181736             95,30              1907           1,00                     1907       1907       ---------- 48,24           
100        44         1868       2795       0          1086645            233,04             4663           1,00                     4663       4663       --------- 40,06            
225        44         4238       8567       0          8195169            640,00             12805          1,00                     12805      12805      ------- 33,10              
5          45         56         7          16         280                3,54               79             1,00                     79         79         --------------- 70,89      
10         45         138        53         29         2277               10,35              220            1,00                     220        220        ------------- 62,73        
20         45         361        169        50         16248              28,01              580            1,00                     580        580        ------------- 62,24        
50         45         1288       549        70         179581             94,17              1907           1,00                     1907       1907       -------------- 67,54       
100        45         3339       1234       90         1080783            231,78             4663           1,00                     4663       4663       --------------- 71,61      
225        45         9760       2934       111        8180301            638,84             12805          1,00                     12805      12805      ---------------- 76,22     
5          46         21         58         0          318                4,03               79             1,00                     79         79         ------ 26,58               
10         46         98         122        0          2447               11,12              220            1,00                     220        220        --------- 44,55            
20         46         332        248        0          16872              29,09              580            1,00                     580        580        ------------ 57,24         
50         46         1001       906        0          181934             95,40              1907           1,00                     1907       1907       ----------- 52,49          
100        46         2038       2625       0          1086842            233,08             4663           1,00                     4663       4663       --------- 43,71            
225        46         4688       8117       0          8196113            640,07             12805          1,00                     12805      12805      -------- 36,61             
