aggregate data per location for magnitude = 5
SEPM
224 perturbation point
N Execution Enactor
PMAG : Numerical Perturbator
20 list of 100 number
Random numbers generated with 23 as seed
IndexLoc   #Success   #Failure   #Exception #Call      #Perturbation  #Task      AvgPerturbationPerTask %Success                   
174        20         0          0          20         20             20         1,00                   -------------------- 100,00
175        20         0          0          20         20             20         1,00                   -------------------- 100,00
176        20         0          0          20         20             20         1,00                   -------------------- 100,00
177        0          0          0          0          0              0          NaN                     NaN                       
178        1980       20         0          200000     2000           2000       1,00                   -------------------- 99,00 
179        1980       20         0          200000     2000           2000       1,00                   -------------------- 99,00 
180        2000       0          0          200000     2000           2000       1,00                   -------------------- 100,00
181        1980       0          20         198020     2000           2000       1,00                   -------------------- 99,00 
183        20         0          0          20         20             20         1,00                   -------------------- 100,00
184        20         0          0          20         20             20         1,00                   -------------------- 100,00
185        20         0          0          20         20             20         1,00                   -------------------- 100,00
186        20         0          0          20         20             20         1,00                   -------------------- 100,00
188        0          0          0          0          0              0          NaN                     NaN                       
189        0          20         0          20         20             20         1,00                    0,00                      
190        4460       0          100        1039380    4560           4560       1,00                   -------------------- 97,81 
191        4540       0          20         1039680    4560           4560       1,00                   -------------------- 99,56 
192        4460       0          100        1039380    4560           4560       1,00                   -------------------- 97,81 
193        4540       0          20         1039680    4560           4560       1,00                   -------------------- 99,56 
195        3545       995        0          1030580    4540           4540       1,00                   ---------------- 78,08     
196        4540       0          0          1030580    4540           4540       1,00                   -------------------- 100,00
197        3656       884        0          1030580    4540           4540       1,00                   ----------------- 80,53    
198        3022       1518       0          1030580    4540           4540       1,00                   -------------- 66,56       
199        2540       2000       0          1030580    4540           4540       1,00                   ------------ 55,95         
200        2540       2000       0          1030580    4540           4540       1,00                   ------------ 55,95         
201        2540       2000       0          1030580    4540           4540       1,00                   ------------ 55,95         
202        2540       2000       0          1030580    4540           4540       1,00                   ------------ 55,95         
203        2540       2000       0          1030580    4540           4540       1,00                   ------------ 55,95         
204        2540       2000       0          1030580    4540           4540       1,00                   ------------ 55,95         
205        2540       2000       0          1030580    4540           4540       1,00                   ------------ 55,95         
206        2540       2000       0          1030580    4540           4540       1,00                   ------------ 55,95         
207        2440       2000       100        1030380    4540           4540       1,00                   ----------- 53,74          
208        2440       2000       100        1030380    4540           4540       1,00                   ----------- 53,74          
209        2440       2000       100        1030380    4540           4540       1,00                   ----------- 53,74          
210        2540       2000       0          1030580    4540           4540       1,00                   ------------ 55,95         
211        2540       2000       0          1030580    4540           4540       1,00                   ------------ 55,95         
212        2540       2000       0          1030580    4540           4540       1,00                   ------------ 55,95         
213        2540       2000       0          1030580    4540           4540       1,00                   ------------ 55,95         
214        2540       2000       0          1030580    4540           4540       1,00                   ------------ 55,95         
215        2540       2000       0          1030580    4540           4540       1,00                   ------------ 55,95         
216        869        254        3417       648021     4540           4540       1,00                   ---- 19,14                 
217        0          0          4540       517560     4540           4540       1,00                    0,00                      
218        2540       2000       0          1030580    4540           4540       1,00                   ------------ 55,95         
219        2540       2000       0          1030580    4540           4540       1,00                   ------------ 55,95         
220        7940       0          0          3151880    7940           7940       1,00                   -------------------- 100,00
221        7920       0          20         3152180    7940           7940       1,00                   -------------------- 99,75 
222        7940       0          0          3151880    7940           7940       1,00                   -------------------- 100,00
223        7920       0          20         3152180    7940           7940       1,00                   -------------------- 99,75 
225        7840       0          80         3136200    7920           7920       1,00                   -------------------- 98,99 
226        7920       0          0          3136320    7920           7920       1,00                   -------------------- 100,00
227        7920       0          0          3136320    7920           7920       1,00                   -------------------- 100,00
228        7920       0          0          3136320    7920           7920       1,00                   -------------------- 100,00
229        7820       0          100        3136120    7920           7920       1,00                   -------------------- 98,74 
230        7820       0          100        3136120    7920           7920       1,00                   -------------------- 98,74 
231        7820       0          100        3136120    7920           7920       1,00                   -------------------- 98,74 
232        7920       0          0          3136320    7920           7920       1,00                   -------------------- 100,00
233        7920       0          0          3136320    7920           7920       1,00                   -------------------- 100,00
234        7920       0          0          3136320    7920           7920       1,00                   -------------------- 100,00
235        7920       0          0          3136320    7920           7920       1,00                   -------------------- 100,00
236        7840       0          80         3136200    7920           7920       1,00                   -------------------- 98,99 
237        7920       0          0          3136320    7920           7920       1,00                   -------------------- 100,00
238        7920       0          0          3136320    7920           7920       1,00                   -------------------- 100,00
239        7820       0          100        3097020    7920           7920       1,00                   -------------------- 98,74 
240        7920       0          0          3136320    7920           7920       1,00                   -------------------- 100,00
241        7920       0          0          3136320    7920           7920       1,00                   -------------------- 100,00
242        7920       0          0          3136320    7920           7920       1,00                   -------------------- 100,00
243        7920       0          0          3136320    7920           7920       1,00                   -------------------- 100,00
244        7920       0          0          3136320    7920           7920       1,00                   -------------------- 100,00
245        7920       0          0          3136320    7920           7920       1,00                   -------------------- 100,00
246        7920       0          0          3136320    7920           7920       1,00                   -------------------- 100,00
247        7920       0          0          3136320    7920           7920       1,00                   -------------------- 100,00
248        1964       0          5956       1955720    7920           7920       1,00                   ----- 24,80                
249        0          0          7920       1572120    7920           7920       1,00                    0,00                      
250        7920       0          0          3136320    7920           7920       1,00                   -------------------- 100,00
251        7920       0          0          3136320    7920           7920       1,00                   -------------------- 100,00
252        0          0          20         20         20             20         1,00                    0,00                      
253        20         0          0          20         20             20         1,00                   -------------------- 100,00
254        0          0          20         20         20             20         1,00                    0,00                      
255        20         0          0          20         20             20         1,00                   -------------------- 100,00
256        20         0          0          20         20             20         1,00                   -------------------- 100,00
257        20         0          0          20         20             20         1,00                   -------------------- 100,00
258        20         0          0          20         20             20         1,00                   -------------------- 100,00
259        20         0          0          20         20             20         1,00                   -------------------- 100,00
260        20         0          0          20         20             20         1,00                   -------------------- 100,00
261        20         0          0          20         20             20         1,00                   -------------------- 100,00
262        20         0          0          20         20             20         1,00                   -------------------- 100,00
263        0          0          20         20         20             20         1,00                    0,00                      
264        20         0          0          20         20             20         1,00                   -------------------- 100,00
265        0          0          20         20         20             20         1,00                    0,00                      
266        20         0          0          20         20             20         1,00                   -------------------- 100,00
267        20         0          0          20         20             20         1,00                   -------------------- 100,00
268        20         0          0          20         20             20         1,00                   -------------------- 100,00
269        20         0          0          20         20             20         1,00                   -------------------- 100,00
270        20         0          0          20         20             20         1,00                   -------------------- 100,00
271        20         0          0          20         20             20         1,00                   -------------------- 100,00
272        20         0          0          20         20             20         1,00                   -------------------- 100,00
273        20         0          0          20         20             20         1,00                   -------------------- 100,00
274        20         0          0          20         20             20         1,00                   -------------------- 100,00
275        5          0          15         20         20             20         1,00                   ----- 25,00                
276        0          0          20         20         20             20         1,00                    0,00                      
277        20         0          0          20         20             20         1,00                   -------------------- 100,00
278        20         0          0          20         20             20         1,00                   -------------------- 100,00
279        0          20         0          20         20             20         1,00                    0,00                      
280        0          2000       0          200000     2000           2000       1,00                    0,00                      
281        1997       3          0          200000     2000           2000       1,00                   -------------------- 99,85 
282        0          2000       0          200000     2000           2000       1,00                    0,00                      
283        0          2000       0          200000     2000           2000       1,00                    0,00                      
284        0          2000       0          200000     2000           2000       1,00                    0,00                      
285        0          2000       0          200000     2000           2000       1,00                    0,00                      
286        2000       0          0          200000     2000           2000       1,00                   -------------------- 100,00
287        2000       0          0          200000     2000           2000       1,00                   -------------------- 100,00
288        0          2000       0          200000     2000           2000       1,00                    0,00                      
289        0          2000       0          200000     2000           2000       1,00                    0,00                      
290        1          1999       0          200000     2000           2000       1,00                   - 0,05                     
291        2000       0          0          200000     2000           2000       1,00                   -------------------- 100,00
292        2000       0          0          200000     2000           2000       1,00                   -------------------- 100,00
293        0          2000       0          200000     2000           2000       1,00                    0,00                      
294        2000       0          0          200000     2000           2000       1,00                   -------------------- 100,00
295        1          1999       0          200000     2000           2000       1,00                   - 0,05                     
296        0          2000       0          200000     2000           2000       1,00                    0,00                      
297        0          2000       0          200000     2000           2000       1,00                    0,00                      
298        0          0          0          0          0              0          NaN                     NaN                       
299        0          0          0          0          0              0          NaN                     NaN                       
300        0          0          0          0          0              0          NaN                     NaN                       
301        0          0          0          0          0              0          NaN                     NaN                       
302        0          0          0          0          0              0          NaN                     NaN                       
304        0          0          0          0          0              0          NaN                     NaN                       
305        0          0          0          0          0              0          NaN                     NaN                       
306        0          0          0          0          0              0          NaN                     NaN                       
307        0          0          0          0          0              0          NaN                     NaN                       
308        0          0          0          0          0              0          NaN                     NaN                       
310        0          0          0          0          0              0          NaN                     NaN                       
311        0          0          0          0          0              0          NaN                     NaN                       
312        0          0          0          0          0              0          NaN                     NaN                       
313        0          0          0          0          0              0          NaN                     NaN                       
314        0          0          0          0          0              0          NaN                     NaN                       
315        0          0          0          0          0              0          NaN                     NaN                       
316        0          0          0          0          0              0          NaN                     NaN                       
317        0          0          0          0          0              0          NaN                     NaN                       
318        0          0          0          0          0              0          NaN                     NaN                       
319        0          0          0          0          0              0          NaN                     NaN                       
320        0          0          0          0          0              0          NaN                     NaN                       
321        0          0          0          0          0              0          NaN                     NaN                       
322        0          0          0          0          0              0          NaN                     NaN                       
323        0          0          0          0          0              0          NaN                     NaN                       
324        0          0          0          0          0              0          NaN                     NaN                       
325        0          0          0          0          0              0          NaN                     NaN                       
326        0          0          0          0          0              0          NaN                     NaN                       
327        0          0          0          0          0              0          NaN                     NaN                       
328        0          0          0          0          0              0          NaN                     NaN                       
329        0          0          0          0          0              0          NaN                     NaN                       
330        0          0          0          0          0              0          NaN                     NaN                       
331        0          0          0          0          0              0          NaN                     NaN                       
332        0          0          0          0          0              0          NaN                     NaN                       
333        0          0          0          0          0              0          NaN                     NaN                       
334        0          0          0          0          0              0          NaN                     NaN                       
335        0          0          0          0          0              0          NaN                     NaN                       
337        0          0          0          0          0              0          NaN                     NaN                       
338        0          0          0          0          0              0          NaN                     NaN                       
339        0          0          0          0          0              0          NaN                     NaN                       
340        0          0          0          0          0              0          NaN                     NaN                       
341        0          0          0          0          0              0          NaN                     NaN                       
342        0          0          0          0          0              0          NaN                     NaN                       
343        0          0          0          0          0              0          NaN                     NaN                       
344        0          0          0          0          0              0          NaN                     NaN                       
346        0          0          0          0          0              0          NaN                     NaN                       
347        0          0          0          0          0              0          NaN                     NaN                       
348        0          0          0          0          0              0          NaN                     NaN                       
349        0          0          0          0          0              0          NaN                     NaN                       
350        0          0          0          0          0              0          NaN                     NaN                       
351        0          0          0          0          0              0          NaN                     NaN                       
353        0          0          0          0          0              0          NaN                     NaN                       
354        0          0          0          0          0              0          NaN                     NaN                       
355        0          0          0          0          0              0          NaN                     NaN                       
356        0          0          0          0          0              0          NaN                     NaN                       
357        0          0          0          0          0              0          NaN                     NaN                       
358        0          0          0          0          0              0          NaN                     NaN                       
359        0          0          0          0          0              0          NaN                     NaN                       
360        0          0          0          0          0              0          NaN                     NaN                       
361        0          0          0          0          0              0          NaN                     NaN                       
362        0          0          0          0          0              0          NaN                     NaN                       
363        0          0          0          0          0              0          NaN                     NaN                       
364        0          0          0          0          0              0          NaN                     NaN                       
365        0          0          0          0          0              0          NaN                     NaN                       
366        0          0          0          0          0              0          NaN                     NaN                       
367        0          0          0          0          0              0          NaN                     NaN                       
368        0          0          0          0          0              0          NaN                     NaN                       
369        0          0          0          0          0              0          NaN                     NaN                       
370        0          0          0          0          0              0          NaN                     NaN                       
371        0          0          0          0          0              0          NaN                     NaN                       
372        0          0          0          0          0              0          NaN                     NaN                       
373        0          0          0          0          0              0          NaN                     NaN                       
374        0          0          0          0          0              0          NaN                     NaN                       
375        0          0          0          0          0              0          NaN                     NaN                       
377        0          0          0          0          0              0          NaN                     NaN                       
378        0          0          0          0          0              0          NaN                     NaN                       
379        0          0          0          0          0              0          NaN                     NaN                       
380        0          0          0          0          0              0          NaN                     NaN                       
381        0          0          0          0          0              0          NaN                     NaN                       
382        0          0          0          0          0              0          NaN                     NaN                       
383        0          0          0          0          0              0          NaN                     NaN                       
384        0          0          0          0          0              0          NaN                     NaN                       
385        0          20         0          20         20             20         1,00                    0,00                      
386        0          20         0          20         20             20         1,00                    0,00                      
387        0          20         0          20         20             20         1,00                    0,00                      
388        12380      100        0          7787220    12480          12480      1,00                   -------------------- 99,20 
389        12460      0          20         7787520    12480          12480      1,00                   -------------------- 99,84 
391        2440       9920       100        7762380    12460          12460      1,00                   ---- 19,58                 
392        2540       9920       0          7762580    12460          12460      1,00                   ----- 20,39                
393        2460       9920       80         7762460    12460          12460      1,00                   ---- 19,74                 
394        2540       9820       100        7700580    12460          12460      1,00                   ----- 20,39                
395        2460       9920       80         7762460    12460          12460      1,00                   ---- 19,74                 
396        2540       9920       0          7762580    12460          12460      1,00                   ----- 20,39                
397        2460       9920       80         7762460    12460          12460      1,00                   ---- 19,74                 
398        2540       9820       100        7700580    12460          12460      1,00                   ----- 20,39                
399        2460       9920       80         7762460    12460          12460      1,00                   ---- 19,74                 
400        12460      0          0          7762580    12460          12460      1,00                   -------------------- 100,00
401        2540       9920       0          7762580    12460          12460      1,00                   ----- 20,39                
402        2540       9920       0          7762580    12460          12460      1,00                   ----- 20,39                
403        2540       9920       0          7762580    12460          12460      1,00                   ----- 20,39                
404        2540       9920       0          7762580    12460          12460      1,00                   ----- 20,39                
405        2540       9920       0          7762580    12460          12460      1,00                   ----- 20,39                
406        2540       9920       0          7762580    12460          12460      1,00                   ----- 20,39                
407        12360      0          100        7762380    12460          12460      1,00                   -------------------- 99,20 
408        2540       9920       0          7762580    12460          12460      1,00                   ----- 20,39                
