aggregate data per location for magnitude = 10
SEPM
143 perturbation point
N Execution Enactor
PMAG : Numerical Perturbator
5 list of 100 number
Random numbers generated with 23 as seed
IndexLoc   #Success   #Failure   #Exception #CallAllExecs      AvgCallPerExec     #Perturbations AvgPerturbationPerExec   #Execs     #ExecsRef  #Tasks     %Success                   
0          5          0          0          5                  1.00               5              1.00                     5          5          5          -------------------- 100.00
1          5          0          0          5                  1.00               5              1.00                     5          5          5          -------------------- 100.00
2          5          0          0          5                  1.00               5              1.00                     5          5          5          -------------------- 100.00
3          0          0          0          0                  NaN                0              NaN                      0          0          5          NaN                        
4          495        5          0          50000              100.00             500            1.00                     500        500        5          -------------------- 99.00 
5          495        5          0          50000              100.00             500            1.00                     500        500        5          -------------------- 99.00 
6          500        0          0          50000              100.00             500            1.00                     500        500        5          -------------------- 100.00
7          495        0          5          49505              99.01              500            1.00                     500        500        5          -------------------- 99.00 
9          5          0          0          5                  1.00               5              1.00                     5          5          5          -------------------- 100.00
10         5          0          0          5                  1.00               5              1.00                     5          5          5          -------------------- 100.00
11         5          0          0          5                  1.00               5              1.00                     5          5          5          -------------------- 100.00
12         5          0          0          5                  1.00               5              1.00                     5          5          5          -------------------- 100.00
14         0          0          0          0                  NaN                0              NaN                      0          0          5          NaN                        
15         0          5          0          5                  1.00               5              1.00                     5          5          5           0.00                      
16         1090       0          50         259645             227.76             1140           1.00                     1140       1140       5          -------------------- 95.61 
17         1135       0          5          259920             228.00             1140           1.00                     1140       1140       5          -------------------- 99.56 
18         1090       0          50         259645             227.76             1140           1.00                     1140       1140       5          -------------------- 95.61 
19         1135       0          5          259920             228.00             1140           1.00                     1140       1140       5          -------------------- 99.56 
21         886        249        0          257645             227.00             1135           1.00                     1135       1135       5          ---------------- 78.06     
22         1135       0          0          257645             227.00             1135           1.00                     1135       1135       5          -------------------- 100.00
23         906        229        0          257645             227.00             1135           1.00                     1135       1135       5          ---------------- 79.82     
24         755        380        0          257645             227.00             1135           1.00                     1135       1135       5          -------------- 66.52       
25         635        500        0          257645             227.00             1135           1.00                     1135       1135       5          ------------ 55.95         
26         635        500        0          257645             227.00             1135           1.00                     1135       1135       5          ------------ 55.95         
27         635        500        0          257645             227.00             1135           1.00                     1135       1135       5          ------------ 55.95         
28         635        500        0          257645             227.00             1135           1.00                     1135       1135       5          ------------ 55.95         
29         635        500        0          257645             227.00             1135           1.00                     1135       1135       5          ------------ 55.95         
30         635        500        0          257645             227.00             1135           1.00                     1135       1135       5          ------------ 55.95         
31         635        500        0          257645             227.00             1135           1.00                     1135       1135       5          ------------ 55.95         
32         635        500        0          257645             227.00             1135           1.00                     1135       1135       5          ------------ 55.95         
33         585        500        50         257420             226.80             1135           1.00                     1135       1135       5          ----------- 51.54          
34         585        500        50         257420             226.80             1135           1.00                     1135       1135       5          ----------- 51.54          
35         585        500        50         257420             226.80             1135           1.00                     1135       1135       5          ----------- 51.54          
36         635        500        0          257645             227.00             1135           1.00                     1135       1135       5          ------------ 55.95         
37         635        500        0          257645             227.00             1135           1.00                     1135       1135       5          ------------ 55.95         
38         635        500        0          257645             227.00             1135           1.00                     1135       1135       5          ------------ 55.95         
39         635        500        0          257645             227.00             1135           1.00                     1135       1135       5          ------------ 55.95         
40         635        500        0          257645             227.00             1135           1.00                     1135       1135       5          ------------ 55.95         
41         1135       0          0          257645             227.00             1135           1.00                     1135       1135       5          -------------------- 100.00
42         289        0          846        162584             143.25             1135           1.00                     1135       1135       5          ------ 25.46               
43         0          0          1135       129390             114.00             1135           1.00                     1135       1135       5           0.00                      
44         635        500        0          257645             227.00             1135           1.00                     1135       1135       5          ------------ 55.95         
45         635        500        0          257645             227.00             1135           1.00                     1135       1135       5          ------------ 55.95         
46         1985       0          0          787770             396.86             1985           1.00                     1985       1985       5          -------------------- 100.00
47         1980       0          5          788045             397.00             1985           1.00                     1985       1985       5          -------------------- 99.75 
48         1985       0          0          787770             396.86             1985           1.00                     1985       1985       5          -------------------- 100.00
49         1980       0          5          788045             397.00             1985           1.00                     1985       1985       5          -------------------- 99.75 
51         1935       0          45         783900             395.91             1980           1.00                     1980       1980       5          -------------------- 97.73 
52         1980       0          0          784080             396.00             1980           1.00                     1980       1980       5          -------------------- 100.00
53         1980       0          0          784080             396.00             1980           1.00                     1980       1980       5          -------------------- 100.00
54         1980       0          0          784080             396.00             1980           1.00                     1980       1980       5          -------------------- 100.00
55         1930       0          50         783855             395.89             1980           1.00                     1980       1980       5          -------------------- 97.47 
56         1930       0          50         783855             395.89             1980           1.00                     1980       1980       5          -------------------- 97.47 
57         1930       0          50         783855             395.89             1980           1.00                     1980       1980       5          -------------------- 97.47 
58         1980       0          0          784080             396.00             1980           1.00                     1980       1980       5          -------------------- 100.00
59         1980       0          0          784080             396.00             1980           1.00                     1980       1980       5          -------------------- 100.00
60         1980       0          0          784080             396.00             1980           1.00                     1980       1980       5          -------------------- 100.00
61         1980       0          0          784080             396.00             1980           1.00                     1980       1980       5          -------------------- 100.00
62         1935       0          45         783900             395.91             1980           1.00                     1980       1980       5          -------------------- 97.73 
63         1980       0          0          784080             396.00             1980           1.00                     1980       1980       5          -------------------- 100.00
64         1980       0          0          784080             396.00             1980           1.00                     1980       1980       5          -------------------- 100.00
65         1930       0          50         764555             386.14             1980           1.00                     1980       1980       5          -------------------- 97.47 
66         1980       0          0          784080             396.00             1980           1.00                     1980       1980       5          -------------------- 100.00
67         1980       0          0          784080             396.00             1980           1.00                     1980       1980       5          -------------------- 100.00
68         1980       0          0          784080             396.00             1980           1.00                     1980       1980       5          -------------------- 100.00
69         1980       0          0          784080             396.00             1980           1.00                     1980       1980       5          -------------------- 100.00
70         1980       0          0          784080             396.00             1980           1.00                     1980       1980       5          -------------------- 100.00
71         1980       0          0          784080             396.00             1980           1.00                     1980       1980       5          -------------------- 100.00
72         1980       0          0          784080             396.00             1980           1.00                     1980       1980       5          -------------------- 100.00
73         1980       0          0          784080             396.00             1980           1.00                     1980       1980       5          -------------------- 100.00
74         498        0          1482       491860             248.41             1980           1.00                     1980       1980       5          ------ 25.15               
75         0          0          1980       393030             198.50             1980           1.00                     1980       1980       5           0.00                      
76         1980       0          0          784080             396.00             1980           1.00                     1980       1980       5          -------------------- 100.00
77         1980       0          0          784080             396.00             1980           1.00                     1980       1980       5          -------------------- 100.00
78         0          0          5          5                  1.00               5              1.00                     5          5          5           0.00                      
79         5          0          0          5                  1.00               5              1.00                     5          5          5          -------------------- 100.00
80         0          0          5          5                  1.00               5              1.00                     5          5          5           0.00                      
81         5          0          0          5                  1.00               5              1.00                     5          5          5          -------------------- 100.00
82         5          0          0          5                  1.00               5              1.00                     5          5          5          -------------------- 100.00
83         5          0          0          5                  1.00               5              1.00                     5          5          5          -------------------- 100.00
84         5          0          0          5                  1.00               5              1.00                     5          5          5          -------------------- 100.00
85         5          0          0          5                  1.00               5              1.00                     5          5          5          -------------------- 100.00
86         5          0          0          5                  1.00               5              1.00                     5          5          5          -------------------- 100.00
87         5          0          0          5                  1.00               5              1.00                     5          5          5          -------------------- 100.00
88         5          0          0          5                  1.00               5              1.00                     5          5          5          -------------------- 100.00
89         0          0          5          5                  1.00               5              1.00                     5          5          5           0.00                      
90         5          0          0          5                  1.00               5              1.00                     5          5          5          -------------------- 100.00
91         0          0          5          5                  1.00               5              1.00                     5          5          5           0.00                      
92         5          0          0          5                  1.00               5              1.00                     5          5          5          -------------------- 100.00
93         5          0          0          5                  1.00               5              1.00                     5          5          5          -------------------- 100.00
94         5          0          0          5                  1.00               5              1.00                     5          5          5          -------------------- 100.00
95         5          0          0          5                  1.00               5              1.00                     5          5          5          -------------------- 100.00
96         5          0          0          5                  1.00               5              1.00                     5          5          5          -------------------- 100.00
97         5          0          0          5                  1.00               5              1.00                     5          5          5          -------------------- 100.00
98         5          0          0          5                  1.00               5              1.00                     5          5          5          -------------------- 100.00
99         5          0          0          5                  1.00               5              1.00                     5          5          5          -------------------- 100.00
100        5          0          0          5                  1.00               5              1.00                     5          5          5          -------------------- 100.00
101        1          0          4          5                  1.00               5              1.00                     5          5          5          ---- 20.00                 
102        0          0          5          5                  1.00               5              1.00                     5          5          5           0.00                      
103        5          0          0          5                  1.00               5              1.00                     5          5          5          -------------------- 100.00
104        5          0          0          5                  1.00               5              1.00                     5          5          5          -------------------- 100.00
105        0          5          0          5                  1.00               5              1.00                     5          5          5           0.00                      
106        0          500        0          50000              100.00             500            1.00                     500        500        5           0.00                      
107        498        2          0          50000              100.00             500            1.00                     500        500        5          -------------------- 99.60 
108        0          500        0          50000              100.00             500            1.00                     500        500        5           0.00                      
109        0          500        0          50000              100.00             500            1.00                     500        500        5           0.00                      
110        0          500        0          50000              100.00             500            1.00                     500        500        5           0.00                      
111        0          500        0          50000              100.00             500            1.00                     500        500        5           0.00                      
112        500        0          0          50000              100.00             500            1.00                     500        500        5          -------------------- 100.00
113        500        0          0          50000              100.00             500            1.00                     500        500        5          -------------------- 100.00
114        0          500        0          50000              100.00             500            1.00                     500        500        5           0.00                      
115        0          500        0          50000              100.00             500            1.00                     500        500        5           0.00                      
116        0          500        0          50000              100.00             500            1.00                     500        500        5           0.00                      
117        500        0          0          50000              100.00             500            1.00                     500        500        5          -------------------- 100.00
118        500        0          0          50000              100.00             500            1.00                     500        500        5          -------------------- 100.00
119        0          500        0          50000              100.00             500            1.00                     500        500        5           0.00                      
120        500        0          0          50000              100.00             500            1.00                     500        500        5          -------------------- 100.00
121        0          500        0          50000              100.00             500            1.00                     500        500        5           0.00                      
122        0          500        0          50000              100.00             500            1.00                     500        500        5           0.00                      
123        0          500        0          50000              100.00             500            1.00                     500        500        5           0.00                      
124        0          0          0          0                  NaN                0              NaN                      0          0          5          NaN                        
125        0          0          0          0                  NaN                0              NaN                      0          0          5          NaN                        
126        0          0          0          0                  NaN                0              NaN                      0          0          5          NaN                        
127        0          0          0          0                  NaN                0              NaN                      0          0          5          NaN                        
128        0          0          0          0                  NaN                0              NaN                      0          0          5          NaN                        
130        0          0          0          0                  NaN                0              NaN                      0          0          5          NaN                        
131        0          0          0          0                  NaN                0              NaN                      0          0          5          NaN                        
132        0          0          0          0                  NaN                0              NaN                      0          0          5          NaN                        
133        0          0          0          0                  NaN                0              NaN                      0          0          5          NaN                        
134        0          0          0          0                  NaN                0              NaN                      0          0          5          NaN                        
135        0          0          0          0                  NaN                0              NaN                      0          0          5          NaN                        
136        0          0          0          0                  NaN                0              NaN                      0          0          5          NaN                        
137        0          0          0          0                  NaN                0              NaN                      0          0          5          NaN                        
138        0          0          0          0                  NaN                0              NaN                      0          0          5          NaN                        
139        0          0          0          0                  NaN                0              NaN                      0          0          5          NaN                        
140        0          0          0          0                  NaN                0              NaN                      0          0          5          NaN                        
141        0          0          0          0                  NaN                0              NaN                      0          0          5          NaN                        
142        0          0          0          0                  NaN                0              NaN                      0          0          5          NaN                        
143        0          0          0          0                  NaN                0              NaN                      0          0          5          NaN                        
144        0          0          0          0                  NaN                0              NaN                      0          0          5          NaN                        
145        0          0          0          0                  NaN                0              NaN                      0          0          5          NaN                        
146        0          0          0          0                  NaN                0              NaN                      0          0          5          NaN                        
147        0          0          0          0                  NaN                0              NaN                      0          0          5          NaN                        
