aggregate data per location for magnitude = 2
SEPM
143 perturbation point
N Execution Enactor
PMAG : Numerical Perturbator
20 list of 100 number
Random numbers generated with 23 as seed
IndexLoc   #Success   #Failure   #Exception #call_all_execs    avg_call_per_execs #Perturbations AvgPerturbationPerExecs  #Execs     #Tasks     %Success                   
0          20         0          0          20                 1                  20             1,00                     20         20         -------------------- 100,00
1          20         0          0          20                 1                  20             1,00                     20         20         -------------------- 100,00
2          20         0          0          20                 1                  20             1,00                     20         20         -------------------- 100,00
3          0          0          0          0                  0                  0              NaN                      0          20         NaN                        
4          1980       20         0          2000               100                2000           1,00                     200000     20         -------------------- 99,00 
5          1980       20         0          2000               100                2000           1,00                     200000     20         -------------------- 99,00 
6          2000       0          0          2000               100                2000           1,00                     200000     20         -------------------- 100,00
7          1980       0          20         2000               100                2000           1,00                     198020     20         -------------------- 99,00 
9          20         0          0          20                 1                  20             1,00                     20         20         -------------------- 100,00
10         20         0          0          20                 1                  20             1,00                     20         20         -------------------- 100,00
11         20         0          0          20                 1                  20             1,00                     20         20         -------------------- 100,00
12         20         0          0          20                 1                  20             1,00                     20         20         -------------------- 100,00
14         0          0          0          0                  0                  0              NaN                      0          20         NaN                        
15         0          20         0          20                 1                  20             1,00                     20         20          0,00                      
16         4520       0          40         4560               228                4560           1,00                     1039620    20         -------------------- 99,12 
17         4540       0          20         4560               228                4560           1,00                     1039680    20         -------------------- 99,56 
18         4520       0          40         4560               228                4560           1,00                     1039620    20         -------------------- 99,12 
19         4540       0          20         4560               228                4560           1,00                     1039680    20         -------------------- 99,56 
21         3539       1001       0          4540               227                4540           1,00                     1030580    20         ---------------- 77,95     
22         4540       0          0          4540               227                4540           1,00                     1030580    20         -------------------- 100,00
23         4043       497        0          4540               227                4540           1,00                     1030580    20         ------------------ 89,05   
24         3546       994        0          4540               227                4540           1,00                     1030580    20         ---------------- 78,11     
25         2540       2000       0          4540               227                4540           1,00                     1030580    20         ------------ 55,95         
26         2540       2000       0          4540               227                4540           1,00                     1030580    20         ------------ 55,95         
27         2540       2000       0          4540               227                4540           1,00                     1030580    20         ------------ 55,95         
28         2540       2000       0          4540               227                4540           1,00                     1030580    20         ------------ 55,95         
29         2540       2000       0          4540               227                4540           1,00                     1030580    20         ------------ 55,95         
30         2540       2000       0          4540               227                4540           1,00                     1030580    20         ------------ 55,95         
31         2540       2000       0          4540               227                4540           1,00                     1030580    20         ------------ 55,95         
32         2540       2000       0          4540               227                4540           1,00                     1030580    20         ------------ 55,95         
33         2500       2000       40         4540               227                4540           1,00                     1030560    20         ------------ 55,07         
34         2500       2000       40         4540               227                4540           1,00                     1030560    20         ------------ 55,07         
35         2500       2000       40         4540               227                4540           1,00                     1030560    20         ------------ 55,07         
36         2540       2000       0          4540               227                4540           1,00                     1030580    20         ------------ 55,95         
37         2540       2000       0          4540               227                4540           1,00                     1030580    20         ------------ 55,95         
38         2540       2000       0          4540               227                4540           1,00                     1030580    20         ------------ 55,95         
39         2540       2000       0          4540               227                4540           1,00                     1030580    20         ------------ 55,95         
40         2540       2000       0          4540               227                4540           1,00                     1030580    20         ------------ 55,95         
41         4540       0          0          4540               227                4540           1,00                     1030580    20         -------------------- 100,00
42         2243       0          2297       4540               227                4540           1,00                     773722     20         ---------- 49,41           
43         0          0          4540       4540               227                4540           1,00                     517560     20          0,00                      
44         2540       2000       0          4540               227                4540           1,00                     1030580    20         ------------ 55,95         
45         2540       2000       0          4540               227                4540           1,00                     1030580    20         ------------ 55,95         
46         7940       0          0          7940               397                7940           1,00                     3152120    20         -------------------- 100,00
47         7920       0          20         7940               397                7940           1,00                     3152180    20         -------------------- 99,75 
48         7940       0          0          7940               397                7940           1,00                     3152120    20         -------------------- 100,00
49         7920       0          20         7940               397                7940           1,00                     3152180    20         -------------------- 99,75 
51         7900       0          20         7920               396                7920           1,00                     3136320    20         -------------------- 99,75 
52         7920       0          0          7920               396                7920           1,00                     3136320    20         -------------------- 100,00
53         7920       0          0          7920               396                7920           1,00                     3136320    20         -------------------- 100,00
54         7920       0          0          7920               396                7920           1,00                     3136320    20         -------------------- 100,00
55         7880       0          40         7920               396                7920           1,00                     3136300    20         -------------------- 99,49 
56         7880       0          40         7920               396                7920           1,00                     3136300    20         -------------------- 99,49 
57         7880       0          40         7920               396                7920           1,00                     3136300    20         -------------------- 99,49 
58         7920       0          0          7920               396                7920           1,00                     3136320    20         -------------------- 100,00
59         7920       0          0          7920               396                7920           1,00                     3136320    20         -------------------- 100,00
60         7920       0          0          7920               396                7920           1,00                     3136320    20         -------------------- 100,00
61         7920       0          0          7920               396                7920           1,00                     3136320    20         -------------------- 100,00
62         7900       0          20         7920               396                7920           1,00                     3136320    20         -------------------- 99,75 
63         7920       0          0          7920               396                7920           1,00                     3136320    20         -------------------- 100,00
64         7920       0          0          7920               396                7920           1,00                     3136320    20         -------------------- 100,00
65         7880       0          40         7920               396                7920           1,00                     3120540    20         -------------------- 99,49 
66         7920       0          0          7920               396                7920           1,00                     3136320    20         -------------------- 100,00
67         7920       0          0          7920               396                7920           1,00                     3136320    20         -------------------- 100,00
68         7920       0          0          7920               396                7920           1,00                     3136320    20         -------------------- 100,00
69         7920       0          0          7920               396                7920           1,00                     3136320    20         -------------------- 100,00
70         7920       0          0          7920               396                7920           1,00                     3136320    20         -------------------- 100,00
71         7920       0          0          7920               396                7920           1,00                     3136320    20         -------------------- 100,00
72         7920       0          0          7920               396                7920           1,00                     3136320    20         -------------------- 100,00
73         7920       0          0          7920               396                7920           1,00                     3136320    20         -------------------- 100,00
74         3969       0          3951       7920               396                7920           1,00                     2346750    20         ----------- 50,11          
75         0          0          7920       7920               396                7920           1,00                     1572120    20          0,00                      
76         7920       0          0          7920               396                7920           1,00                     3136320    20         -------------------- 100,00
77         7920       0          0          7920               396                7920           1,00                     3136320    20         -------------------- 100,00
78         0          0          20         20                 1                  20             1,00                     20         20          0,00                      
79         20         0          0          20                 1                  20             1,00                     20         20         -------------------- 100,00
80         0          0          20         20                 1                  20             1,00                     20         20          0,00                      
81         20         0          0          20                 1                  20             1,00                     20         20         -------------------- 100,00
82         20         0          0          20                 1                  20             1,00                     20         20         -------------------- 100,00
83         20         0          0          20                 1                  20             1,00                     20         20         -------------------- 100,00
84         20         0          0          20                 1                  20             1,00                     20         20         -------------------- 100,00
85         20         0          0          20                 1                  20             1,00                     20         20         -------------------- 100,00
86         20         0          0          20                 1                  20             1,00                     20         20         -------------------- 100,00
87         20         0          0          20                 1                  20             1,00                     20         20         -------------------- 100,00
88         20         0          0          20                 1                  20             1,00                     20         20         -------------------- 100,00
89         0          0          20         20                 1                  20             1,00                     20         20          0,00                      
90         20         0          0          20                 1                  20             1,00                     20         20         -------------------- 100,00
91         0          0          20         20                 1                  20             1,00                     20         20          0,00                      
92         20         0          0          20                 1                  20             1,00                     20         20         -------------------- 100,00
93         20         0          0          20                 1                  20             1,00                     20         20         -------------------- 100,00
94         20         0          0          20                 1                  20             1,00                     20         20         -------------------- 100,00
95         20         0          0          20                 1                  20             1,00                     20         20         -------------------- 100,00
96         20         0          0          20                 1                  20             1,00                     20         20         -------------------- 100,00
97         20         0          0          20                 1                  20             1,00                     20         20         -------------------- 100,00
98         20         0          0          20                 1                  20             1,00                     20         20         -------------------- 100,00
99         20         0          0          20                 1                  20             1,00                     20         20         -------------------- 100,00
100        20         0          0          20                 1                  20             1,00                     20         20         -------------------- 100,00
101        11         0          9          20                 1                  20             1,00                     20         20         ------------ 55,00         
102        0          0          20         20                 1                  20             1,00                     20         20          0,00                      
103        20         0          0          20                 1                  20             1,00                     20         20         -------------------- 100,00
104        20         0          0          20                 1                  20             1,00                     20         20         -------------------- 100,00
105        0          20         0          20                 1                  20             1,00                     20         20          0,00                      
106        0          2000       0          2000               100                2000           1,00                     200000     20          0,00                      
107        1999       1          0          2000               100                2000           1,00                     200000     20         -------------------- 99,95 
108        0          2000       0          2000               100                2000           1,00                     200000     20          0,00                      
109        0          2000       0          2000               100                2000           1,00                     200000     20          0,00                      
110        1006       994        0          2000               100                2000           1,00                     200000     20         ----------- 50,30          
111        2          1998       0          2000               100                2000           1,00                     200000     20         - 0,10                     
112        2000       0          0          2000               100                2000           1,00                     200000     20         -------------------- 100,00
113        2000       0          0          2000               100                2000           1,00                     200000     20         -------------------- 100,00
114        0          2000       0          2000               100                2000           1,00                     200000     20          0,00                      
115        1006       994        0          2000               100                2000           1,00                     200000     20         ----------- 50,30          
116        1          1999       0          2000               100                2000           1,00                     200000     20         - 0,05                     
117        2000       0          0          2000               100                2000           1,00                     200000     20         -------------------- 100,00
118        2000       0          0          2000               100                2000           1,00                     200000     20         -------------------- 100,00
119        0          2000       0          2000               100                2000           1,00                     200000     20          0,00                      
120        2000       0          0          2000               100                2000           1,00                     200000     20         -------------------- 100,00
121        1          1999       0          2000               100                2000           1,00                     200000     20         - 0,05                     
122        0          2000       0          2000               100                2000           1,00                     200000     20          0,00                      
123        0          2000       0          2000               100                2000           1,00                     200000     20          0,00                      
124        0          0          0          0                  0                  0              NaN                      0          20         NaN                        
125        0          0          0          0                  0                  0              NaN                      0          20         NaN                        
126        0          0          0          0                  0                  0              NaN                      0          20         NaN                        
127        0          0          0          0                  0                  0              NaN                      0          20         NaN                        
128        0          0          0          0                  0                  0              NaN                      0          20         NaN                        
130        0          0          0          0                  0                  0              NaN                      0          20         NaN                        
131        0          0          0          0                  0                  0              NaN                      0          20         NaN                        
132        0          0          0          0                  0                  0              NaN                      0          20         NaN                        
133        0          0          0          0                  0                  0              NaN                      0          20         NaN                        
134        0          0          0          0                  0                  0              NaN                      0          20         NaN                        
135        0          0          0          0                  0                  0              NaN                      0          20         NaN                        
136        0          0          0          0                  0                  0              NaN                      0          20         NaN                        
137        0          0          0          0                  0                  0              NaN                      0          20         NaN                        
138        0          0          0          0                  0                  0              NaN                      0          20         NaN                        
139        0          0          0          0                  0                  0              NaN                      0          20         NaN                        
140        0          0          0          0                  0                  0              NaN                      0          20         NaN                        
141        0          0          0          0                  0                  0              NaN                      0          20         NaN                        
142        0          0          0          0                  0                  0              NaN                      0          20         NaN                        
143        0          0          0          0                  0                  0              NaN                      0          20         NaN                        
144        0          0          0          0                  0                  0              NaN                      0          20         NaN                        
145        0          0          0          0                  0                  0              NaN                      0          20         NaN                        
146        0          0          0          0                  0                  0              NaN                      0          20         NaN                        
147        0          0          0          0                  0                  0              NaN                      0          20         NaN                        
