aggregate data per location for magnitude = 50
SEPM
224 perturbation point
N Execution Enactor
PMAG : Numerical Perturbator
20 list of 100 number
Random numbers generated with 23 as seed
IndexLoc   #Success   #Failure   #Exception #Call      #Perturbation  #Task      AvgPerturbationPerTask %Success                   
174        20         0          0          20         20             20         1,00                   -------------------- 100,00
175        20         0          0          20         20             20         1,00                   -------------------- 100,00
176        20         0          0          20         20             20         1,00                   -------------------- 100,00
177        0          0          0          0          0              0          NaN                     NaN                       
178        1980       20         0          200000     2000           2000       1,00                   -------------------- 99,00 
179        1980       20         0          200000     2000           2000       1,00                   -------------------- 99,00 
180        2000       0          0          200000     2000           2000       1,00                   -------------------- 100,00
181        1980       0          20         198020     2000           2000       1,00                   -------------------- 99,00 
183        20         0          0          20         20             20         1,00                   -------------------- 100,00
184        20         0          0          20         20             20         1,00                   -------------------- 100,00
185        20         0          0          20         20             20         1,00                   -------------------- 100,00
186        20         0          0          20         20             20         1,00                   -------------------- 100,00
188        0          0          0          0          0              0          NaN                     NaN                       
189        0          20         0          20         20             20         1,00                    0,00                      
190        3560       0          1000       1014180    4560           4560       1,00                   ---------------- 78,07     
191        4540       0          20         1039680    4560           4560       1,00                   -------------------- 99,56 
192        3560       0          1000       1014180    4560           4560       1,00                   ---------------- 78,07     
193        4540       0          20         1039680    4560           4560       1,00                   -------------------- 99,56 
195        3504       1036       0          1030580    4540           4540       1,00                   ---------------- 77,18     
196        4540       0          0          1030580    4540           4540       1,00                   -------------------- 100,00
197        3401       1139       0          1030580    4540           4540       1,00                   --------------- 74,91      
198        2786       1754       0          1030580    4540           4540       1,00                   ------------- 61,37        
199        2540       2000       0          1030580    4540           4540       1,00                   ------------ 55,95         
200        2540       2000       0          1030580    4540           4540       1,00                   ------------ 55,95         
201        2540       2000       0          1030580    4540           4540       1,00                   ------------ 55,95         
202        2540       2000       0          1030580    4540           4540       1,00                   ------------ 55,95         
203        2540       2000       0          1030580    4540           4540       1,00                   ------------ 55,95         
204        2540       2000       0          1030580    4540           4540       1,00                   ------------ 55,95         
205        2540       2000       0          1030580    4540           4540       1,00                   ------------ 55,95         
206        2540       2000       0          1030580    4540           4540       1,00                   ------------ 55,95         
207        1540       2000       1000       1006080    4540           4540       1,00                   ------- 33,92              
208        1540       2000       1000       1006080    4540           4540       1,00                   ------- 33,92              
209        1540       2000       1000       1006080    4540           4540       1,00                   ------- 33,92              
210        2540       2000       0          1030580    4540           4540       1,00                   ------------ 55,95         
211        2540       2000       0          1030580    4540           4540       1,00                   ------------ 55,95         
212        2540       2000       0          1030580    4540           4540       1,00                   ------------ 55,95         
213        2540       2000       0          1030580    4540           4540       1,00                   ------------ 55,95         
214        2540       2000       0          1030580    4540           4540       1,00                   ------------ 55,95         
215        4540       0          0          1030580    4540           4540       1,00                   -------------------- 100,00
216        565        0          3975       584077     4540           4540       1,00                   --- 12,44                  
217        0          0          4540       517560     4540           4540       1,00                    0,00                      
218        2540       2000       0          1030580    4540           4540       1,00                   ------------ 55,95         
219        2540       2000       0          1030580    4540           4540       1,00                   ------------ 55,95         
220        7940       0          0          3126680    7940           7940       1,00                   -------------------- 100,00
221        7920       0          20         3152180    7940           7940       1,00                   -------------------- 99,75 
222        7940       0          0          3126680    7940           7940       1,00                   -------------------- 100,00
223        7920       0          20         3152180    7940           7940       1,00                   -------------------- 99,75 
225        6940       0          980        3112800    7920           7920       1,00                   ------------------ 87,63   
226        7920       0          0          3136320    7920           7920       1,00                   -------------------- 100,00
227        7920       0          0          3136320    7920           7920       1,00                   -------------------- 100,00
228        7920       0          0          3136320    7920           7920       1,00                   -------------------- 100,00
229        6920       0          1000       3111820    7920           7920       1,00                   ------------------ 87,37   
230        6920       0          1000       3111820    7920           7920       1,00                   ------------------ 87,37   
231        6920       0          1000       3111820    7920           7920       1,00                   ------------------ 87,37   
232        7920       0          0          3136320    7920           7920       1,00                   -------------------- 100,00
233        7920       0          0          3136320    7920           7920       1,00                   -------------------- 100,00
234        7920       0          0          3136320    7920           7920       1,00                   -------------------- 100,00
235        7920       0          0          3136320    7920           7920       1,00                   -------------------- 100,00
236        6940       0          980        3112800    7920           7920       1,00                   ------------------ 87,63   
237        7920       0          0          3136320    7920           7920       1,00                   -------------------- 100,00
238        7920       0          0          3136320    7920           7920       1,00                   -------------------- 100,00
239        6920       0          1000       2765820    7920           7920       1,00                   ------------------ 87,37   
240        7920       0          0          3136320    7920           7920       1,00                   -------------------- 100,00
241        7920       0          0          3136320    7920           7920       1,00                   -------------------- 100,00
242        7920       0          0          3136320    7920           7920       1,00                   -------------------- 100,00
243        7920       0          0          3136320    7920           7920       1,00                   -------------------- 100,00
244        7920       0          0          3136320    7920           7920       1,00                   -------------------- 100,00
245        7920       0          0          3136320    7920           7920       1,00                   -------------------- 100,00
246        7920       0          0          3136320    7920           7920       1,00                   -------------------- 100,00
247        7920       0          0          3136320    7920           7920       1,00                   -------------------- 100,00
248        991        0          6929       1769413    7920           7920       1,00                   --- 12,51                  
249        0          0          7920       1572120    7920           7920       1,00                    0,00                      
250        7920       0          0          3136320    7920           7920       1,00                   -------------------- 100,00
251        7920       0          0          3136320    7920           7920       1,00                   -------------------- 100,00
252        0          0          20         20         20             20         1,00                    0,00                      
253        20         0          0          20         20             20         1,00                   -------------------- 100,00
254        0          0          20         20         20             20         1,00                    0,00                      
255        20         0          0          20         20             20         1,00                   -------------------- 100,00
256        20         0          0          20         20             20         1,00                   -------------------- 100,00
257        20         0          0          20         20             20         1,00                   -------------------- 100,00
258        20         0          0          20         20             20         1,00                   -------------------- 100,00
259        20         0          0          20         20             20         1,00                   -------------------- 100,00
260        20         0          0          20         20             20         1,00                   -------------------- 100,00
261        20         0          0          20         20             20         1,00                   -------------------- 100,00
262        20         0          0          20         20             20         1,00                   -------------------- 100,00
263        0          0          20         20         20             20         1,00                    0,00                      
264        20         0          0          20         20             20         1,00                   -------------------- 100,00
265        0          0          20         20         20             20         1,00                    0,00                      
266        20         0          0          20         20             20         1,00                   -------------------- 100,00
267        20         0          0          20         20             20         1,00                   -------------------- 100,00
268        20         0          0          20         20             20         1,00                   -------------------- 100,00
269        20         0          0          20         20             20         1,00                   -------------------- 100,00
270        20         0          0          20         20             20         1,00                   -------------------- 100,00
271        20         0          0          20         20             20         1,00                   -------------------- 100,00
272        20         0          0          20         20             20         1,00                   -------------------- 100,00
273        20         0          0          20         20             20         1,00                   -------------------- 100,00
274        20         0          0          20         20             20         1,00                   -------------------- 100,00
275        2          0          18         20         20             20         1,00                   -- 10,00                   
276        0          0          20         20         20             20         1,00                    0,00                      
277        20         0          0          20         20             20         1,00                   -------------------- 100,00
278        20         0          0          20         20             20         1,00                   -------------------- 100,00
279        0          20         0          20         20             20         1,00                    0,00                      
280        0          2000       0          200000     2000           2000       1,00                    0,00                      
281        1962       38         0          200000     2000           2000       1,00                   -------------------- 98,10 
282        0          2000       0          200000     2000           2000       1,00                    0,00                      
283        0          2000       0          200000     2000           2000       1,00                    0,00                      
284        258        1742       0          200000     2000           2000       1,00                   --- 12,90                  
285        0          2000       0          200000     2000           2000       1,00                    0,00                      
286        2000       0          0          200000     2000           2000       1,00                   -------------------- 100,00
287        2000       0          0          200000     2000           2000       1,00                   -------------------- 100,00
288        0          2000       0          200000     2000           2000       1,00                    0,00                      
289        628        1372       0          200000     2000           2000       1,00                   ------- 31,40              
290        1          1999       0          200000     2000           2000       1,00                   - 0,05                     
291        2000       0          0          200000     2000           2000       1,00                   -------------------- 100,00
292        2000       0          0          200000     2000           2000       1,00                   -------------------- 100,00
293        0          2000       0          200000     2000           2000       1,00                    0,00                      
294        2000       0          0          200000     2000           2000       1,00                   -------------------- 100,00
295        0          2000       0          200000     2000           2000       1,00                    0,00                      
296        0          2000       0          200000     2000           2000       1,00                    0,00                      
297        0          2000       0          200000     2000           2000       1,00                    0,00                      
298        0          0          0          0          0              0          NaN                     NaN                       
299        0          0          0          0          0              0          NaN                     NaN                       
300        0          0          0          0          0              0          NaN                     NaN                       
301        0          0          0          0          0              0          NaN                     NaN                       
302        0          0          0          0          0              0          NaN                     NaN                       
304        0          0          0          0          0              0          NaN                     NaN                       
305        0          0          0          0          0              0          NaN                     NaN                       
306        0          0          0          0          0              0          NaN                     NaN                       
307        0          0          0          0          0              0          NaN                     NaN                       
308        0          0          0          0          0              0          NaN                     NaN                       
310        0          0          0          0          0              0          NaN                     NaN                       
311        0          0          0          0          0              0          NaN                     NaN                       
312        0          0          0          0          0              0          NaN                     NaN                       
313        0          0          0          0          0              0          NaN                     NaN                       
314        0          0          0          0          0              0          NaN                     NaN                       
315        0          0          0          0          0              0          NaN                     NaN                       
316        0          0          0          0          0              0          NaN                     NaN                       
317        0          0          0          0          0              0          NaN                     NaN                       
318        0          0          0          0          0              0          NaN                     NaN                       
319        0          0          0          0          0              0          NaN                     NaN                       
320        0          0          0          0          0              0          NaN                     NaN                       
321        0          0          0          0          0              0          NaN                     NaN                       
322        0          0          0          0          0              0          NaN                     NaN                       
323        0          0          0          0          0              0          NaN                     NaN                       
324        0          0          0          0          0              0          NaN                     NaN                       
325        0          0          0          0          0              0          NaN                     NaN                       
326        0          0          0          0          0              0          NaN                     NaN                       
327        0          0          0          0          0              0          NaN                     NaN                       
328        0          0          0          0          0              0          NaN                     NaN                       
329        0          0          0          0          0              0          NaN                     NaN                       
330        0          0          0          0          0              0          NaN                     NaN                       
331        0          0          0          0          0              0          NaN                     NaN                       
332        0          0          0          0          0              0          NaN                     NaN                       
333        0          0          0          0          0              0          NaN                     NaN                       
334        0          0          0          0          0              0          NaN                     NaN                       
335        0          0          0          0          0              0          NaN                     NaN                       
337        0          0          0          0          0              0          NaN                     NaN                       
338        0          0          0          0          0              0          NaN                     NaN                       
339        0          0          0          0          0              0          NaN                     NaN                       
340        0          0          0          0          0              0          NaN                     NaN                       
341        0          0          0          0          0              0          NaN                     NaN                       
342        0          0          0          0          0              0          NaN                     NaN                       
343        0          0          0          0          0              0          NaN                     NaN                       
344        0          0          0          0          0              0          NaN                     NaN                       
346        0          0          0          0          0              0          NaN                     NaN                       
347        0          0          0          0          0              0          NaN                     NaN                       
348        0          0          0          0          0              0          NaN                     NaN                       
349        0          0          0          0          0              0          NaN                     NaN                       
350        0          0          0          0          0              0          NaN                     NaN                       
351        0          0          0          0          0              0          NaN                     NaN                       
353        0          0          0          0          0              0          NaN                     NaN                       
354        0          0          0          0          0              0          NaN                     NaN                       
355        0          0          0          0          0              0          NaN                     NaN                       
356        0          0          0          0          0              0          NaN                     NaN                       
357        0          0          0          0          0              0          NaN                     NaN                       
358        0          0          0          0          0              0          NaN                     NaN                       
359        0          0          0          0          0              0          NaN                     NaN                       
360        0          0          0          0          0              0          NaN                     NaN                       
361        0          0          0          0          0              0          NaN                     NaN                       
362        0          0          0          0          0              0          NaN                     NaN                       
363        0          0          0          0          0              0          NaN                     NaN                       
364        0          0          0          0          0              0          NaN                     NaN                       
365        0          0          0          0          0              0          NaN                     NaN                       
366        0          0          0          0          0              0          NaN                     NaN                       
367        0          0          0          0          0              0          NaN                     NaN                       
368        0          0          0          0          0              0          NaN                     NaN                       
369        0          0          0          0          0              0          NaN                     NaN                       
370        0          0          0          0          0              0          NaN                     NaN                       
371        0          0          0          0          0              0          NaN                     NaN                       
372        0          0          0          0          0              0          NaN                     NaN                       
373        0          0          0          0          0              0          NaN                     NaN                       
374        0          0          0          0          0              0          NaN                     NaN                       
375        0          0          0          0          0              0          NaN                     NaN                       
377        0          0          0          0          0              0          NaN                     NaN                       
378        0          0          0          0          0              0          NaN                     NaN                       
379        0          0          0          0          0              0          NaN                     NaN                       
380        0          0          0          0          0              0          NaN                     NaN                       
381        0          0          0          0          0              0          NaN                     NaN                       
382        0          0          0          0          0              0          NaN                     NaN                       
383        0          0          0          0          0              0          NaN                     NaN                       
384        0          0          0          0          0              0          NaN                     NaN                       
385        0          20         0          20         20             20         1,00                    0,00                      
386        0          20         0          20         20             20         1,00                    0,00                      
387        0          20         0          20         20             20         1,00                    0,00                      
388        11480      1000       0          7762020    12480          12480      1,00                   ------------------- 91,99  
389        12460      0          20         7787520    12480          12480      1,00                   -------------------- 99,84 
391        1540       9920       1000       7738080    12460          12460      1,00                   --- 12,36                  
392        2540       9920       0          7762580    12460          12460      1,00                   ----- 20,39                
393        1560       9920       980        7739060    12460          12460      1,00                   --- 12,52                  
394        2540       8920       1000       7165080    12460          12460      1,00                   ----- 20,39                
395        1560       9920       980        7739060    12460          12460      1,00                   --- 12,52                  
396        2540       9920       0          7762580    12460          12460      1,00                   ----- 20,39                
397        1560       9920       980        7739060    12460          12460      1,00                   --- 12,52                  
398        2540       8920       1000       7165080    12460          12460      1,00                   ----- 20,39                
399        1560       9920       980        7739060    12460          12460      1,00                   --- 12,52                  
400        12460      0          0          7762580    12460          12460      1,00                   -------------------- 100,00
401        2540       9920       0          7762580    12460          12460      1,00                   ----- 20,39                
402        2540       9920       0          7762580    12460          12460      1,00                   ----- 20,39                
403        2540       9920       0          7762580    12460          12460      1,00                   ----- 20,39                
404        2540       9920       0          7762580    12460          12460      1,00                   ----- 20,39                
405        2540       9920       0          7762580    12460          12460      1,00                   ----- 20,39                
406        2540       9920       0          7762580    12460          12460      1,00                   ----- 20,39                
407        11460      0          1000       7738080    12460          12460      1,00                   ------------------- 91,97  
408        2540       9920       0          7762580    12460          12460      1,00                   ----- 20,39                
