contains the data for the random rates analysis graph.
SERN
random Rates : 0.001 0.002 0.005 0.009 0.01 0.02 0.05 0.09 0.1 0.2 0.5 0.9 
5 perturbation point
5 repetition of each point of each task
INV : Boolean Perturbator, Random Enactor, seed :32
5 list of 100 number
Random numbers generated with 23 as seed
RandomRate IndexLoc   #Success   #Failure   #Exception #Call      #Perturbation  %Success                   
0.001      8          24         1          0          2500       1              -------------------- 96,00 
0.002      8          21         4          0          2500       4              ----------------- 84,00    
0.005      8          15         10         0          2500       12             ------------ 60,00         
0.009      8          9          16         0          2500       23             -------- 36,00             
0.01       8          9          16         0          2500       25             -------- 36,00             
0.02       8          2          23         0          2500       51             -- 8,00                    
0.05       8          0          25         0          2500       118             0,00                      
0.09       8          0          25         0          2500       228             0,00                      
0.1        8          0          25         0          2500       255             0,00                      
0.2        8          0          23         2          2302       459             0,00                      
0.5        8          0          16         9          1609       799             0,00                      
0.9        8          0          0          25         25         25              0,00                      
0.001      13         25         0          0          25         0              NaN                        
0.002      13         25         0          0          25         0              NaN                        
0.005      13         25         0          0          25         0              NaN                        
0.009      13         25         0          0          25         0              NaN                        
0.01       13         25         0          0          25         0              NaN                        
0.02       13         25         0          0          25         0              NaN                        
0.05       13         25         0          0          25         0              NaN                        
0.09       13         23         2          0          25         2              ------------------- 92,00  
0.1        13         23         2          0          25         2              ------------------- 92,00  
0.2        13         19         6          0          25         6              ---------------- 76,00     
0.5        13         13         12         0          25         12             ----------- 52,00          
0.9        13         0          25         0          25         25              0,00                      
0.001      20         21         0          4          5052       4              ----------------- 84,00    
0.002      20         18         0          7          4824       7              --------------- 72,00      
0.005      20         9          0          16         3706       16             -------- 36,00             
0.009      20         4          0          21         2221       21             ---- 16,00                 
0.01       20         4          0          21         2097       21             ---- 16,00                 
0.02       20         0          0          25         1090       25              0,00                      
0.05       20         0          0          25         505        25              0,00                      
0.09       20         0          0          25         256        25              0,00                      
0.1        20         0          0          25         234        25              0,00                      
0.2        20         0          0          25         102        25              0,00                      
0.5        20         0          0          25         53         25              0,00                      
0.9        20         0          0          25         25         25              0,00                      
0.001      50         25         0          0          8054       7              -------------------- 100,00
0.002      50         25         0          0          8054       11             -------------------- 100,00
0.005      50         25         0          0          4517       22             -------------------- 100,00
0.009      50         25         0          0          2538       24             -------------------- 100,00
0.01       50         25         0          0          2260       24             -------------------- 100,00
0.02       50         25         0          0          1090       25             -------------------- 100,00
0.05       50         25         0          0          505        25             -------------------- 100,00
0.09       50         25         0          0          256        25             -------------------- 100,00
0.1        50         25         0          0          234        25             -------------------- 100,00
0.2        50         25         0          0          102        25             -------------------- 100,00
0.5        50         25         0          0          53         25             -------------------- 100,00
0.9        50         25         0          0          25         25             -------------------- 100,00
0.001      129        25         0          0          0          0              NaN                        
0.002      129        25         0          0          0          0              NaN                        
0.005      129        25         0          0          0          0              NaN                        
0.009      129        25         0          0          0          0              NaN                        
0.01       129        25         0          0          0          0              NaN                        
0.02       129        25         0          0          0          0              NaN                        
0.05       129        25         0          0          0          0              NaN                        
0.09       129        25         0          0          0          0              NaN                        
0.1        129        25         0          0          0          0              NaN                        
0.2        129        25         0          0          0          0              NaN                        
0.5        129        25         0          0          0          0              NaN                        
0.9        129        25         0          0          0          0              NaN                        
