detail per task and per random rate and per Perturbator.
Exploration Boolean Negation
143 perturbation point.
NEGB : negation of boolean value.
random rate : 0.001 0.01 0.05 0.1 0.5 0.9 
20 list of 100 number
Random numbers generated with 23 as seed
Task       RandomRate Perturbator IndexLoc   #Success   #Failure   #Exception #Call      #Perturbation  AvgPerturbationPerCall %Success                   
0          0.001      NEGB       8          5          0          0          500        0              0.0                    NaN                        
0          0.01       NEGB       8          3          2          0          500        2              0.4                    ------------ 60,00         
0          0.05       NEGB       8          0          5          0          500        24             4.8                     0,00                      
0          0.1        NEGB       8          0          5          0          500        57             11.4                    0,00                      
0          0.5        NEGB       8          0          2          3          203        103            20.6                    0,00                      
0          0.9        NEGB       8          0          0          5          5          5              1.0                     0,00                      
0          0.001      NEGB       13         5          0          0          5          0              0.0                    NaN                        
0          0.01       NEGB       13         5          0          0          5          0              0.0                    NaN                        
0          0.05       NEGB       13         5          0          0          5          0              0.0                    NaN                        
0          0.1        NEGB       13         5          0          0          5          0              0.0                    NaN                        
0          0.5        NEGB       13         3          2          0          5          2              0.4                    ------------ 60,00         
0          0.9        NEGB       13         0          5          0          5          5              1.0                     0,00                      
0          0.001      NEGB       20         4          0          1          1069       1              0.2                    ---------------- 80,00     
0          0.01       NEGB       20         3          0          2          745        2              0.4                    ------------ 60,00         
0          0.05       NEGB       20         0          0          5          60         5              1.0                     0,00                      
0          0.1        NEGB       20         0          0          5          47         5              1.0                     0,00                      
0          0.5        NEGB       20         0          0          5          12         5              1.0                     0,00                      
0          0.9        NEGB       20         0          0          5          5          5              1.0                     0,00                      
0          0.001      NEGB       50         5          0          0          1863       1              0.2                    -------------------- 100,00
0          0.01       NEGB       50         5          0          0          840        4              0.8                    -------------------- 100,00
0          0.05       NEGB       50         5          0          0          60         5              1.0                    -------------------- 100,00
0          0.1        NEGB       50         5          0          0          47         5              1.0                    -------------------- 100,00
0          0.5        NEGB       50         5          0          0          12         5              1.0                    -------------------- 100,00
0          0.9        NEGB       50         5          0          0          5          5              1.0                    -------------------- 100,00
0          0.001      NEGB       129        5          0          0          0          0              0.0                    NaN                        
0          0.01       NEGB       129        5          0          0          0          0              0.0                    NaN                        
0          0.05       NEGB       129        5          0          0          0          0              0.0                    NaN                        
0          0.1        NEGB       129        5          0          0          0          0              0.0                    NaN                        
0          0.5        NEGB       129        5          0          0          0          0              0.0                    NaN                        
0          0.9        NEGB       129        5          0          0          0          0              0.0                    NaN                        
1          0.001      NEGB       8          5          0          0          500        0              0.0                    NaN                        
1          0.01       NEGB       8          2          3          0          500        4              0.8                    -------- 40,00             
1          0.05       NEGB       8          0          5          0          500        26             5.2                     0,00                      
1          0.1        NEGB       8          0          5          0          500        57             11.4                    0,00                      
1          0.5        NEGB       8          0          2          3          203        105            21.0                    0,00                      
1          0.9        NEGB       8          0          0          5          5          5              1.0                     0,00                      
1          0.001      NEGB       13         5          0          0          5          0              0.0                    NaN                        
1          0.01       NEGB       13         5          0          0          5          0              0.0                    NaN                        
1          0.05       NEGB       13         5          0          0          5          0              0.0                    NaN                        
1          0.1        NEGB       13         5          0          0          5          0              0.0                    NaN                        
1          0.5        NEGB       13         3          2          0          5          2              0.4                    ------------ 60,00         
1          0.9        NEGB       13         0          5          0          5          5              1.0                     0,00                      
1          0.001      NEGB       20         5          0          0          1140       0              0.0                    NaN                        
1          0.01       NEGB       20         0          0          5          324        5              1.0                     0,00                      
1          0.05       NEGB       20         0          0          5          129        5              1.0                     0,00                      
1          0.1        NEGB       20         0          0          5          13         5              1.0                     0,00                      
1          0.5        NEGB       20         0          0          5          8          5              1.0                     0,00                      
1          0.9        NEGB       20         0          0          5          5          5              1.0                     0,00                      
1          0.001      NEGB       50         5          0          0          1614       1              0.2                    -------------------- 100,00
1          0.01       NEGB       50         5          0          0          345        5              1.0                    -------------------- 100,00
1          0.05       NEGB       50         5          0          0          129        5              1.0                    -------------------- 100,00
1          0.1        NEGB       50         5          0          0          13         5              1.0                    -------------------- 100,00
1          0.5        NEGB       50         5          0          0          8          5              1.0                    -------------------- 100,00
1          0.9        NEGB       50         5          0          0          5          5              1.0                    -------------------- 100,00
1          0.001      NEGB       129        5          0          0          0          0              0.0                    NaN                        
1          0.01       NEGB       129        5          0          0          0          0              0.0                    NaN                        
1          0.05       NEGB       129        5          0          0          0          0              0.0                    NaN                        
1          0.1        NEGB       129        5          0          0          0          0              0.0                    NaN                        
1          0.5        NEGB       129        5          0          0          0          0              0.0                    NaN                        
1          0.9        NEGB       129        5          0          0          0          0              0.0                    NaN                        
2          0.001      NEGB       8          4          1          0          500        1              0.2                    ---------------- 80,00     
2          0.01       NEGB       8          2          3          0          500        5              1.0                    -------- 40,00             
2          0.05       NEGB       8          0          5          0          500        20             4.0                     0,00                      
2          0.1        NEGB       8          0          5          0          500        42             8.4                     0,00                      
2          0.5        NEGB       8          0          2          3          203        115            23.0                    0,00                      
2          0.9        NEGB       8          0          0          5          5          5              1.0                     0,00                      
2          0.001      NEGB       13         5          0          0          5          0              0.0                    NaN                        
2          0.01       NEGB       13         5          0          0          5          0              0.0                    NaN                        
2          0.05       NEGB       13         5          0          0          5          0              0.0                    NaN                        
2          0.1        NEGB       13         4          1          0          5          1              0.2                    ---------------- 80,00     
2          0.5        NEGB       13         3          2          0          5          2              0.4                    ------------ 60,00         
2          0.9        NEGB       13         0          5          0          5          5              1.0                     0,00                      
2          0.001      NEGB       20         4          0          1          930        1              0.2                    ---------------- 80,00     
2          0.01       NEGB       20         1          0          4          424        4              0.8                    ---- 20,00                 
2          0.05       NEGB       20         0          0          5          108        5              1.0                     0,00                      
2          0.1        NEGB       20         0          0          5          54         5              1.0                     0,00                      
2          0.5        NEGB       20         0          0          5          17         5              1.0                     0,00                      
2          0.9        NEGB       20         0          0          5          5          5              1.0                     0,00                      
2          0.001      NEGB       50         5          0          0          1288       2              0.4                    -------------------- 100,00
2          0.01       NEGB       50         5          0          0          577        5              1.0                    -------------------- 100,00
2          0.05       NEGB       50         5          0          0          108        5              1.0                    -------------------- 100,00
2          0.1        NEGB       50         5          0          0          54         5              1.0                    -------------------- 100,00
2          0.5        NEGB       50         5          0          0          17         5              1.0                    -------------------- 100,00
2          0.9        NEGB       50         5          0          0          5          5              1.0                    -------------------- 100,00
2          0.001      NEGB       129        5          0          0          0          0              0.0                    NaN                        
2          0.01       NEGB       129        5          0          0          0          0              0.0                    NaN                        
2          0.05       NEGB       129        5          0          0          0          0              0.0                    NaN                        
2          0.1        NEGB       129        5          0          0          0          0              0.0                    NaN                        
2          0.5        NEGB       129        5          0          0          0          0              0.0                    NaN                        
2          0.9        NEGB       129        5          0          0          0          0              0.0                    NaN                        
3          0.001      NEGB       8          5          0          0          500        0              0.0                    NaN                        
3          0.01       NEGB       8          1          4          0          500        8              1.6                    ---- 20,00                 
3          0.05       NEGB       8          0          5          0          500        23             4.6                     0,00                      
3          0.1        NEGB       8          0          5          0          500        50             10.0                    0,00                      
3          0.5        NEGB       8          0          5          0          500        248            49.6                    0,00                      
3          0.9        NEGB       8          0          0          5          5          5              1.0                     0,00                      
3          0.001      NEGB       13         5          0          0          5          0              0.0                    NaN                        
3          0.01       NEGB       13         5          0          0          5          0              0.0                    NaN                        
3          0.05       NEGB       13         5          0          0          5          0              0.0                    NaN                        
3          0.1        NEGB       13         4          1          0          5          1              0.2                    ---------------- 80,00     
3          0.5        NEGB       13         1          4          0          5          4              0.8                    ---- 20,00                 
3          0.9        NEGB       13         0          5          0          5          5              1.0                     0,00                      
3          0.001      NEGB       20         5          0          0          1140       0              0.0                    NaN                        
3          0.01       NEGB       20         0          0          5          316        5              1.0                     0,00                      
3          0.05       NEGB       20         0          0          5          134        5              1.0                     0,00                      
3          0.1        NEGB       20         0          0          5          34         5              1.0                     0,00                      
3          0.5        NEGB       20         0          0          5          10         5              1.0                     0,00                      
3          0.9        NEGB       20         0          0          5          5          5              1.0                     0,00                      
3          0.001      NEGB       50         5          0          0          1970       1              0.2                    -------------------- 100,00
3          0.01       NEGB       50         5          0          0          156        5              1.0                    -------------------- 100,00
3          0.05       NEGB       50         5          0          0          134        5              1.0                    -------------------- 100,00
3          0.1        NEGB       50         5          0          0          34         5              1.0                    -------------------- 100,00
3          0.5        NEGB       50         5          0          0          10         5              1.0                    -------------------- 100,00
3          0.9        NEGB       50         5          0          0          5          5              1.0                    -------------------- 100,00
3          0.001      NEGB       129        5          0          0          0          0              0.0                    NaN                        
3          0.01       NEGB       129        5          0          0          0          0              0.0                    NaN                        
3          0.05       NEGB       129        5          0          0          0          0              0.0                    NaN                        
3          0.1        NEGB       129        5          0          0          0          0              0.0                    NaN                        
3          0.5        NEGB       129        5          0          0          0          0              0.0                    NaN                        
3          0.9        NEGB       129        5          0          0          0          0              0.0                    NaN                        
4          0.001      NEGB       8          5          0          0          500        0              0.0                    NaN                        
4          0.01       NEGB       8          1          4          0          500        6              1.2                    ---- 20,00                 
4          0.05       NEGB       8          0          5          0          500        25             5.0                     0,00                      
4          0.1        NEGB       8          0          5          0          500        49             9.8                     0,00                      
4          0.5        NEGB       8          0          5          0          500        228            45.6                    0,00                      
4          0.9        NEGB       8          0          0          5          5          5              1.0                     0,00                      
4          0.001      NEGB       13         5          0          0          5          0              0.0                    NaN                        
4          0.01       NEGB       13         5          0          0          5          0              0.0                    NaN                        
4          0.05       NEGB       13         5          0          0          5          0              0.0                    NaN                        
4          0.1        NEGB       13         5          0          0          5          0              0.0                    NaN                        
4          0.5        NEGB       13         3          2          0          5          2              0.4                    ------------ 60,00         
4          0.9        NEGB       13         0          5          0          5          5              1.0                     0,00                      
4          0.001      NEGB       20         3          0          2          773        2              0.4                    ------------ 60,00         
4          0.01       NEGB       20         0          0          5          288        5              1.0                     0,00                      
4          0.05       NEGB       20         0          0          5          74         5              1.0                     0,00                      
4          0.1        NEGB       20         0          0          5          86         5              1.0                     0,00                      
4          0.5        NEGB       20         0          0          5          6          5              1.0                     0,00                      
4          0.9        NEGB       20         0          0          5          5          5              1.0                     0,00                      
4          0.001      NEGB       50         5          0          0          1319       2              0.4                    -------------------- 100,00
4          0.01       NEGB       50         5          0          0          342        5              1.0                    -------------------- 100,00
4          0.05       NEGB       50         5          0          0          74         5              1.0                    -------------------- 100,00
4          0.1        NEGB       50         5          0          0          86         5              1.0                    -------------------- 100,00
4          0.5        NEGB       50         5          0          0          6          5              1.0                    -------------------- 100,00
4          0.9        NEGB       50         5          0          0          5          5              1.0                    -------------------- 100,00
4          0.001      NEGB       129        5          0          0          0          0              0.0                    NaN                        
4          0.01       NEGB       129        5          0          0          0          0              0.0                    NaN                        
4          0.05       NEGB       129        5          0          0          0          0              0.0                    NaN                        
4          0.1        NEGB       129        5          0          0          0          0              0.0                    NaN                        
4          0.5        NEGB       129        5          0          0          0          0              0.0                    NaN                        
4          0.9        NEGB       129        5          0          0          0          0              0.0                    NaN                        
5          0.001      NEGB       8          4          1          0          500        1              0.2                    ---------------- 80,00     
5          0.01       NEGB       8          2          3          0          500        3              0.6                    -------- 40,00             
5          0.05       NEGB       8          0          5          0          500        24             4.8                     0,00                      
5          0.1        NEGB       8          0          4          1          401        41             8.2                     0,00                      
5          0.5        NEGB       8          0          3          2          302        151            30.2                    0,00                      
5          0.9        NEGB       8          0          2          3          203        181            36.2                    0,00                      
5          0.001      NEGB       13         5          0          0          5          0              0.0                    NaN                        
5          0.01       NEGB       13         5          0          0          5          0              0.0                    NaN                        
5          0.05       NEGB       13         5          0          0          5          0              0.0                    NaN                        
5          0.1        NEGB       13         5          0          0          5          0              0.0                    NaN                        
5          0.5        NEGB       13         4          1          0          5          1              0.2                    ---------------- 80,00     
5          0.9        NEGB       13         2          3          0          5          3              0.6                    -------- 40,00             
5          0.001      NEGB       20         5          0          0          1140       0              0.0                    NaN                        
5          0.01       NEGB       20         0          0          5          441        5              1.0                     0,00                      
5          0.05       NEGB       20         0          0          5          172        5              1.0                     0,00                      
5          0.1        NEGB       20         0          0          5          37         5              1.0                     0,00                      
5          0.5        NEGB       20         0          0          5          12         5              1.0                     0,00                      
5          0.9        NEGB       20         0          0          5          7          5              1.0                     0,00                      
5          0.001      NEGB       50         5          0          0          1064       3              0.6                    -------------------- 100,00
5          0.01       NEGB       50         5          0          0          872        5              1.0                    -------------------- 100,00
5          0.05       NEGB       50         5          0          0          172        5              1.0                    -------------------- 100,00
5          0.1        NEGB       50         5          0          0          37         5              1.0                    -------------------- 100,00
5          0.5        NEGB       50         5          0          0          12         5              1.0                    -------------------- 100,00
5          0.9        NEGB       50         5          0          0          7          5              1.0                    -------------------- 100,00
5          0.001      NEGB       129        5          0          0          0          0              0.0                    NaN                        
5          0.01       NEGB       129        5          0          0          0          0              0.0                    NaN                        
5          0.05       NEGB       129        5          0          0          0          0              0.0                    NaN                        
5          0.1        NEGB       129        5          0          0          0          0              0.0                    NaN                        
5          0.5        NEGB       129        5          0          0          0          0              0.0                    NaN                        
5          0.9        NEGB       129        5          0          0          0          0              0.0                    NaN                        
6          0.001      NEGB       8          5          0          0          500        0              0.0                    NaN                        
6          0.01       NEGB       8          1          4          0          500        7              1.4                    ---- 20,00                 
6          0.05       NEGB       8          0          5          0          500        30             6.0                     0,00                      
6          0.1        NEGB       8          0          4          1          401        43             8.6                     0,00                      
6          0.5        NEGB       8          0          5          0          500        233            46.6                    0,00                      
6          0.9        NEGB       8          0          2          3          203        181            36.2                    0,00                      
6          0.001      NEGB       13         5          0          0          5          0              0.0                    NaN                        
6          0.01       NEGB       13         5          0          0          5          0              0.0                    NaN                        
6          0.05       NEGB       13         5          0          0          5          0              0.0                    NaN                        
6          0.1        NEGB       13         5          0          0          5          0              0.0                    NaN                        
6          0.5        NEGB       13         4          1          0          5          1              0.2                    ---------------- 80,00     
6          0.9        NEGB       13         0          5          0          5          5              1.0                     0,00                      
6          0.001      NEGB       20         3          0          2          1020       2              0.4                    ------------ 60,00         
6          0.01       NEGB       20         1          0          4          715        4              0.8                    ---- 20,00                 
6          0.05       NEGB       20         0          0          5          42         5              1.0                     0,00                      
6          0.1        NEGB       20         0          0          5          21         5              1.0                     0,00                      
6          0.5        NEGB       20         0          0          5          7          5              1.0                     0,00                      
6          0.9        NEGB       20         0          0          5          5          5              1.0                     0,00                      
6          0.001      NEGB       50         5          0          0          1385       2              0.4                    -------------------- 100,00
6          0.01       NEGB       50         5          0          0          310        5              1.0                    -------------------- 100,00
6          0.05       NEGB       50         5          0          0          42         5              1.0                    -------------------- 100,00
6          0.1        NEGB       50         5          0          0          21         5              1.0                    -------------------- 100,00
6          0.5        NEGB       50         5          0          0          7          5              1.0                    -------------------- 100,00
6          0.9        NEGB       50         5          0          0          5          5              1.0                    -------------------- 100,00
6          0.001      NEGB       129        5          0          0          0          0              0.0                    NaN                        
6          0.01       NEGB       129        5          0          0          0          0              0.0                    NaN                        
6          0.05       NEGB       129        5          0          0          0          0              0.0                    NaN                        
6          0.1        NEGB       129        5          0          0          0          0              0.0                    NaN                        
6          0.5        NEGB       129        5          0          0          0          0              0.0                    NaN                        
6          0.9        NEGB       129        5          0          0          0          0              0.0                    NaN                        
7          0.001      NEGB       8          5          0          0          500        0              0.0                    NaN                        
7          0.01       NEGB       8          1          4          0          500        6              1.2                    ---- 20,00                 
7          0.05       NEGB       8          0          5          0          500        23             4.6                     0,00                      
7          0.1        NEGB       8          0          5          0          500        53             10.6                    0,00                      
7          0.5        NEGB       8          0          3          2          302        150            30.0                    0,00                      
7          0.9        NEGB       8          0          2          3          203        180            36.0                    0,00                      
7          0.001      NEGB       13         5          0          0          5          0              0.0                    NaN                        
7          0.01       NEGB       13         5          0          0          5          0              0.0                    NaN                        
7          0.05       NEGB       13         5          0          0          5          0              0.0                    NaN                        
7          0.1        NEGB       13         5          0          0          5          0              0.0                    NaN                        
7          0.5        NEGB       13         3          2          0          5          2              0.4                    ------------ 60,00         
7          0.9        NEGB       13         0          5          0          5          5              1.0                     0,00                      
7          0.001      NEGB       20         3          0          2          844        2              0.4                    ------------ 60,00         
7          0.01       NEGB       20         0          0          5          210        5              1.0                     0,00                      
7          0.05       NEGB       20         0          0          5          61         5              1.0                     0,00                      
7          0.1        NEGB       20         0          0          5          38         5              1.0                     0,00                      
7          0.5        NEGB       20         0          0          5          7          5              1.0                     0,00                      
7          0.9        NEGB       20         0          0          5          5          5              1.0                     0,00                      
7          0.001      NEGB       50         5          0          0          1540       3              0.6                    -------------------- 100,00
7          0.01       NEGB       50         5          0          0          382        5              1.0                    -------------------- 100,00
7          0.05       NEGB       50         5          0          0          61         5              1.0                    -------------------- 100,00
7          0.1        NEGB       50         5          0          0          38         5              1.0                    -------------------- 100,00
7          0.5        NEGB       50         5          0          0          7          5              1.0                    -------------------- 100,00
7          0.9        NEGB       50         5          0          0          5          5              1.0                    -------------------- 100,00
7          0.001      NEGB       129        5          0          0          0          0              0.0                    NaN                        
7          0.01       NEGB       129        5          0          0          0          0              0.0                    NaN                        
7          0.05       NEGB       129        5          0          0          0          0              0.0                    NaN                        
7          0.1        NEGB       129        5          0          0          0          0              0.0                    NaN                        
7          0.5        NEGB       129        5          0          0          0          0              0.0                    NaN                        
7          0.9        NEGB       129        5          0          0          0          0              0.0                    NaN                        
8          0.001      NEGB       8          4          1          0          500        2              0.4                    ---------------- 80,00     
8          0.01       NEGB       8          1          4          0          500        7              1.4                    ---- 20,00                 
8          0.05       NEGB       8          0          5          0          500        28             5.6                     0,00                      
8          0.1        NEGB       8          0          5          0          500        46             9.2                     0,00                      
8          0.5        NEGB       8          0          2          3          203        105            21.0                    0,00                      
8          0.9        NEGB       8          0          0          5          5          5              1.0                     0,00                      
8          0.001      NEGB       13         5          0          0          5          0              0.0                    NaN                        
8          0.01       NEGB       13         5          0          0          5          0              0.0                    NaN                        
8          0.05       NEGB       13         4          1          0          5          1              0.2                    ---------------- 80,00     
8          0.1        NEGB       13         3          2          0          5          2              0.4                    ------------ 60,00         
8          0.5        NEGB       13         2          3          0          5          3              0.6                    -------- 40,00             
8          0.9        NEGB       13         0          5          0          5          5              1.0                     0,00                      
8          0.001      NEGB       20         3          0          2          1062       2              0.4                    ------------ 60,00         
8          0.01       NEGB       20         0          0          5          410        5              1.0                     0,00                      
8          0.05       NEGB       20         0          0          5          92         5              1.0                     0,00                      
8          0.1        NEGB       20         0          0          5          66         5              1.0                     0,00                      
8          0.5        NEGB       20         0          0          5          9          5              1.0                     0,00                      
8          0.9        NEGB       20         0          0          5          5          5              1.0                     0,00                      
8          0.001      NEGB       50         5          0          0          1985       0              0.0                    NaN                        
8          0.01       NEGB       50         5          0          0          351        5              1.0                    -------------------- 100,00
8          0.05       NEGB       50         5          0          0          92         5              1.0                    -------------------- 100,00
8          0.1        NEGB       50         5          0          0          66         5              1.0                    -------------------- 100,00
8          0.5        NEGB       50         5          0          0          9          5              1.0                    -------------------- 100,00
8          0.9        NEGB       50         5          0          0          5          5              1.0                    -------------------- 100,00
8          0.001      NEGB       129        5          0          0          0          0              0.0                    NaN                        
8          0.01       NEGB       129        5          0          0          0          0              0.0                    NaN                        
8          0.05       NEGB       129        5          0          0          0          0              0.0                    NaN                        
8          0.1        NEGB       129        5          0          0          0          0              0.0                    NaN                        
8          0.5        NEGB       129        5          0          0          0          0              0.0                    NaN                        
8          0.9        NEGB       129        5          0          0          0          0              0.0                    NaN                        
9          0.001      NEGB       8          5          0          0          500        0              0.0                    NaN                        
9          0.01       NEGB       8          1          4          0          500        8              1.6                    ---- 20,00                 
9          0.05       NEGB       8          0          5          0          500        26             5.2                     0,00                      
9          0.1        NEGB       8          0          3          2          302        35             7.0                     0,00                      
9          0.5        NEGB       8          0          3          2          302        147            29.4                    0,00                      
9          0.9        NEGB       8          0          1          4          104        94             18.8                    0,00                      
9          0.001      NEGB       13         5          0          0          5          0              0.0                    NaN                        
9          0.01       NEGB       13         5          0          0          5          0              0.0                    NaN                        
9          0.05       NEGB       13         4          1          0          5          1              0.2                    ---------------- 80,00     
9          0.1        NEGB       13         3          2          0          5          2              0.4                    ------------ 60,00         
9          0.5        NEGB       13         1          4          0          5          4              0.8                    ---- 20,00                 
9          0.9        NEGB       13         0          5          0          5          5              1.0                     0,00                      
9          0.001      NEGB       20         3          0          2          988        2              0.4                    ------------ 60,00         
9          0.01       NEGB       20         0          0          5          345        5              1.0                     0,00                      
9          0.05       NEGB       20         0          0          5          75         5              1.0                     0,00                      
9          0.1        NEGB       20         0          0          5          53         5              1.0                     0,00                      
9          0.5        NEGB       20         0          0          5          10         5              1.0                     0,00                      
9          0.9        NEGB       20         0          0          5          5          5              1.0                     0,00                      
9          0.001      NEGB       50         5          0          0          1794       1              0.2                    -------------------- 100,00
9          0.01       NEGB       50         5          0          0          342        5              1.0                    -------------------- 100,00
9          0.05       NEGB       50         5          0          0          75         5              1.0                    -------------------- 100,00
9          0.1        NEGB       50         5          0          0          53         5              1.0                    -------------------- 100,00
9          0.5        NEGB       50         5          0          0          10         5              1.0                    -------------------- 100,00
9          0.9        NEGB       50         5          0          0          5          5              1.0                    -------------------- 100,00
9          0.001      NEGB       129        5          0          0          0          0              0.0                    NaN                        
9          0.01       NEGB       129        5          0          0          0          0              0.0                    NaN                        
9          0.05       NEGB       129        5          0          0          0          0              0.0                    NaN                        
9          0.1        NEGB       129        5          0          0          0          0              0.0                    NaN                        
9          0.5        NEGB       129        5          0          0          0          0              0.0                    NaN                        
9          0.9        NEGB       129        5          0          0          0          0              0.0                    NaN                        
10         0.001      NEGB       8          5          0          0          500        0              0.0                    NaN                        
10         0.01       NEGB       8          3          2          0          500        2              0.4                    ------------ 60,00         
10         0.05       NEGB       8          1          4          0          500        11             2.2                    ---- 20,00                 
10         0.1        NEGB       8          0          3          2          302        34             6.8                     0,00                      
10         0.5        NEGB       8          0          0          5          5          5              1.0                     0,00                      
10         0.9        NEGB       8          0          0          5          5          5              1.0                     0,00                      
10         0.001      NEGB       13         5          0          0          5          0              0.0                    NaN                        
10         0.01       NEGB       13         5          0          0          5          0              0.0                    NaN                        
10         0.05       NEGB       13         4          1          0          5          1              0.2                    ---------------- 80,00     
10         0.1        NEGB       13         3          2          0          5          2              0.4                    ------------ 60,00         
10         0.5        NEGB       13         3          2          0          5          2              0.4                    ------------ 60,00         
10         0.9        NEGB       13         1          4          0          5          4              0.8                    ---- 20,00                 
10         0.001      NEGB       20         4          0          1          1120       1              0.2                    ---------------- 80,00     
10         0.01       NEGB       20         0          0          5          355        5              1.0                     0,00                      
10         0.05       NEGB       20         0          0          5          143        5              1.0                     0,00                      
10         0.1        NEGB       20         0          0          5          27         5              1.0                     0,00                      
10         0.5        NEGB       20         0          0          5          8          5              1.0                     0,00                      
10         0.9        NEGB       20         0          0          5          6          5              1.0                     0,00                      
10         0.001      NEGB       50         5          0          0          1363       2              0.4                    -------------------- 100,00
10         0.01       NEGB       50         5          0          0          364        5              1.0                    -------------------- 100,00
10         0.05       NEGB       50         5          0          0          143        5              1.0                    -------------------- 100,00
10         0.1        NEGB       50         5          0          0          27         5              1.0                    -------------------- 100,00
10         0.5        NEGB       50         5          0          0          8          5              1.0                    -------------------- 100,00
10         0.9        NEGB       50         5          0          0          6          5              1.0                    -------------------- 100,00
10         0.001      NEGB       129        5          0          0          0          0              0.0                    NaN                        
10         0.01       NEGB       129        5          0          0          0          0              0.0                    NaN                        
10         0.05       NEGB       129        5          0          0          0          0              0.0                    NaN                        
10         0.1        NEGB       129        5          0          0          0          0              0.0                    NaN                        
10         0.5        NEGB       129        5          0          0          0          0              0.0                    NaN                        
10         0.9        NEGB       129        5          0          0          0          0              0.0                    NaN                        
11         0.001      NEGB       8          5          0          0          500        0              0.0                    NaN                        
11         0.01       NEGB       8          2          3          0          500        3              0.6                    -------- 40,00             
11         0.05       NEGB       8          0          4          1          401        17             3.4                     0,00                      
11         0.1        NEGB       8          0          4          1          401        37             7.4                     0,00                      
11         0.5        NEGB       8          0          3          2          302        155            31.0                    0,00                      
11         0.9        NEGB       8          0          1          4          104        94             18.8                    0,00                      
11         0.001      NEGB       13         5          0          0          5          0              0.0                    NaN                        
11         0.01       NEGB       13         4          1          0          5          1              0.2                    ---------------- 80,00     
11         0.05       NEGB       13         3          2          0          5          2              0.4                    ------------ 60,00         
11         0.1        NEGB       13         3          2          0          5          2              0.4                    ------------ 60,00         
11         0.5        NEGB       13         2          3          0          5          3              0.6                    -------- 40,00             
11         0.9        NEGB       13         1          4          0          5          4              0.8                    ---- 20,00                 
11         0.001      NEGB       20         3          0          2          817        2              0.4                    ------------ 60,00         
11         0.01       NEGB       20         0          0          5          387        5              1.0                     0,00                      
11         0.05       NEGB       20         0          0          5          95         5              1.0                     0,00                      
11         0.1        NEGB       20         0          0          5          72         5              1.0                     0,00                      
11         0.5        NEGB       20         0          0          5          10         5              1.0                     0,00                      
11         0.9        NEGB       20         0          0          5          6          5              1.0                     0,00                      
11         0.001      NEGB       50         5          0          0          1905       1              0.2                    -------------------- 100,00
11         0.01       NEGB       50         5          0          0          679        4              0.8                    -------------------- 100,00
11         0.05       NEGB       50         5          0          0          95         5              1.0                    -------------------- 100,00
11         0.1        NEGB       50         5          0          0          72         5              1.0                    -------------------- 100,00
11         0.5        NEGB       50         5          0          0          10         5              1.0                    -------------------- 100,00
11         0.9        NEGB       50         5          0          0          6          5              1.0                    -------------------- 100,00
11         0.001      NEGB       129        5          0          0          0          0              0.0                    NaN                        
11         0.01       NEGB       129        5          0          0          0          0              0.0                    NaN                        
11         0.05       NEGB       129        5          0          0          0          0              0.0                    NaN                        
11         0.1        NEGB       129        5          0          0          0          0              0.0                    NaN                        
11         0.5        NEGB       129        5          0          0          0          0              0.0                    NaN                        
11         0.9        NEGB       129        5          0          0          0          0              0.0                    NaN                        
12         0.001      NEGB       8          4          1          0          500        1              0.2                    ---------------- 80,00     
12         0.01       NEGB       8          1          4          0          500        6              1.2                    ---- 20,00                 
12         0.05       NEGB       8          0          5          0          500        23             4.6                     0,00                      
12         0.1        NEGB       8          0          5          0          500        43             8.6                     0,00                      
12         0.5        NEGB       8          0          4          1          401        203            40.6                    0,00                      
12         0.9        NEGB       8          0          0          5          5          5              1.0                     0,00                      
12         0.001      NEGB       13         5          0          0          5          0              0.0                    NaN                        
12         0.01       NEGB       13         5          0          0          5          0              0.0                    NaN                        
12         0.05       NEGB       13         5          0          0          5          0              0.0                    NaN                        
12         0.1        NEGB       13         5          0          0          5          0              0.0                    NaN                        
12         0.5        NEGB       13         3          2          0          5          2              0.4                    ------------ 60,00         
12         0.9        NEGB       13         0          5          0          5          5              1.0                     0,00                      
12         0.001      NEGB       20         5          0          0          1140       0              0.0                    NaN                        
12         0.01       NEGB       20         1          0          4          607        4              0.8                    ---- 20,00                 
12         0.05       NEGB       20         0          0          5          80         5              1.0                     0,00                      
12         0.1        NEGB       20         0          0          5          59         5              1.0                     0,00                      
12         0.5        NEGB       20         0          0          5          8          5              1.0                     0,00                      
12         0.9        NEGB       20         0          0          5          5          5              1.0                     0,00                      
12         0.001      NEGB       50         5          0          0          1459       3              0.6                    -------------------- 100,00
12         0.01       NEGB       50         5          0          0          615        4              0.8                    -------------------- 100,00
12         0.05       NEGB       50         5          0          0          80         5              1.0                    -------------------- 100,00
12         0.1        NEGB       50         5          0          0          59         5              1.0                    -------------------- 100,00
12         0.5        NEGB       50         5          0          0          8          5              1.0                    -------------------- 100,00
12         0.9        NEGB       50         5          0          0          5          5              1.0                    -------------------- 100,00
12         0.001      NEGB       129        5          0          0          0          0              0.0                    NaN                        
12         0.01       NEGB       129        5          0          0          0          0              0.0                    NaN                        
12         0.05       NEGB       129        5          0          0          0          0              0.0                    NaN                        
12         0.1        NEGB       129        5          0          0          0          0              0.0                    NaN                        
12         0.5        NEGB       129        5          0          0          0          0              0.0                    NaN                        
12         0.9        NEGB       129        5          0          0          0          0              0.0                    NaN                        
13         0.001      NEGB       8          4          1          0          500        1              0.2                    ---------------- 80,00     
13         0.01       NEGB       8          1          4          0          500        6              1.2                    ---- 20,00                 
13         0.05       NEGB       8          0          5          0          500        22             4.4                     0,00                      
13         0.1        NEGB       8          0          5          0          500        43             8.6                     0,00                      
13         0.5        NEGB       8          0          0          5          5          5              1.0                     0,00                      
13         0.9        NEGB       8          0          0          5          5          5              1.0                     0,00                      
13         0.001      NEGB       13         5          0          0          5          0              0.0                    NaN                        
13         0.01       NEGB       13         5          0          0          5          0              0.0                    NaN                        
13         0.05       NEGB       13         5          0          0          5          0              0.0                    NaN                        
13         0.1        NEGB       13         4          1          0          5          1              0.2                    ---------------- 80,00     
13         0.5        NEGB       13         2          3          0          5          3              0.6                    -------- 40,00             
13         0.9        NEGB       13         0          5          0          5          5              1.0                     0,00                      
13         0.001      NEGB       20         5          0          0          1140       0              0.0                    NaN                        
13         0.01       NEGB       20         1          0          4          625        4              0.8                    ---- 20,00                 
13         0.05       NEGB       20         0          0          5          186        5              1.0                     0,00                      
13         0.1        NEGB       20         0          0          5          20         5              1.0                     0,00                      
13         0.5        NEGB       20         0          0          5          10         5              1.0                     0,00                      
13         0.9        NEGB       20         0          0          5          6          5              1.0                     0,00                      
13         0.001      NEGB       50         5          0          0          1573       2              0.4                    -------------------- 100,00
13         0.01       NEGB       50         5          0          0          293        5              1.0                    -------------------- 100,00
13         0.05       NEGB       50         5          0          0          186        5              1.0                    -------------------- 100,00
13         0.1        NEGB       50         5          0          0          20         5              1.0                    -------------------- 100,00
13         0.5        NEGB       50         5          0          0          10         5              1.0                    -------------------- 100,00
13         0.9        NEGB       50         5          0          0          6          5              1.0                    -------------------- 100,00
13         0.001      NEGB       129        5          0          0          0          0              0.0                    NaN                        
13         0.01       NEGB       129        5          0          0          0          0              0.0                    NaN                        
13         0.05       NEGB       129        5          0          0          0          0              0.0                    NaN                        
13         0.1        NEGB       129        5          0          0          0          0              0.0                    NaN                        
13         0.5        NEGB       129        5          0          0          0          0              0.0                    NaN                        
13         0.9        NEGB       129        5          0          0          0          0              0.0                    NaN                        
14         0.001      NEGB       8          5          0          0          500        0              0.0                    NaN                        
14         0.01       NEGB       8          4          1          0          500        1              0.2                    ---------------- 80,00     
14         0.05       NEGB       8          0          5          0          500        17             3.4                     0,00                      
14         0.1        NEGB       8          0          5          0          500        53             10.6                    0,00                      
14         0.5        NEGB       8          0          3          2          302        169            33.8                    0,00                      
14         0.9        NEGB       8          0          0          5          5          5              1.0                     0,00                      
14         0.001      NEGB       13         5          0          0          5          0              0.0                    NaN                        
14         0.01       NEGB       13         5          0          0          5          0              0.0                    NaN                        
14         0.05       NEGB       13         5          0          0          5          0              0.0                    NaN                        
14         0.1        NEGB       13         4          1          0          5          1              0.2                    ---------------- 80,00     
14         0.5        NEGB       13         2          3          0          5          3              0.6                    -------- 40,00             
14         0.9        NEGB       13         1          4          0          5          4              0.8                    ---- 20,00                 
14         0.001      NEGB       20         4          0          1          1102       1              0.2                    ---------------- 80,00     
14         0.01       NEGB       20         0          0          5          313        5              1.0                     0,00                      
14         0.05       NEGB       20         0          0          5          218        5              1.0                     0,00                      
14         0.1        NEGB       20         0          0          5          52         5              1.0                     0,00                      
14         0.5        NEGB       20         0          0          5          6          5              1.0                     0,00                      
14         0.9        NEGB       20         0          0          5          5          5              1.0                     0,00                      
14         0.001      NEGB       50         5          0          0          1492       2              0.4                    -------------------- 100,00
14         0.01       NEGB       50         5          0          0          437        5              1.0                    -------------------- 100,00
14         0.05       NEGB       50         5          0          0          218        5              1.0                    -------------------- 100,00
14         0.1        NEGB       50         5          0          0          52         5              1.0                    -------------------- 100,00
14         0.5        NEGB       50         5          0          0          6          5              1.0                    -------------------- 100,00
14         0.9        NEGB       50         5          0          0          5          5              1.0                    -------------------- 100,00
14         0.001      NEGB       129        5          0          0          0          0              0.0                    NaN                        
14         0.01       NEGB       129        5          0          0          0          0              0.0                    NaN                        
14         0.05       NEGB       129        5          0          0          0          0              0.0                    NaN                        
14         0.1        NEGB       129        5          0          0          0          0              0.0                    NaN                        
14         0.5        NEGB       129        5          0          0          0          0              0.0                    NaN                        
14         0.9        NEGB       129        5          0          0          0          0              0.0                    NaN                        
15         0.001      NEGB       8          5          0          0          500        0              0.0                    NaN                        
15         0.01       NEGB       8          2          3          0          500        7              1.4                    -------- 40,00             
15         0.05       NEGB       8          0          5          0          500        30             6.0                     0,00                      
15         0.1        NEGB       8          0          5          0          500        49             9.8                     0,00                      
15         0.5        NEGB       8          0          2          3          203        108            21.6                    0,00                      
15         0.9        NEGB       8          0          0          5          5          5              1.0                     0,00                      
15         0.001      NEGB       13         5          0          0          5          0              0.0                    NaN                        
15         0.01       NEGB       13         5          0          0          5          0              0.0                    NaN                        
15         0.05       NEGB       13         5          0          0          5          0              0.0                    NaN                        
15         0.1        NEGB       13         5          0          0          5          0              0.0                    NaN                        
15         0.5        NEGB       13         0          5          0          5          5              1.0                     0,00                      
15         0.9        NEGB       13         0          5          0          5          5              1.0                     0,00                      
15         0.001      NEGB       20         4          0          1          971        1              0.2                    ---------------- 80,00     
15         0.01       NEGB       20         0          0          5          459        5              1.0                     0,00                      
15         0.05       NEGB       20         0          0          5          100        5              1.0                     0,00                      
15         0.1        NEGB       20         0          0          5          27         5              1.0                     0,00                      
15         0.5        NEGB       20         0          0          5          9          5              1.0                     0,00                      
15         0.9        NEGB       20         0          0          5          5          5              1.0                     0,00                      
15         0.001      NEGB       50         5          0          0          1493       2              0.4                    -------------------- 100,00
15         0.01       NEGB       50         5          0          0          836        4              0.8                    -------------------- 100,00
15         0.05       NEGB       50         5          0          0          100        5              1.0                    -------------------- 100,00
15         0.1        NEGB       50         5          0          0          27         5              1.0                    -------------------- 100,00
15         0.5        NEGB       50         5          0          0          9          5              1.0                    -------------------- 100,00
15         0.9        NEGB       50         5          0          0          5          5              1.0                    -------------------- 100,00
15         0.001      NEGB       129        5          0          0          0          0              0.0                    NaN                        
15         0.01       NEGB       129        5          0          0          0          0              0.0                    NaN                        
15         0.05       NEGB       129        5          0          0          0          0              0.0                    NaN                        
15         0.1        NEGB       129        5          0          0          0          0              0.0                    NaN                        
15         0.5        NEGB       129        5          0          0          0          0              0.0                    NaN                        
15         0.9        NEGB       129        5          0          0          0          0              0.0                    NaN                        
16         0.001      NEGB       8          4          1          0          500        2              0.4                    ---------------- 80,00     
16         0.01       NEGB       8          3          2          0          500        5              1.0                    ------------ 60,00         
16         0.05       NEGB       8          0          5          0          500        25             5.0                     0,00                      
16         0.1        NEGB       8          0          5          0          500        64             12.8                    0,00                      
16         0.5        NEGB       8          0          3          2          302        144            28.8                    0,00                      
16         0.9        NEGB       8          0          0          5          5          5              1.0                     0,00                      
16         0.001      NEGB       13         5          0          0          5          0              0.0                    NaN                        
16         0.01       NEGB       13         5          0          0          5          0              0.0                    NaN                        
16         0.05       NEGB       13         5          0          0          5          0              0.0                    NaN                        
16         0.1        NEGB       13         5          0          0          5          0              0.0                    NaN                        
16         0.5        NEGB       13         2          3          0          5          3              0.6                    -------- 40,00             
16         0.9        NEGB       13         0          5          0          5          5              1.0                     0,00                      
16         0.001      NEGB       20         4          0          1          1076       1              0.2                    ---------------- 80,00     
16         0.01       NEGB       20         2          0          3          777        3              0.6                    -------- 40,00             
16         0.05       NEGB       20         0          0          5          97         5              1.0                     0,00                      
16         0.1        NEGB       20         0          0          5          48         5              1.0                     0,00                      
16         0.5        NEGB       20         0          0          5          10         5              1.0                     0,00                      
16         0.9        NEGB       20         0          0          5          6          5              1.0                     0,00                      
16         0.001      NEGB       50         5          0          0          1984       1              0.2                    -------------------- 100,00
16         0.01       NEGB       50         5          0          0          256        5              1.0                    -------------------- 100,00
16         0.05       NEGB       50         5          0          0          97         5              1.0                    -------------------- 100,00
16         0.1        NEGB       50         5          0          0          48         5              1.0                    -------------------- 100,00
16         0.5        NEGB       50         5          0          0          10         5              1.0                    -------------------- 100,00
16         0.9        NEGB       50         5          0          0          6          5              1.0                    -------------------- 100,00
16         0.001      NEGB       129        5          0          0          0          0              0.0                    NaN                        
16         0.01       NEGB       129        5          0          0          0          0              0.0                    NaN                        
16         0.05       NEGB       129        5          0          0          0          0              0.0                    NaN                        
16         0.1        NEGB       129        5          0          0          0          0              0.0                    NaN                        
16         0.5        NEGB       129        5          0          0          0          0              0.0                    NaN                        
16         0.9        NEGB       129        5          0          0          0          0              0.0                    NaN                        
17         0.001      NEGB       8          4          1          0          500        1              0.2                    ---------------- 80,00     
17         0.01       NEGB       8          1          3          1          401        4              0.8                    ---- 20,00                 
17         0.05       NEGB       8          0          5          0          500        25             5.0                     0,00                      
17         0.1        NEGB       8          0          4          1          401        45             9.0                     0,00                      
17         0.5        NEGB       8          0          1          4          104        57             11.4                    0,00                      
17         0.9        NEGB       8          0          1          4          104        90             18.0                    0,00                      
17         0.001      NEGB       13         5          0          0          5          0              0.0                    NaN                        
17         0.01       NEGB       13         5          0          0          5          0              0.0                    NaN                        
17         0.05       NEGB       13         4          1          0          5          1              0.2                    ---------------- 80,00     
17         0.1        NEGB       13         4          1          0          5          1              0.2                    ---------------- 80,00     
17         0.5        NEGB       13         2          3          0          5          3              0.6                    -------- 40,00             
17         0.9        NEGB       13         1          4          0          5          4              0.8                    ---- 20,00                 
17         0.001      NEGB       20         5          0          0          1140       0              0.0                    NaN                        
17         0.01       NEGB       20         0          0          5          256        5              1.0                     0,00                      
17         0.05       NEGB       20         0          0          5          109        5              1.0                     0,00                      
17         0.1        NEGB       20         0          0          5          24         5              1.0                     0,00                      
17         0.5        NEGB       20         0          0          5          12         5              1.0                     0,00                      
17         0.9        NEGB       20         0          0          5          6          5              1.0                     0,00                      
17         0.001      NEGB       50         5          0          0          781        4              0.8                    -------------------- 100,00
17         0.01       NEGB       50         5          0          0          275        5              1.0                    -------------------- 100,00
17         0.05       NEGB       50         5          0          0          109        5              1.0                    -------------------- 100,00
17         0.1        NEGB       50         5          0          0          24         5              1.0                    -------------------- 100,00
17         0.5        NEGB       50         5          0          0          12         5              1.0                    -------------------- 100,00
17         0.9        NEGB       50         5          0          0          6          5              1.0                    -------------------- 100,00
17         0.001      NEGB       129        5          0          0          0          0              0.0                    NaN                        
17         0.01       NEGB       129        5          0          0          0          0              0.0                    NaN                        
17         0.05       NEGB       129        5          0          0          0          0              0.0                    NaN                        
17         0.1        NEGB       129        5          0          0          0          0              0.0                    NaN                        
17         0.5        NEGB       129        5          0          0          0          0              0.0                    NaN                        
17         0.9        NEGB       129        5          0          0          0          0              0.0                    NaN                        
18         0.001      NEGB       8          3          2          0          500        2              0.4                    ------------ 60,00         
18         0.01       NEGB       8          2          3          0          500        6              1.2                    -------- 40,00             
18         0.05       NEGB       8          0          5          0          500        26             5.2                     0,00                      
18         0.1        NEGB       8          0          4          1          401        40             8.0                     0,00                      
18         0.5        NEGB       8          0          0          5          5          5              1.0                     0,00                      
18         0.9        NEGB       8          0          0          5          5          5              1.0                     0,00                      
18         0.001      NEGB       13         5          0          0          5          0              0.0                    NaN                        
18         0.01       NEGB       13         5          0          0          5          0              0.0                    NaN                        
18         0.05       NEGB       13         5          0          0          5          0              0.0                    NaN                        
18         0.1        NEGB       13         5          0          0          5          0              0.0                    NaN                        
18         0.5        NEGB       13         3          2          0          5          2              0.4                    ------------ 60,00         
18         0.9        NEGB       13         0          5          0          5          5              1.0                     0,00                      
18         0.001      NEGB       20         3          0          2          719        2              0.4                    ------------ 60,00         
18         0.01       NEGB       20         0          0          5          275        5              1.0                     0,00                      
18         0.05       NEGB       20         0          0          5          68         5              1.0                     0,00                      
18         0.1        NEGB       20         0          0          5          36         5              1.0                     0,00                      
18         0.5        NEGB       20         0          0          5          18         5              1.0                     0,00                      
18         0.9        NEGB       20         0          0          5          5          5              1.0                     0,00                      
18         0.001      NEGB       50         5          0          0          1985       0              0.0                    NaN                        
18         0.01       NEGB       50         5          0          0          674        5              1.0                    -------------------- 100,00
18         0.05       NEGB       50         5          0          0          68         5              1.0                    -------------------- 100,00
18         0.1        NEGB       50         5          0          0          36         5              1.0                    -------------------- 100,00
18         0.5        NEGB       50         5          0          0          18         5              1.0                    -------------------- 100,00
18         0.9        NEGB       50         5          0          0          5          5              1.0                    -------------------- 100,00
18         0.001      NEGB       129        5          0          0          0          0              0.0                    NaN                        
18         0.01       NEGB       129        5          0          0          0          0              0.0                    NaN                        
18         0.05       NEGB       129        5          0          0          0          0              0.0                    NaN                        
18         0.1        NEGB       129        5          0          0          0          0              0.0                    NaN                        
18         0.5        NEGB       129        5          0          0          0          0              0.0                    NaN                        
18         0.9        NEGB       129        5          0          0          0          0              0.0                    NaN                        
19         0.001      NEGB       8          5          0          0          500        0              0.0                    NaN                        
19         0.01       NEGB       8          2          3          0          500        5              1.0                    -------- 40,00             
19         0.05       NEGB       8          0          5          0          500        27             5.4                     0,00                      
19         0.1        NEGB       8          0          4          1          401        39             7.8                     0,00                      
19         0.5        NEGB       8          0          4          1          401        202            40.4                    0,00                      
19         0.9        NEGB       8          0          0          5          5          5              1.0                     0,00                      
19         0.001      NEGB       13         5          0          0          5          0              0.0                    NaN                        
19         0.01       NEGB       13         5          0          0          5          0              0.0                    NaN                        
19         0.05       NEGB       13         5          0          0          5          0              0.0                    NaN                        
19         0.1        NEGB       13         4          1          0          5          1              0.2                    ---------------- 80,00     
19         0.5        NEGB       13         3          2          0          5          2              0.4                    ------------ 60,00         
19         0.9        NEGB       13         1          4          0          5          4              0.8                    ---- 20,00                 
19         0.001      NEGB       20         4          0          1          1084       1              0.2                    ---------------- 80,00     
19         0.01       NEGB       20         1          0          4          529        4              0.8                    ---- 20,00                 
19         0.05       NEGB       20         0          0          5          132        5              1.0                     0,00                      
19         0.1        NEGB       20         0          0          5          45         5              1.0                     0,00                      
19         0.5        NEGB       20         0          0          5          9          5              1.0                     0,00                      
19         0.9        NEGB       20         0          0          5          5          5              1.0                     0,00                      
19         0.001      NEGB       50         5          0          0          1668       2              0.4                    -------------------- 100,00
19         0.01       NEGB       50         5          0          0          333        5              1.0                    -------------------- 100,00
19         0.05       NEGB       50         5          0          0          132        5              1.0                    -------------------- 100,00
19         0.1        NEGB       50         5          0          0          45         5              1.0                    -------------------- 100,00
19         0.5        NEGB       50         5          0          0          9          5              1.0                    -------------------- 100,00
19         0.9        NEGB       50         5          0          0          5          5              1.0                    -------------------- 100,00
19         0.001      NEGB       129        5          0          0          0          0              0.0                    NaN                        
19         0.01       NEGB       129        5          0          0          0          0              0.0                    NaN                        
19         0.05       NEGB       129        5          0          0          0          0              0.0                    NaN                        
19         0.1        NEGB       129        5          0          0          0          0              0.0                    NaN                        
19         0.5        NEGB       129        5          0          0          0          0              0.0                    NaN                        
19         0.9        NEGB       129        5          0          0          0          0              0.0                    NaN                        
