aggregate data per location for random rate = 0.5 and with Magnitude = 25
Exploration Plus Magnitude
magnitude value : 1 5 10 25 50 100 
143 perturbation point
PM : Numerical Perturbator
20 list of 100 number
Random numbers generated with 23 as seed
IndexLoc   #Success   #Failure   #Exception #CallAllExecs      AvgCallPerExec     #Perturbations AvgPerturbationPerExec   #Execs     #Tasks     %Success                   
0          100        0          0          100                1,00               58             0,58                     100        20         -------------------- 100,00
1          100        0          0          100                1,00               58             0,58                     100        20         -------------------- 100,00
2          100        0          0          100                1,00               58             0,58                     100        20         -------------------- 100,00
3          100        0          0          0                  0,00               0              0,00                     100        20         NaN                        
4          53         47         0          10000              100,00             5070           50,70                    100        20         ----------- 53,00          
5          53         47         0          10000              100,00             5070           50,70                    100        20         ----------- 53,00          
6          100        0          0          10000              100,00             5070           50,70                    100        20         -------------------- 100,00
7          56         0          44         5644               56,44              2855           28,55                    100        20         ------------ 56,00         
9          100        0          0          100                1,00               58             0,58                     100        20         -------------------- 100,00
10         100        0          0          100                1,00               58             0,58                     100        20         -------------------- 100,00
11         100        0          0          100                1,00               58             0,58                     100        20         -------------------- 100,00
12         100        0          0          100                1,00               58             0,58                     100        20         -------------------- 100,00
14         100        0          0          0                  0,00               0              0,00                     100        20         NaN                        
15         42         58         0          100                1,00               58             0,58                     100        20         --------- 42,00            
16         0          0          100        20415              204,15             10283          102,83                   100        20          0,00                      
17         55         0          45         22800              228,00             11628          116,28                   100        20         ------------ 55,00         
18         0          0          100        20415              204,15             10283          102,83                   100        20          0,00                      
19         55         0          45         22800              228,00             11628          116,28                   100        20         ------------ 55,00         
21         0          100        0          22700              227,00             11612          116,12                   100        20          0,00                      
22         100        0          0          22700              227,00             11612          116,12                   100        20         -------------------- 100,00
23         0          100        0          22700              227,00             11612          116,12                   100        20          0,00                      
24         0          100        0          22700              227,00             11612          116,12                   100        20          0,00                      
25         0          100        0          22700              227,00             11612          116,12                   100        20          0,00                      
26         0          100        0          22700              227,00             11612          116,12                   100        20          0,00                      
27         0          100        0          22700              227,00             11612          116,12                   100        20          0,00                      
28         0          100        0          22700              227,00             11612          116,12                   100        20          0,00                      
29         0          100        0          22700              227,00             11612          116,12                   100        20          0,00                      
30         0          100        0          22700              227,00             11612          116,12                   100        20          0,00                      
31         0          100        0          22700              227,00             11612          116,12                   100        20          0,00                      
32         0          100        0          22700              227,00             11612          116,12                   100        20          0,00                      
33         0          0          100        20418              204,18             10285          102,85                   100        20          0,00                      
34         0          0          100        20418              204,18             10285          102,85                   100        20          0,00                      
35         0          0          100        20418              204,18             10285          102,85                   100        20          0,00                      
36         0          100        0          22700              227,00             11612          116,12                   100        20          0,00                      
37         0          100        0          22700              227,00             11612          116,12                   100        20          0,00                      
38         0          100        0          22700              227,00             11612          116,12                   100        20          0,00                      
39         0          100        0          22700              227,00             11612          116,12                   100        20          0,00                      
40         0          100        0          22700              227,00             11612          116,12                   100        20          0,00                      
41         0          100        0          22700              227,00             11612          116,12                   100        20          0,00                      
42         0          0          100        235                2,35               114            1,14                     100        20          0,00                      
43         0          0          100        184                1,84               100            1,00                     100        20          0,00                      
44         0          100        0          22700              227,00             11612          116,12                   100        20          0,00                      
45         0          100        0          22700              227,00             11612          116,12                   100        20          0,00                      
46         100        0          0          37287              372,87             18841          188,41                   100        20         -------------------- 100,00
47         46         0          54         39700              397,00             19923          199,23                   100        20         ---------- 46,00           
48         100        0          0          37287              372,87             18841          188,41                   100        20         -------------------- 100,00
49         46         0          54         39700              397,00             19923          199,23                   100        20         ---------- 46,00           
51         0          0          100        37388              373,88             18812          188,12                   100        20          0,00                      
52         100        0          0          39600              396,00             19960          199,60                   100        20         -------------------- 100,00
53         100        0          0          39600              396,00             19960          199,60                   100        20         -------------------- 100,00
54         100        0          0          39600              396,00             19960          199,60                   100        20         -------------------- 100,00
55         0          0          100        37295              372,95             18837          188,37                   100        20          0,00                      
56         0          0          100        37295              372,95             18837          188,37                   100        20          0,00                      
57         0          0          100        37295              372,95             18837          188,37                   100        20          0,00                      
58         100        0          0          39600              396,00             19960          199,60                   100        20         -------------------- 100,00
59         100        0          0          39600              396,00             19960          199,60                   100        20         -------------------- 100,00
60         100        0          0          39600              396,00             19960          199,60                   100        20         -------------------- 100,00
61         100        0          0          39600              396,00             19960          199,60                   100        20         -------------------- 100,00
62         0          0          100        37388              373,88             18812          188,12                   100        20          0,00                      
63         100        0          0          39600              396,00             19960          199,60                   100        20         -------------------- 100,00
64         100        0          0          39600              396,00             19960          199,60                   100        20         -------------------- 100,00
65         0          0          100        202                2,02               100            1,00                     100        20          0,00                      
66         100        0          0          39600              396,00             19960          199,60                   100        20         -------------------- 100,00
67         100        0          0          39600              396,00             19960          199,60                   100        20         -------------------- 100,00
68         100        0          0          39600              396,00             19960          199,60                   100        20         -------------------- 100,00
69         100        0          0          39600              396,00             19960          199,60                   100        20         -------------------- 100,00
70         100        0          0          39600              396,00             19960          199,60                   100        20         -------------------- 100,00
71         100        0          0          39600              396,00             19960          199,60                   100        20         -------------------- 100,00
72         100        0          0          39600              396,00             19960          199,60                   100        20         -------------------- 100,00
73         100        0          0          39600              396,00             19960          199,60                   100        20         -------------------- 100,00
74         0          0          100        209                2,09               106            1,06                     100        20          0,00                      
75         0          0          100        194                1,94               100            1,00                     100        20          0,00                      
76         100        0          0          39600              396,00             19960          199,60                   100        20         -------------------- 100,00
77         100        0          0          39600              396,00             19960          199,60                   100        20         -------------------- 100,00
78         42         0          58         100                1,00               58             0,58                     100        20         --------- 42,00            
79         100        0          0          100                1,00               58             0,58                     100        20         -------------------- 100,00
80         42         0          58         100                1,00               58             0,58                     100        20         --------- 42,00            
81         100        0          0          100                1,00               58             0,58                     100        20         -------------------- 100,00
82         100        0          0          100                1,00               58             0,58                     100        20         -------------------- 100,00
83         100        0          0          100                1,00               58             0,58                     100        20         -------------------- 100,00
84         100        0          0          100                1,00               58             0,58                     100        20         -------------------- 100,00
85         100        0          0          100                1,00               58             0,58                     100        20         -------------------- 100,00
86         100        0          0          100                1,00               58             0,58                     100        20         -------------------- 100,00
87         100        0          0          100                1,00               58             0,58                     100        20         -------------------- 100,00
88         100        0          0          100                1,00               58             0,58                     100        20         -------------------- 100,00
89         42         0          58         100                1,00               58             0,58                     100        20         --------- 42,00            
90         100        0          0          100                1,00               58             0,58                     100        20         -------------------- 100,00
91         42         0          58         100                1,00               58             0,58                     100        20         --------- 42,00            
92         100        0          0          100                1,00               58             0,58                     100        20         -------------------- 100,00
93         100        0          0          100                1,00               58             0,58                     100        20         -------------------- 100,00
94         100        0          0          100                1,00               58             0,58                     100        20         -------------------- 100,00
95         100        0          0          100                1,00               58             0,58                     100        20         -------------------- 100,00
96         100        0          0          100                1,00               58             0,58                     100        20         -------------------- 100,00
97         100        0          0          100                1,00               58             0,58                     100        20         -------------------- 100,00
98         100        0          0          100                1,00               58             0,58                     100        20         -------------------- 100,00
99         100        0          0          100                1,00               58             0,58                     100        20         -------------------- 100,00
100        100        0          0          100                1,00               58             0,58                     100        20         -------------------- 100,00
101        49         0          51         100                1,00               58             0,58                     100        20         ---------- 49,00           
102        42         0          58         100                1,00               58             0,58                     100        20         --------- 42,00            
103        100        0          0          100                1,00               58             0,58                     100        20         -------------------- 100,00
104        100        0          0          100                1,00               58             0,58                     100        20         -------------------- 100,00
105        42         58         0          100                1,00               58             0,58                     100        20         --------- 42,00            
106        0          100        0          10000              100,00             5070           50,70                    100        20          0,00                      
107        64         36         0          10000              100,00             5070           50,70                    100        20         ------------- 64,00        
108        0          100        0          10000              100,00             5070           50,70                    100        20          0,00                      
109        0          100        0          10000              100,00             5070           50,70                    100        20          0,00                      
110        0          100        0          10000              100,00             5070           50,70                    100        20          0,00                      
111        0          100        0          10000              100,00             5070           50,70                    100        20          0,00                      
112        100        0          0          10000              100,00             5070           50,70                    100        20         -------------------- 100,00
113        100        0          0          10000              100,00             5070           50,70                    100        20         -------------------- 100,00
114        0          100        0          10000              100,00             5070           50,70                    100        20          0,00                      
115        0          100        0          10000              100,00             5070           50,70                    100        20          0,00                      
116        0          100        0          10000              100,00             5070           50,70                    100        20          0,00                      
117        100        0          0          10000              100,00             5070           50,70                    100        20         -------------------- 100,00
118        100        0          0          10000              100,00             5070           50,70                    100        20         -------------------- 100,00
119        0          100        0          10000              100,00             5070           50,70                    100        20          0,00                      
120        100        0          0          10000              100,00             5070           50,70                    100        20         -------------------- 100,00
121        0          100        0          10000              100,00             5070           50,70                    100        20          0,00                      
122        0          100        0          10000              100,00             5070           50,70                    100        20          0,00                      
123        0          100        0          10000              100,00             5070           50,70                    100        20          0,00                      
124        100        0          0          0                  0,00               0              0,00                     100        20         NaN                        
125        100        0          0          0                  0,00               0              0,00                     100        20         NaN                        
126        100        0          0          0                  0,00               0              0,00                     100        20         NaN                        
127        100        0          0          0                  0,00               0              0,00                     100        20         NaN                        
128        100        0          0          0                  0,00               0              0,00                     100        20         NaN                        
130        100        0          0          0                  0,00               0              0,00                     100        20         NaN                        
131        100        0          0          0                  0,00               0              0,00                     100        20         NaN                        
132        100        0          0          0                  0,00               0              0,00                     100        20         NaN                        
133        100        0          0          0                  0,00               0              0,00                     100        20         NaN                        
134        100        0          0          0                  0,00               0              0,00                     100        20         NaN                        
135        100        0          0          0                  0,00               0              0,00                     100        20         NaN                        
136        100        0          0          0                  0,00               0              0,00                     100        20         NaN                        
137        100        0          0          0                  0,00               0              0,00                     100        20         NaN                        
138        100        0          0          0                  0,00               0              0,00                     100        20         NaN                        
139        100        0          0          0                  0,00               0              0,00                     100        20         NaN                        
140        100        0          0          0                  0,00               0              0,00                     100        20         NaN                        
141        100        0          0          0                  0,00               0              0,00                     100        20         NaN                        
142        100        0          0          0                  0,00               0              0,00                     100        20         NaN                        
143        100        0          0          0                  0,00               0              0,00                     100        20         NaN                        
144        100        0          0          0                  0,00               0              0,00                     100        20         NaN                        
145        100        0          0          0                  0,00               0              0,00                     100        20         NaN                        
146        100        0          0          0                  0,00               0              0,00                     100        20         NaN                        
147        100        0          0          0                  0,00               0              0,00                     100        20         NaN                        
