aggregate data per location for random rate = 0.5 and with Magnitude = 1
Exploration Plus Magnitude
magnitude value : 1 5 10 25 50 100 
143 perturbation point
PM : Numerical Perturbator
20 list of 100 number
Random numbers generated with 23 as seed
IndexLoc   #Success   #Failure   #Exception #CallAllExecs      AvgCallPerExec     #Perturbations AvgPerturbationPerExec   #Execs     #Tasks     %Success                   
0          100        0          0          100                1,00               50             0,50                     100        20         -------------------- 100,00
1          100        0          0          100                1,00               50             0,50                     100        20         -------------------- 100,00
2          100        0          0          100                1,00               50             0,50                     100        20         -------------------- 100,00
3          100        0          0          0                  0,00               0              0,00                     100        20         NaN                        
4          55         45         0          10000              100,00             5019           50,19                    100        20         ------------ 55,00         
5          55         45         0          10000              100,00             5019           50,19                    100        20         ------------ 55,00         
6          100        0          0          10000              100,00             5019           50,19                    100        20         -------------------- 100,00
7          48         0          52         4852               48,52              2403           24,03                    100        20         ---------- 48,00           
9          50         50         0          100                1,00               50             0,50                     100        20         ---------- 50,00           
10         100        0          0          100                1,00               50             0,50                     100        20         -------------------- 100,00
11         100        0          0          100                1,00               50             0,50                     100        20         -------------------- 100,00
12         100        0          0          100                1,00               50             0,50                     100        20         -------------------- 100,00
14         100        0          0          0                  0,00               0              0,00                     100        20         NaN                        
15         50         50         0          100                1,00               50             0,50                     100        20         ---------- 50,00           
16         55         0          45         22755              227,55             11462          114,62                   100        20         ------------ 55,00         
17         61         0          39         22800              228,00             11470          114,70                   100        20         ------------- 61,00        
18         55         0          45         22755              227,55             11462          114,62                   100        20         ------------ 55,00         
19         61         0          39         22800              228,00             11470          114,70                   100        20         ------------- 61,00        
21         0          100        0          22700              227,00             11413          114,13                   100        20          0,00                      
22         100        0          0          22700              227,00             11413          114,13                   100        20         -------------------- 100,00
23         0          100        0          22700              227,00             11413          114,13                   100        20          0,00                      
24         0          100        0          22700              227,00             11413          114,13                   100        20          0,00                      
25         0          100        0          22700              227,00             11413          114,13                   100        20          0,00                      
26         0          100        0          22700              227,00             11413          114,13                   100        20          0,00                      
27         0          100        0          22700              227,00             11413          114,13                   100        20          0,00                      
28         0          100        0          22700              227,00             11413          114,13                   100        20          0,00                      
29         0          100        0          22700              227,00             11413          114,13                   100        20          0,00                      
30         0          100        0          22700              227,00             11413          114,13                   100        20          0,00                      
31         0          100        0          22700              227,00             11413          114,13                   100        20          0,00                      
32         0          100        0          22700              227,00             11413          114,13                   100        20          0,00                      
33         0          52         48         22700              227,00             11435          114,35                   100        20          0,00                      
34         0          52         48         22700              227,00             11435          114,35                   100        20          0,00                      
35         0          52         48         22700              227,00             11435          114,35                   100        20          0,00                      
36         0          100        0          22700              227,00             11413          114,13                   100        20          0,00                      
37         0          100        0          22700              227,00             11413          114,13                   100        20          0,00                      
38         0          100        0          22700              227,00             11413          114,13                   100        20          0,00                      
39         0          100        0          22700              227,00             11413          114,13                   100        20          0,00                      
40         0          100        0          22700              227,00             11413          114,13                   100        20          0,00                      
41         0          100        0          22700              227,00             11413          114,13                   100        20          0,00                      
42         0          0          100        318                3,18               176            1,76                     100        20          0,00                      
43         0          0          100        368                3,68               176            1,76                     100        20          0,00                      
44         0          100        0          22700              227,00             11413          114,13                   100        20          0,00                      
45         0          100        0          22700              227,00             11413          114,13                   100        20          0,00                      
46         100        0          0          39649              396,49             19759          197,59                   100        20         -------------------- 100,00
47         49         0          51         39700              397,00             19976          199,76                   100        20         ---------- 49,00           
48         100        0          0          39649              396,49             19759          197,59                   100        20         -------------------- 100,00
49         49         0          51         39700              397,00             19976          199,76                   100        20         ---------- 49,00           
51         100        0          0          39600              396,00             19731          197,31                   100        20         -------------------- 100,00
52         100        0          0          39600              396,00             19878          198,78                   100        20         -------------------- 100,00
53         100        0          0          39600              396,00             19878          198,78                   100        20         -------------------- 100,00
54         100        0          0          39600              396,00             19878          198,78                   100        20         -------------------- 100,00
55         45         0          55         39600              396,00             19736          197,36                   100        20         --------- 45,00            
56         45         0          55         39600              396,00             19736          197,36                   100        20         --------- 45,00            
57         45         0          55         39600              396,00             19736          197,36                   100        20         --------- 45,00            
58         100        0          0          39600              396,00             19878          198,78                   100        20         -------------------- 100,00
59         100        0          0          39600              396,00             19878          198,78                   100        20         -------------------- 100,00
60         100        0          0          39600              396,00             19878          198,78                   100        20         -------------------- 100,00
61         100        0          0          39600              396,00             19878          198,78                   100        20         -------------------- 100,00
62         100        0          0          39600              396,00             19731          197,31                   100        20         -------------------- 100,00
63         100        0          0          39600              396,00             19878          198,78                   100        20         -------------------- 100,00
64         100        0          0          39600              396,00             19878          198,78                   100        20         -------------------- 100,00
65         42         0          58         16690              166,90             8346           83,46                    100        20         --------- 42,00            
66         100        0          0          39600              396,00             19878          198,78                   100        20         -------------------- 100,00
67         100        0          0          39600              396,00             19878          198,78                   100        20         -------------------- 100,00
68         100        0          0          39600              396,00             19878          198,78                   100        20         -------------------- 100,00
69         100        0          0          39600              396,00             19878          198,78                   100        20         -------------------- 100,00
70         100        0          0          39600              396,00             19878          198,78                   100        20         -------------------- 100,00
71         100        0          0          39600              396,00             19878          198,78                   100        20         -------------------- 100,00
72         100        0          0          39600              396,00             19878          198,78                   100        20         -------------------- 100,00
73         100        0          0          39600              396,00             19878          198,78                   100        20         -------------------- 100,00
74         0          0          100        398                3,98               199            1,99                     100        20          0,00                      
75         0          0          100        402                4,02               201            2,01                     100        20          0,00                      
76         100        0          0          39600              396,00             19878          198,78                   100        20         -------------------- 100,00
77         100        0          0          39600              396,00             19878          198,78                   100        20         -------------------- 100,00
78         50         0          50         100                1,00               50             0,50                     100        20         ---------- 50,00           
79         100        0          0          100                1,00               50             0,50                     100        20         -------------------- 100,00
80         50         0          50         100                1,00               50             0,50                     100        20         ---------- 50,00           
81         100        0          0          100                1,00               50             0,50                     100        20         -------------------- 100,00
82         100        0          0          100                1,00               50             0,50                     100        20         -------------------- 100,00
83         100        0          0          100                1,00               50             0,50                     100        20         -------------------- 100,00
84         100        0          0          100                1,00               50             0,50                     100        20         -------------------- 100,00
85         100        0          0          100                1,00               50             0,50                     100        20         -------------------- 100,00
86         100        0          0          100                1,00               50             0,50                     100        20         -------------------- 100,00
87         100        0          0          100                1,00               50             0,50                     100        20         -------------------- 100,00
88         100        0          0          100                1,00               50             0,50                     100        20         -------------------- 100,00
89         50         0          50         100                1,00               50             0,50                     100        20         ---------- 50,00           
90         100        0          0          100                1,00               50             0,50                     100        20         -------------------- 100,00
91         50         0          50         100                1,00               50             0,50                     100        20         ---------- 50,00           
92         100        0          0          100                1,00               50             0,50                     100        20         -------------------- 100,00
93         100        0          0          100                1,00               50             0,50                     100        20         -------------------- 100,00
94         100        0          0          100                1,00               50             0,50                     100        20         -------------------- 100,00
95         100        0          0          100                1,00               50             0,50                     100        20         -------------------- 100,00
96         100        0          0          100                1,00               50             0,50                     100        20         -------------------- 100,00
97         100        0          0          100                1,00               50             0,50                     100        20         -------------------- 100,00
98         100        0          0          100                1,00               50             0,50                     100        20         -------------------- 100,00
99         100        0          0          100                1,00               50             0,50                     100        20         -------------------- 100,00
100        100        0          0          100                1,00               50             0,50                     100        20         -------------------- 100,00
101        74         0          26         100                1,00               50             0,50                     100        20         --------------- 74,00      
102        82         0          18         100                1,00               50             0,50                     100        20         ----------------- 82,00    
103        100        0          0          100                1,00               50             0,50                     100        20         -------------------- 100,00
104        100        0          0          100                1,00               50             0,50                     100        20         -------------------- 100,00
105        50         50         0          100                1,00               50             0,50                     100        20         ---------- 50,00           
106        0          100        0          10000              100,00             5019           50,19                    100        20          0,00                      
107        98         2          0          10000              100,00             5019           50,19                    100        20         -------------------- 98,00 
108        0          100        0          10000              100,00             5019           50,19                    100        20          0,00                      
109        0          100        0          10000              100,00             5019           50,19                    100        20          0,00                      
110        0          100        0          10000              100,00             5019           50,19                    100        20          0,00                      
111        0          100        0          10000              100,00             5019           50,19                    100        20          0,00                      
112        100        0          0          10000              100,00             5019           50,19                    100        20         -------------------- 100,00
113        100        0          0          10000              100,00             5019           50,19                    100        20         -------------------- 100,00
114        0          100        0          10000              100,00             5019           50,19                    100        20          0,00                      
115        0          100        0          10000              100,00             5019           50,19                    100        20          0,00                      
116        0          100        0          10000              100,00             5019           50,19                    100        20          0,00                      
117        100        0          0          10000              100,00             5019           50,19                    100        20         -------------------- 100,00
118        100        0          0          10000              100,00             5019           50,19                    100        20         -------------------- 100,00
119        0          100        0          10000              100,00             5019           50,19                    100        20          0,00                      
120        100        0          0          10000              100,00             5019           50,19                    100        20         -------------------- 100,00
121        0          100        0          10000              100,00             5019           50,19                    100        20          0,00                      
122        0          100        0          10000              100,00             5019           50,19                    100        20          0,00                      
123        0          100        0          10000              100,00             5019           50,19                    100        20          0,00                      
124        100        0          0          0                  0,00               0              0,00                     100        20         NaN                        
125        100        0          0          0                  0,00               0              0,00                     100        20         NaN                        
126        100        0          0          0                  0,00               0              0,00                     100        20         NaN                        
127        100        0          0          0                  0,00               0              0,00                     100        20         NaN                        
128        100        0          0          0                  0,00               0              0,00                     100        20         NaN                        
130        100        0          0          0                  0,00               0              0,00                     100        20         NaN                        
131        100        0          0          0                  0,00               0              0,00                     100        20         NaN                        
132        100        0          0          0                  0,00               0              0,00                     100        20         NaN                        
133        100        0          0          0                  0,00               0              0,00                     100        20         NaN                        
134        100        0          0          0                  0,00               0              0,00                     100        20         NaN                        
135        100        0          0          0                  0,00               0              0,00                     100        20         NaN                        
136        100        0          0          0                  0,00               0              0,00                     100        20         NaN                        
137        100        0          0          0                  0,00               0              0,00                     100        20         NaN                        
138        100        0          0          0                  0,00               0              0,00                     100        20         NaN                        
139        100        0          0          0                  0,00               0              0,00                     100        20         NaN                        
140        100        0          0          0                  0,00               0              0,00                     100        20         NaN                        
141        100        0          0          0                  0,00               0              0,00                     100        20         NaN                        
142        100        0          0          0                  0,00               0              0,00                     100        20         NaN                        
143        100        0          0          0                  0,00               0              0,00                     100        20         NaN                        
144        100        0          0          0                  0,00               0              0,00                     100        20         NaN                        
145        100        0          0          0                  0,00               0              0,00                     100        20         NaN                        
146        100        0          0          0                  0,00               0              0,00                     100        20         NaN                        
147        100        0          0          0                  0,00               0              0,00                     100        20         NaN                        
