aggregate data per location for random rate = 0.01 and with Magnitude = 100
Exploration Plus Magnitude
magnitude value : 1 5 10 25 50 100 
143 perturbation point
PM : Numerical Perturbator
20 list of 100 number
Random numbers generated with 23 as seed
IndexLoc   #Success   #Failure   #Exception #CallAllExecs      AvgCallPerExec     #Perturbations AvgPerturbationPerExec   #Execs     #Tasks     %Success                   
0          100        0          0          100                1,00               1              0,01                     100        20         -------------------- 100,00
1          100        0          0          100                1,00               1              0,01                     100        20         -------------------- 100,00
2          100        0          0          100                1,00               1              0,01                     100        20         -------------------- 100,00
3          100        0          0          0                  0,00               0              0,00                     100        20         NaN                        
4          97         3          0          10000              100,00             109            1,09                     100        20         -------------------- 97,00 
5          97         3          0          10000              100,00             109            1,09                     100        20         -------------------- 97,00 
6          100        0          0          10000              100,00             109            1,09                     100        20         -------------------- 100,00
7          96         0          4          9604               96,04              116            1,16                     100        20         -------------------- 96,00 
9          100        0          0          100                1,00               1              0,01                     100        20         -------------------- 100,00
10         100        0          0          100                1,00               1              0,01                     100        20         -------------------- 100,00
11         100        0          0          100                1,00               1              0,01                     100        20         -------------------- 100,00
12         100        0          0          100                1,00               1              0,01                     100        20         -------------------- 100,00
14         100        0          0          0                  0,00               0              0,00                     100        20         NaN                        
15         99         1          0          100                1,00               1              0,01                     100        20         -------------------- 99,00 
16         39         0          61         19476              194,76             193            1,93                     100        20         -------- 39,00             
17         98         0          2          22800              228,00             225            2,25                     100        20         -------------------- 98,00 
18         39         0          61         19476              194,76             193            1,93                     100        20         -------- 39,00             
19         98         0          2          22800              228,00             225            2,25                     100        20         -------------------- 98,00 
21         55         45         0          22700              227,00             225            2,25                     100        20         ------------ 55,00         
22         100        0          0          22700              227,00             225            2,25                     100        20         -------------------- 100,00
23         44         56         0          22700              227,00             225            2,25                     100        20         --------- 44,00            
24         35         65         0          22700              227,00             225            2,25                     100        20         ------- 35,00              
25         32         68         0          22700              227,00             225            2,25                     100        20         ------- 32,00              
26         32         68         0          22700              227,00             225            2,25                     100        20         ------- 32,00              
27         32         68         0          22700              227,00             225            2,25                     100        20         ------- 32,00              
28         32         68         0          22700              227,00             225            2,25                     100        20         ------- 32,00              
29         32         68         0          22700              227,00             225            2,25                     100        20         ------- 32,00              
30         32         68         0          22700              227,00             225            2,25                     100        20         ------- 32,00              
31         32         68         0          22700              227,00             225            2,25                     100        20         ------- 32,00              
32         32         68         0          22700              227,00             225            2,25                     100        20         ------- 32,00              
33         16         19         65         18891              188,91             182            1,82                     100        20         ---- 16,00                 
34         16         19         65         18891              188,91             182            1,82                     100        20         ---- 16,00                 
35         16         19         65         18891              188,91             182            1,82                     100        20         ---- 16,00                 
36         32         68         0          22700              227,00             225            2,25                     100        20         ------- 32,00              
37         32         68         0          22700              227,00             225            2,25                     100        20         ------- 32,00              
38         32         68         0          22700              227,00             225            2,25                     100        20         ------- 32,00              
39         32         68         0          22700              227,00             225            2,25                     100        20         ------- 32,00              
40         32         68         0          22700              227,00             225            2,25                     100        20         ------- 32,00              
41         100        0          0          22700              227,00             225            2,25                     100        20         -------------------- 100,00
42         19         0          81         10842              108,42             93             0,93                     100        20         ---- 19,00                 
43         7          0          93         8788               87,88              93             0,93                     100        20         -- 7,00                    
44         32         68         0          22700              227,00             225            2,25                     100        20         ------- 32,00              
45         32         68         0          22700              227,00             225            2,25                     100        20         ------- 32,00              
46         100        0          0          35966              359,66             377            3,77                     100        20         -------------------- 100,00
47         99         0          1          39700              397,00             401            4,01                     100        20         -------------------- 99,00 
48         100        0          0          35966              359,66             377            3,77                     100        20         -------------------- 100,00
49         99         0          1          39700              397,00             401            4,01                     100        20         -------------------- 99,00 
51         36         0          64         35893              358,93             374            3,74                     100        20         -------- 36,00             
52         100        0          0          39600              396,00             391            3,91                     100        20         -------------------- 100,00
53         100        0          0          39600              396,00             391            3,91                     100        20         -------------------- 100,00
54         100        0          0          39600              396,00             391            3,91                     100        20         -------------------- 100,00
55         37         0          63         35899              358,99             373            3,73                     100        20         -------- 37,00             
56         37         0          63         35899              358,99             373            3,73                     100        20         -------- 37,00             
57         37         0          63         35899              358,99             373            3,73                     100        20         -------- 37,00             
58         100        0          0          39600              396,00             391            3,91                     100        20         -------------------- 100,00
59         100        0          0          39600              396,00             391            3,91                     100        20         -------------------- 100,00
60         100        0          0          39600              396,00             391            3,91                     100        20         -------------------- 100,00
61         100        0          0          39600              396,00             391            3,91                     100        20         -------------------- 100,00
62         36         0          64         35893              358,93             374            3,74                     100        20         -------- 36,00             
63         100        0          0          39600              396,00             391            3,91                     100        20         -------------------- 100,00
64         100        0          0          39600              396,00             391            3,91                     100        20         -------------------- 100,00
65         39         0          61         17602              176,02             187            1,87                     100        20         -------- 39,00             
66         100        0          0          39600              396,00             391            3,91                     100        20         -------------------- 100,00
67         100        0          0          39600              396,00             391            3,91                     100        20         -------------------- 100,00
68         100        0          0          39600              396,00             391            3,91                     100        20         -------------------- 100,00
69         100        0          0          39600              396,00             391            3,91                     100        20         -------------------- 100,00
70         100        0          0          39600              396,00             391            3,91                     100        20         -------------------- 100,00
71         100        0          0          39600              396,00             391            3,91                     100        20         -------------------- 100,00
72         100        0          0          39600              396,00             391            3,91                     100        20         -------------------- 100,00
73         100        0          0          39600              396,00             391            3,91                     100        20         -------------------- 100,00
74         7          0          93         11037              110,37             107            1,07                     100        20         -- 7,00                    
75         1          0          99         9274               92,74              99             0,99                     100        20         - 1,00                     
76         100        0          0          39600              396,00             391            3,91                     100        20         -------------------- 100,00
77         100        0          0          39600              396,00             391            3,91                     100        20         -------------------- 100,00
78         99         0          1          100                1,00               1              0,01                     100        20         -------------------- 99,00 
79         100        0          0          100                1,00               1              0,01                     100        20         -------------------- 100,00
80         99         0          1          100                1,00               1              0,01                     100        20         -------------------- 99,00 
81         100        0          0          100                1,00               1              0,01                     100        20         -------------------- 100,00
82         100        0          0          100                1,00               1              0,01                     100        20         -------------------- 100,00
83         100        0          0          100                1,00               1              0,01                     100        20         -------------------- 100,00
84         100        0          0          100                1,00               1              0,01                     100        20         -------------------- 100,00
85         100        0          0          100                1,00               1              0,01                     100        20         -------------------- 100,00
86         100        0          0          100                1,00               1              0,01                     100        20         -------------------- 100,00
87         100        0          0          100                1,00               1              0,01                     100        20         -------------------- 100,00
88         100        0          0          100                1,00               1              0,01                     100        20         -------------------- 100,00
89         99         0          1          100                1,00               1              0,01                     100        20         -------------------- 99,00 
90         100        0          0          100                1,00               1              0,01                     100        20         -------------------- 100,00
91         99         0          1          100                1,00               1              0,01                     100        20         -------------------- 99,00 
92         100        0          0          100                1,00               1              0,01                     100        20         -------------------- 100,00
93         100        0          0          100                1,00               1              0,01                     100        20         -------------------- 100,00
94         100        0          0          100                1,00               1              0,01                     100        20         -------------------- 100,00
95         100        0          0          100                1,00               1              0,01                     100        20         -------------------- 100,00
96         100        0          0          100                1,00               1              0,01                     100        20         -------------------- 100,00
97         100        0          0          100                1,00               1              0,01                     100        20         -------------------- 100,00
98         100        0          0          100                1,00               1              0,01                     100        20         -------------------- 100,00
99         100        0          0          100                1,00               1              0,01                     100        20         -------------------- 100,00
100        100        0          0          100                1,00               1              0,01                     100        20         -------------------- 100,00
101        99         0          1          100                1,00               1              0,01                     100        20         -------------------- 99,00 
102        99         0          1          100                1,00               1              0,01                     100        20         -------------------- 99,00 
103        100        0          0          100                1,00               1              0,01                     100        20         -------------------- 100,00
104        100        0          0          100                1,00               1              0,01                     100        20         -------------------- 100,00
105        99         1          0          100                1,00               1              0,01                     100        20         -------------------- 99,00 
106        31         69         0          10000              100,00             109            1,09                     100        20         ------- 31,00              
107        97         3          0          10000              100,00             109            1,09                     100        20         -------------------- 97,00 
108        31         69         0          10000              100,00             109            1,09                     100        20         ------- 31,00              
109        31         69         0          10000              100,00             109            1,09                     100        20         ------- 31,00              
110        31         69         0          10000              100,00             109            1,09                     100        20         ------- 31,00              
111        31         69         0          10000              100,00             109            1,09                     100        20         ------- 31,00              
112        100        0          0          10000              100,00             109            1,09                     100        20         -------------------- 100,00
113        100        0          0          10000              100,00             109            1,09                     100        20         -------------------- 100,00
114        31         69         0          10000              100,00             109            1,09                     100        20         ------- 31,00              
115        31         69         0          10000              100,00             109            1,09                     100        20         ------- 31,00              
116        31         69         0          10000              100,00             109            1,09                     100        20         ------- 31,00              
117        100        0          0          10000              100,00             109            1,09                     100        20         -------------------- 100,00
118        100        0          0          10000              100,00             109            1,09                     100        20         -------------------- 100,00
119        31         69         0          10000              100,00             109            1,09                     100        20         ------- 31,00              
120        100        0          0          10000              100,00             109            1,09                     100        20         -------------------- 100,00
121        31         69         0          10000              100,00             109            1,09                     100        20         ------- 31,00              
122        31         69         0          10000              100,00             109            1,09                     100        20         ------- 31,00              
123        31         69         0          10000              100,00             109            1,09                     100        20         ------- 31,00              
124        100        0          0          0                  0,00               0              0,00                     100        20         NaN                        
125        100        0          0          0                  0,00               0              0,00                     100        20         NaN                        
126        100        0          0          0                  0,00               0              0,00                     100        20         NaN                        
127        100        0          0          0                  0,00               0              0,00                     100        20         NaN                        
128        100        0          0          0                  0,00               0              0,00                     100        20         NaN                        
130        100        0          0          0                  0,00               0              0,00                     100        20         NaN                        
131        100        0          0          0                  0,00               0              0,00                     100        20         NaN                        
132        100        0          0          0                  0,00               0              0,00                     100        20         NaN                        
133        100        0          0          0                  0,00               0              0,00                     100        20         NaN                        
134        100        0          0          0                  0,00               0              0,00                     100        20         NaN                        
135        100        0          0          0                  0,00               0              0,00                     100        20         NaN                        
136        100        0          0          0                  0,00               0              0,00                     100        20         NaN                        
137        100        0          0          0                  0,00               0              0,00                     100        20         NaN                        
138        100        0          0          0                  0,00               0              0,00                     100        20         NaN                        
139        100        0          0          0                  0,00               0              0,00                     100        20         NaN                        
140        100        0          0          0                  0,00               0              0,00                     100        20         NaN                        
141        100        0          0          0                  0,00               0              0,00                     100        20         NaN                        
142        100        0          0          0                  0,00               0              0,00                     100        20         NaN                        
143        100        0          0          0                  0,00               0              0,00                     100        20         NaN                        
144        100        0          0          0                  0,00               0              0,00                     100        20         NaN                        
145        100        0          0          0                  0,00               0              0,00                     100        20         NaN                        
146        100        0          0          0                  0,00               0              0,00                     100        20         NaN                        
147        100        0          0          0                  0,00               0              0,00                     100        20         NaN                        
