aggregate data per location for random rate = 0.01 and with Magnitude = 50
Exploration Plus Magnitude
magnitude value : 1 5 10 25 50 100 
143 perturbation point
PM : Numerical Perturbator
20 list of 100 number
Random numbers generated with 23 as seed
IndexLoc   #Success   #Failure   #Exception #CallAllExecs      AvgCallPerExec     #Perturbations AvgPerturbationPerExec   #Execs     #Tasks     %Success                   
0          100        0          0          100                1,00               0              0,00                     100        20         NaN                        
1          100        0          0          100                1,00               0              0,00                     100        20         NaN                        
2          100        0          0          100                1,00               0              0,00                     100        20         NaN                        
3          100        0          0          0                  0,00               0              0,00                     100        20         NaN                        
4          100        0          0          10000              100,00             110            1,10                     100        20         -------------------- 100,00
5          100        0          0          10000              100,00             110            1,10                     100        20         -------------------- 100,00
6          100        0          0          10000              100,00             110            1,10                     100        20         -------------------- 100,00
7          100        0          0          10000              100,00             90             0,90                     100        20         -------------------- 100,00
9          100        0          0          100                1,00               0              0,00                     100        20         NaN                        
10         100        0          0          100                1,00               0              0,00                     100        20         NaN                        
11         100        0          0          100                1,00               0              0,00                     100        20         NaN                        
12         100        0          0          100                1,00               0              0,00                     100        20         NaN                        
14         100        0          0          0                  0,00               0              0,00                     100        20         NaN                        
15         100        0          0          100                1,00               0              0,00                     100        20         NaN                        
16         61         0          39         21780              217,80             215            2,15                     100        20         ------------- 61,00        
17         98         0          2          22800              228,00             225            2,25                     100        20         -------------------- 98,00 
18         61         0          39         21780              217,80             215            2,15                     100        20         ------------- 61,00        
19         98         0          2          22800              228,00             225            2,25                     100        20         -------------------- 98,00 
21         60         40         0          22700              227,00             223            2,23                     100        20         ------------ 60,00         
22         100        0          0          22700              227,00             223            2,23                     100        20         -------------------- 100,00
23         54         46         0          22700              227,00             223            2,23                     100        20         ----------- 54,00          
24         37         63         0          22700              227,00             223            2,23                     100        20         -------- 37,00             
25         34         66         0          22700              227,00             223            2,23                     100        20         ------- 34,00              
26         34         66         0          22700              227,00             223            2,23                     100        20         ------- 34,00              
27         34         66         0          22700              227,00             223            2,23                     100        20         ------- 34,00              
28         34         66         0          22700              227,00             223            2,23                     100        20         ------- 34,00              
29         34         66         0          22700              227,00             223            2,23                     100        20         ------- 34,00              
30         34         66         0          22700              227,00             223            2,23                     100        20         ------- 34,00              
31         34         66         0          22700              227,00             223            2,23                     100        20         ------- 34,00              
32         34         66         0          22700              227,00             223            2,23                     100        20         ------- 34,00              
33         24         44         32         21990              219,90             219            2,19                     100        20         ----- 24,00                
34         24         44         32         21990              219,90             219            2,19                     100        20         ----- 24,00                
35         24         44         32         21990              219,90             219            2,19                     100        20         ----- 24,00                
36         34         66         0          22700              227,00             223            2,23                     100        20         ------- 34,00              
37         34         66         0          22700              227,00             223            2,23                     100        20         ------- 34,00              
38         34         66         0          22700              227,00             223            2,23                     100        20         ------- 34,00              
39         34         66         0          22700              227,00             223            2,23                     100        20         ------- 34,00              
40         34         66         0          22700              227,00             223            2,23                     100        20         ------- 34,00              
41         100        0          0          22700              227,00             223            2,23                     100        20         -------------------- 100,00
42         8          0          92         10321              103,21             112            1,12                     100        20         -- 8,00                    
43         9          0          91         8832               88,32              91             0,91                     100        20         -- 9,00                    
44         34         66         0          22700              227,00             223            2,23                     100        20         ------- 34,00              
45         34         66         0          22700              227,00             223            2,23                     100        20         ------- 34,00              
46         100        0          0          38459              384,59             366            3,66                     100        20         -------------------- 100,00
47         98         0          2          39700              397,00             378            3,78                     100        20         -------------------- 98,00 
48         100        0          0          38459              384,59             366            3,66                     100        20         -------------------- 100,00
49         98         0          2          39700              397,00             378            3,78                     100        20         -------------------- 98,00 
51         64         0          36         38668              386,68             375            3,75                     100        20         ------------- 64,00        
52         100        0          0          39600              396,00             393            3,93                     100        20         -------------------- 100,00
53         100        0          0          39600              396,00             393            3,93                     100        20         -------------------- 100,00
54         100        0          0          39600              396,00             393            3,93                     100        20         -------------------- 100,00
55         64         0          36         38676              386,76             375            3,75                     100        20         ------------- 64,00        
56         64         0          36         38676              386,76             375            3,75                     100        20         ------------- 64,00        
57         64         0          36         38676              386,76             375            3,75                     100        20         ------------- 64,00        
58         100        0          0          39600              396,00             393            3,93                     100        20         -------------------- 100,00
59         100        0          0          39600              396,00             393            3,93                     100        20         -------------------- 100,00
60         100        0          0          39600              396,00             393            3,93                     100        20         -------------------- 100,00
61         100        0          0          39600              396,00             393            3,93                     100        20         -------------------- 100,00
62         64         0          36         38668              386,68             375            3,75                     100        20         ------------- 64,00        
63         100        0          0          39600              396,00             393            3,93                     100        20         -------------------- 100,00
64         100        0          0          39600              396,00             393            3,93                     100        20         -------------------- 100,00
65         63         0          37         25858              258,58             245            2,45                     100        20         ------------- 63,00        
66         100        0          0          39600              396,00             393            3,93                     100        20         -------------------- 100,00
67         100        0          0          39600              396,00             393            3,93                     100        20         -------------------- 100,00
68         100        0          0          39600              396,00             393            3,93                     100        20         -------------------- 100,00
69         100        0          0          39600              396,00             393            3,93                     100        20         -------------------- 100,00
70         100        0          0          39600              396,00             393            3,93                     100        20         -------------------- 100,00
71         100        0          0          39600              396,00             393            3,93                     100        20         -------------------- 100,00
72         100        0          0          39600              396,00             393            3,93                     100        20         -------------------- 100,00
73         100        0          0          39600              396,00             393            3,93                     100        20         -------------------- 100,00
74         4          0          96         10239              102,39             113            1,13                     100        20         - 4,00                     
75         2          0          98         10741              107,41             98             0,98                     100        20         - 2,00                     
76         100        0          0          39600              396,00             393            3,93                     100        20         -------------------- 100,00
77         100        0          0          39600              396,00             393            3,93                     100        20         -------------------- 100,00
78         100        0          0          100                1,00               0              0,00                     100        20         NaN                        
79         100        0          0          100                1,00               0              0,00                     100        20         NaN                        
80         100        0          0          100                1,00               0              0,00                     100        20         NaN                        
81         100        0          0          100                1,00               0              0,00                     100        20         NaN                        
82         100        0          0          100                1,00               0              0,00                     100        20         NaN                        
83         100        0          0          100                1,00               0              0,00                     100        20         NaN                        
84         100        0          0          100                1,00               0              0,00                     100        20         NaN                        
85         100        0          0          100                1,00               0              0,00                     100        20         NaN                        
86         100        0          0          100                1,00               0              0,00                     100        20         NaN                        
87         100        0          0          100                1,00               0              0,00                     100        20         NaN                        
88         100        0          0          100                1,00               0              0,00                     100        20         NaN                        
89         100        0          0          100                1,00               0              0,00                     100        20         NaN                        
90         100        0          0          100                1,00               0              0,00                     100        20         NaN                        
91         100        0          0          100                1,00               0              0,00                     100        20         NaN                        
92         100        0          0          100                1,00               0              0,00                     100        20         NaN                        
93         100        0          0          100                1,00               0              0,00                     100        20         NaN                        
94         100        0          0          100                1,00               0              0,00                     100        20         NaN                        
95         100        0          0          100                1,00               0              0,00                     100        20         NaN                        
96         100        0          0          100                1,00               0              0,00                     100        20         NaN                        
97         100        0          0          100                1,00               0              0,00                     100        20         NaN                        
98         100        0          0          100                1,00               0              0,00                     100        20         NaN                        
99         100        0          0          100                1,00               0              0,00                     100        20         NaN                        
100        100        0          0          100                1,00               0              0,00                     100        20         NaN                        
101        100        0          0          100                1,00               0              0,00                     100        20         NaN                        
102        100        0          0          100                1,00               0              0,00                     100        20         NaN                        
103        100        0          0          100                1,00               0              0,00                     100        20         NaN                        
104        100        0          0          100                1,00               0              0,00                     100        20         NaN                        
105        100        0          0          100                1,00               0              0,00                     100        20         NaN                        
106        33         67         0          10000              100,00             110            1,10                     100        20         ------- 33,00              
107        99         1          0          10000              100,00             110            1,10                     100        20         -------------------- 99,00 
108        33         67         0          10000              100,00             110            1,10                     100        20         ------- 33,00              
109        33         67         0          10000              100,00             110            1,10                     100        20         ------- 33,00              
110        37         63         0          10000              100,00             110            1,10                     100        20         -------- 37,00             
111        33         67         0          10000              100,00             110            1,10                     100        20         ------- 33,00              
112        100        0          0          10000              100,00             110            1,10                     100        20         -------------------- 100,00
113        100        0          0          10000              100,00             110            1,10                     100        20         -------------------- 100,00
114        33         67         0          10000              100,00             110            1,10                     100        20         ------- 33,00              
115        49         51         0          10000              100,00             110            1,10                     100        20         ---------- 49,00           
116        33         67         0          10000              100,00             110            1,10                     100        20         ------- 33,00              
117        100        0          0          10000              100,00             110            1,10                     100        20         -------------------- 100,00
118        100        0          0          10000              100,00             110            1,10                     100        20         -------------------- 100,00
119        33         67         0          10000              100,00             110            1,10                     100        20         ------- 33,00              
120        100        0          0          10000              100,00             110            1,10                     100        20         -------------------- 100,00
121        33         67         0          10000              100,00             110            1,10                     100        20         ------- 33,00              
122        33         67         0          10000              100,00             110            1,10                     100        20         ------- 33,00              
123        33         67         0          10000              100,00             110            1,10                     100        20         ------- 33,00              
124        100        0          0          0                  0,00               0              0,00                     100        20         NaN                        
125        100        0          0          0                  0,00               0              0,00                     100        20         NaN                        
126        100        0          0          0                  0,00               0              0,00                     100        20         NaN                        
127        100        0          0          0                  0,00               0              0,00                     100        20         NaN                        
128        100        0          0          0                  0,00               0              0,00                     100        20         NaN                        
130        100        0          0          0                  0,00               0              0,00                     100        20         NaN                        
131        100        0          0          0                  0,00               0              0,00                     100        20         NaN                        
132        100        0          0          0                  0,00               0              0,00                     100        20         NaN                        
133        100        0          0          0                  0,00               0              0,00                     100        20         NaN                        
134        100        0          0          0                  0,00               0              0,00                     100        20         NaN                        
135        100        0          0          0                  0,00               0              0,00                     100        20         NaN                        
136        100        0          0          0                  0,00               0              0,00                     100        20         NaN                        
137        100        0          0          0                  0,00               0              0,00                     100        20         NaN                        
138        100        0          0          0                  0,00               0              0,00                     100        20         NaN                        
139        100        0          0          0                  0,00               0              0,00                     100        20         NaN                        
140        100        0          0          0                  0,00               0              0,00                     100        20         NaN                        
141        100        0          0          0                  0,00               0              0,00                     100        20         NaN                        
142        100        0          0          0                  0,00               0              0,00                     100        20         NaN                        
143        100        0          0          0                  0,00               0              0,00                     100        20         NaN                        
144        100        0          0          0                  0,00               0              0,00                     100        20         NaN                        
145        100        0          0          0                  0,00               0              0,00                     100        20         NaN                        
146        100        0          0          0                  0,00               0              0,00                     100        20         NaN                        
147        100        0          0          0                  0,00               0              0,00                     100        20         NaN                        
