aggregate data per location for random rate = 0.01 and with Magnitude = 10
Exploration Plus Magnitude
magnitude value : 1 5 10 25 50 100 
143 perturbation point
PM : Numerical Perturbator
20 list of 100 number
Random numbers generated with 23 as seed
IndexLoc   #Success   #Failure   #Exception #CallAllExecs      AvgCallPerExec     #Perturbations AvgPerturbationPerExec   #Execs     #Tasks     %Success                   
0          100        0          0          100                1,00               0              0,00                     100        20         NaN                        
1          100        0          0          100                1,00               0              0,00                     100        20         NaN                        
2          100        0          0          100                1,00               0              0,00                     100        20         NaN                        
3          100        0          0          0                  0,00               0              0,00                     100        20         NaN                        
4          100        0          0          10000              100,00             80             0,80                     100        20         -------------------- 100,00
5          100        0          0          10000              100,00             80             0,80                     100        20         -------------------- 100,00
6          100        0          0          10000              100,00             80             0,80                     100        20         -------------------- 100,00
7          99         0          1          9901               99,01              100            1,00                     100        20         -------------------- 99,00 
9          100        0          0          100                1,00               0              0,00                     100        20         NaN                        
10         100        0          0          100                1,00               0              0,00                     100        20         NaN                        
11         100        0          0          100                1,00               0              0,00                     100        20         NaN                        
12         100        0          0          100                1,00               0              0,00                     100        20         NaN                        
14         100        0          0          0                  0,00               0              0,00                     100        20         NaN                        
15         100        0          0          100                1,00               0              0,00                     100        20         NaN                        
16         90         0          10         22743              227,43             233            2,33                     100        20         ------------------ 90,00   
17         100        0          0          22800              228,00             219            2,19                     100        20         -------------------- 100,00
18         90         0          10         22743              227,43             233            2,33                     100        20         ------------------ 90,00   
19         100        0          0          22800              228,00             219            2,19                     100        20         -------------------- 100,00
21         66         34         0          22700              227,00             207            2,07                     100        20         -------------- 66,00       
22         100        0          0          22700              227,00             207            2,07                     100        20         -------------------- 100,00
23         70         30         0          22700              227,00             207            2,07                     100        20         -------------- 70,00       
24         51         49         0          22700              227,00             207            2,07                     100        20         ----------- 51,00          
25         38         62         0          22700              227,00             207            2,07                     100        20         -------- 38,00             
26         38         62         0          22700              227,00             207            2,07                     100        20         -------- 38,00             
27         38         62         0          22700              227,00             207            2,07                     100        20         -------- 38,00             
28         38         62         0          22700              227,00             207            2,07                     100        20         -------- 38,00             
29         38         62         0          22700              227,00             207            2,07                     100        20         -------- 38,00             
30         38         62         0          22700              227,00             207            2,07                     100        20         -------- 38,00             
31         38         62         0          22700              227,00             207            2,07                     100        20         -------- 38,00             
32         38         62         0          22700              227,00             207            2,07                     100        20         -------- 38,00             
33         24         61         15         22619              226,19             234            2,34                     100        20         ----- 24,00                
34         24         61         15         22619              226,19             234            2,34                     100        20         ----- 24,00                
35         24         61         15         22619              226,19             234            2,34                     100        20         ----- 24,00                
36         38         62         0          22700              227,00             207            2,07                     100        20         -------- 38,00             
37         38         62         0          22700              227,00             207            2,07                     100        20         -------- 38,00             
38         38         62         0          22700              227,00             207            2,07                     100        20         -------- 38,00             
39         38         62         0          22700              227,00             207            2,07                     100        20         -------- 38,00             
40         38         62         0          22700              227,00             207            2,07                     100        20         -------- 38,00             
41         100        0          0          22700              227,00             207            2,07                     100        20         -------------------- 100,00
42         17         0          83         10210              102,10             109            1,09                     100        20         ---- 17,00                 
43         9          0          91         8373               83,73              91             0,91                     100        20         -- 9,00                    
44         38         62         0          22700              227,00             207            2,07                     100        20         -------- 38,00             
45         38         62         0          22700              227,00             207            2,07                     100        20         -------- 38,00             
46         100        0          0          39671              396,71             367            3,67                     100        20         -------------------- 100,00
47         99         0          1          39700              397,00             381            3,81                     100        20         -------------------- 99,00 
48         100        0          0          39671              396,71             367            3,67                     100        20         -------------------- 100,00
49         99         0          1          39700              397,00             381            3,81                     100        20         -------------------- 99,00 
51         91         0          9          39560              395,60             367            3,67                     100        20         ------------------- 91,00  
52         100        0          0          39600              396,00             369            3,69                     100        20         -------------------- 100,00
53         100        0          0          39600              396,00             369            3,69                     100        20         -------------------- 100,00
54         100        0          0          39600              396,00             369            3,69                     100        20         -------------------- 100,00
55         91         0          9          39560              395,60             366            3,66                     100        20         ------------------- 91,00  
56         91         0          9          39560              395,60             366            3,66                     100        20         ------------------- 91,00  
57         91         0          9          39560              395,60             366            3,66                     100        20         ------------------- 91,00  
58         100        0          0          39600              396,00             369            3,69                     100        20         -------------------- 100,00
59         100        0          0          39600              396,00             369            3,69                     100        20         -------------------- 100,00
60         100        0          0          39600              396,00             369            3,69                     100        20         -------------------- 100,00
61         100        0          0          39600              396,00             369            3,69                     100        20         -------------------- 100,00
62         91         0          9          39560              395,60             367            3,67                     100        20         ------------------- 91,00  
63         100        0          0          39600              396,00             369            3,69                     100        20         -------------------- 100,00
64         100        0          0          39600              396,00             369            3,69                     100        20         -------------------- 100,00
65         86         0          14         34124              341,24             345            3,45                     100        20         ------------------ 86,00   
66         100        0          0          39600              396,00             369            3,69                     100        20         -------------------- 100,00
67         100        0          0          39600              396,00             369            3,69                     100        20         -------------------- 100,00
68         100        0          0          39600              396,00             369            3,69                     100        20         -------------------- 100,00
69         100        0          0          39600              396,00             369            3,69                     100        20         -------------------- 100,00
70         100        0          0          39600              396,00             369            3,69                     100        20         -------------------- 100,00
71         100        0          0          39600              396,00             369            3,69                     100        20         -------------------- 100,00
72         100        0          0          39600              396,00             369            3,69                     100        20         -------------------- 100,00
73         100        0          0          39600              396,00             369            3,69                     100        20         -------------------- 100,00
74         10         0          90         13132              131,32             116            1,16                     100        20         -- 10,00                   
75         3          0          97         8724               87,24              97             0,97                     100        20         - 3,00                     
76         100        0          0          39600              396,00             369            3,69                     100        20         -------------------- 100,00
77         100        0          0          39600              396,00             369            3,69                     100        20         -------------------- 100,00
78         100        0          0          100                1,00               0              0,00                     100        20         NaN                        
79         100        0          0          100                1,00               0              0,00                     100        20         NaN                        
80         100        0          0          100                1,00               0              0,00                     100        20         NaN                        
81         100        0          0          100                1,00               0              0,00                     100        20         NaN                        
82         100        0          0          100                1,00               0              0,00                     100        20         NaN                        
83         100        0          0          100                1,00               0              0,00                     100        20         NaN                        
84         100        0          0          100                1,00               0              0,00                     100        20         NaN                        
85         100        0          0          100                1,00               0              0,00                     100        20         NaN                        
86         100        0          0          100                1,00               0              0,00                     100        20         NaN                        
87         100        0          0          100                1,00               0              0,00                     100        20         NaN                        
88         100        0          0          100                1,00               0              0,00                     100        20         NaN                        
89         100        0          0          100                1,00               0              0,00                     100        20         NaN                        
90         100        0          0          100                1,00               0              0,00                     100        20         NaN                        
91         100        0          0          100                1,00               0              0,00                     100        20         NaN                        
92         100        0          0          100                1,00               0              0,00                     100        20         NaN                        
93         100        0          0          100                1,00               0              0,00                     100        20         NaN                        
94         100        0          0          100                1,00               0              0,00                     100        20         NaN                        
95         100        0          0          100                1,00               0              0,00                     100        20         NaN                        
96         100        0          0          100                1,00               0              0,00                     100        20         NaN                        
97         100        0          0          100                1,00               0              0,00                     100        20         NaN                        
98         100        0          0          100                1,00               0              0,00                     100        20         NaN                        
99         100        0          0          100                1,00               0              0,00                     100        20         NaN                        
100        100        0          0          100                1,00               0              0,00                     100        20         NaN                        
101        100        0          0          100                1,00               0              0,00                     100        20         NaN                        
102        100        0          0          100                1,00               0              0,00                     100        20         NaN                        
103        100        0          0          100                1,00               0              0,00                     100        20         NaN                        
104        100        0          0          100                1,00               0              0,00                     100        20         NaN                        
105        100        0          0          100                1,00               0              0,00                     100        20         NaN                        
106        47         53         0          10000              100,00             80             0,80                     100        20         ---------- 47,00           
107        99         1          0          10000              100,00             80             0,80                     100        20         -------------------- 99,00 
108        47         53         0          10000              100,00             80             0,80                     100        20         ---------- 47,00           
109        47         53         0          10000              100,00             80             0,80                     100        20         ---------- 47,00           
110        47         53         0          10000              100,00             80             0,80                     100        20         ---------- 47,00           
111        47         53         0          10000              100,00             80             0,80                     100        20         ---------- 47,00           
112        100        0          0          10000              100,00             80             0,80                     100        20         -------------------- 100,00
113        100        0          0          10000              100,00             80             0,80                     100        20         -------------------- 100,00
114        47         53         0          10000              100,00             80             0,80                     100        20         ---------- 47,00           
115        47         53         0          10000              100,00             80             0,80                     100        20         ---------- 47,00           
116        47         53         0          10000              100,00             80             0,80                     100        20         ---------- 47,00           
117        100        0          0          10000              100,00             80             0,80                     100        20         -------------------- 100,00
118        100        0          0          10000              100,00             80             0,80                     100        20         -------------------- 100,00
119        47         53         0          10000              100,00             80             0,80                     100        20         ---------- 47,00           
120        100        0          0          10000              100,00             80             0,80                     100        20         -------------------- 100,00
121        47         53         0          10000              100,00             80             0,80                     100        20         ---------- 47,00           
122        47         53         0          10000              100,00             80             0,80                     100        20         ---------- 47,00           
123        47         53         0          10000              100,00             80             0,80                     100        20         ---------- 47,00           
124        100        0          0          0                  0,00               0              0,00                     100        20         NaN                        
125        100        0          0          0                  0,00               0              0,00                     100        20         NaN                        
126        100        0          0          0                  0,00               0              0,00                     100        20         NaN                        
127        100        0          0          0                  0,00               0              0,00                     100        20         NaN                        
128        100        0          0          0                  0,00               0              0,00                     100        20         NaN                        
130        100        0          0          0                  0,00               0              0,00                     100        20         NaN                        
131        100        0          0          0                  0,00               0              0,00                     100        20         NaN                        
132        100        0          0          0                  0,00               0              0,00                     100        20         NaN                        
133        100        0          0          0                  0,00               0              0,00                     100        20         NaN                        
134        100        0          0          0                  0,00               0              0,00                     100        20         NaN                        
135        100        0          0          0                  0,00               0              0,00                     100        20         NaN                        
136        100        0          0          0                  0,00               0              0,00                     100        20         NaN                        
137        100        0          0          0                  0,00               0              0,00                     100        20         NaN                        
138        100        0          0          0                  0,00               0              0,00                     100        20         NaN                        
139        100        0          0          0                  0,00               0              0,00                     100        20         NaN                        
140        100        0          0          0                  0,00               0              0,00                     100        20         NaN                        
141        100        0          0          0                  0,00               0              0,00                     100        20         NaN                        
142        100        0          0          0                  0,00               0              0,00                     100        20         NaN                        
143        100        0          0          0                  0,00               0              0,00                     100        20         NaN                        
144        100        0          0          0                  0,00               0              0,00                     100        20         NaN                        
145        100        0          0          0                  0,00               0              0,00                     100        20         NaN                        
146        100        0          0          0                  0,00               0              0,00                     100        20         NaN                        
147        100        0          0          0                  0,00               0              0,00                     100        20         NaN                        
