aggregate data per location for random rate = 0.1 and with Magnitude = 1
Exploration Plus Magnitude
magnitude value : 1 5 10 25 50 100 
143 perturbation point
PM : Numerical Perturbator
20 list of 100 number
Random numbers generated with 23 as seed
IndexLoc   #Success   #Failure   #Exception #CallAllExecs      AvgCallPerExec     #Perturbations AvgPerturbationPerExec   #Execs     #Tasks     %Success                   
0          100        0          0          100                1,00               7              0,07                     100        20         -------------------- 100,00
1          100        0          0          100                1,00               7              0,07                     100        20         -------------------- 100,00
2          100        0          0          100                1,00               7              0,07                     100        20         -------------------- 100,00
3          100        0          0          0                  0,00               0              0,00                     100        20         NaN                        
4          93         7          0          10000              100,00             981            9,81                     100        20         ------------------- 93,00  
5          93         7          0          10000              100,00             981            9,81                     100        20         ------------------- 93,00  
6          100        0          0          10000              100,00             981            9,81                     100        20         -------------------- 100,00
7          87         0          13         8713               87,13              884            8,84                     100        20         ------------------ 87,00   
9          93         7          0          100                1,00               7              0,07                     100        20         ------------------- 93,00  
10         100        0          0          100                1,00               7              0,07                     100        20         -------------------- 100,00
11         100        0          0          100                1,00               7              0,07                     100        20         -------------------- 100,00
12         100        0          0          100                1,00               7              0,07                     100        20         -------------------- 100,00
14         100        0          0          0                  0,00               0              0,00                     100        20         NaN                        
15         93         7          0          100                1,00               7              0,07                     100        20         ------------------- 93,00  
16         89         0          11         22789              227,89             2321           23,21                    100        20         ------------------ 89,00   
17         91         0          9          22800              228,00             2280           22,80                    100        20         ------------------- 91,00  
18         89         0          11         22789              227,89             2321           23,21                    100        20         ------------------ 89,00   
19         91         0          9          22800              228,00             2280           22,80                    100        20         ------------------- 91,00  
21         0          100        0          22700              227,00             2234           22,34                    100        20          0,00                      
22         100        0          0          22700              227,00             2234           22,34                    100        20         -------------------- 100,00
23         8          92         0          22700              227,00             2234           22,34                    100        20         -- 8,00                    
24         0          100        0          22700              227,00             2234           22,34                    100        20          0,00                      
25         0          100        0          22700              227,00             2234           22,34                    100        20          0,00                      
26         0          100        0          22700              227,00             2234           22,34                    100        20          0,00                      
27         0          100        0          22700              227,00             2234           22,34                    100        20          0,00                      
28         0          100        0          22700              227,00             2234           22,34                    100        20          0,00                      
29         0          100        0          22700              227,00             2234           22,34                    100        20          0,00                      
30         0          100        0          22700              227,00             2234           22,34                    100        20          0,00                      
31         0          100        0          22700              227,00             2234           22,34                    100        20          0,00                      
32         0          100        0          22700              227,00             2234           22,34                    100        20          0,00                      
33         0          86         14         22700              227,00             2311           23,11                    100        20          0,00                      
34         0          86         14         22700              227,00             2311           23,11                    100        20          0,00                      
35         0          86         14         22700              227,00             2311           23,11                    100        20          0,00                      
36         0          100        0          22700              227,00             2234           22,34                    100        20          0,00                      
37         0          100        0          22700              227,00             2234           22,34                    100        20          0,00                      
38         0          100        0          22700              227,00             2234           22,34                    100        20          0,00                      
39         0          100        0          22700              227,00             2234           22,34                    100        20          0,00                      
40         0          100        0          22700              227,00             2234           22,34                    100        20          0,00                      
41         0          100        0          22700              227,00             2234           22,34                    100        20          0,00                      
42         0          0          100        1860               18,60              191            1,91                     100        20          0,00                      
43         0          0          100        2154               21,54              223            2,23                     100        20          0,00                      
44         0          100        0          22700              227,00             2234           22,34                    100        20          0,00                      
45         0          100        0          22700              227,00             2234           22,34                    100        20          0,00                      
46         100        0          0          39680              396,80             4153           41,53                    100        20         -------------------- 100,00
47         87         0          13         39700              397,00             4021           40,21                    100        20         ------------------ 87,00   
48         100        0          0          39680              396,80             4153           41,53                    100        20         -------------------- 100,00
49         87         0          13         39700              397,00             4021           40,21                    100        20         ------------------ 87,00   
51         100        0          0          39600              396,00             4123           41,23                    100        20         -------------------- 100,00
52         100        0          0          39600              396,00             3992           39,92                    100        20         -------------------- 100,00
53         100        0          0          39600              396,00             3992           39,92                    100        20         -------------------- 100,00
54         100        0          0          39600              396,00             3992           39,92                    100        20         -------------------- 100,00
55         88         0          12         39600              396,00             4137           41,37                    100        20         ------------------ 88,00   
56         88         0          12         39600              396,00             4137           41,37                    100        20         ------------------ 88,00   
57         88         0          12         39600              396,00             4137           41,37                    100        20         ------------------ 88,00   
58         100        0          0          39600              396,00             3992           39,92                    100        20         -------------------- 100,00
59         100        0          0          39600              396,00             3992           39,92                    100        20         -------------------- 100,00
60         100        0          0          39600              396,00             3992           39,92                    100        20         -------------------- 100,00
61         100        0          0          39600              396,00             3992           39,92                    100        20         -------------------- 100,00
62         100        0          0          39600              396,00             4123           41,23                    100        20         -------------------- 100,00
63         100        0          0          39600              396,00             3992           39,92                    100        20         -------------------- 100,00
64         100        0          0          39600              396,00             3992           39,92                    100        20         -------------------- 100,00
65         92         0          8          36440              364,40             3659           36,59                    100        20         ------------------- 92,00  
66         100        0          0          39600              396,00             3992           39,92                    100        20         -------------------- 100,00
67         100        0          0          39600              396,00             3992           39,92                    100        20         -------------------- 100,00
68         100        0          0          39600              396,00             3992           39,92                    100        20         -------------------- 100,00
69         100        0          0          39600              396,00             3992           39,92                    100        20         -------------------- 100,00
70         100        0          0          39600              396,00             3992           39,92                    100        20         -------------------- 100,00
71         100        0          0          39600              396,00             3992           39,92                    100        20         -------------------- 100,00
72         100        0          0          39600              396,00             3992           39,92                    100        20         -------------------- 100,00
73         100        0          0          39600              396,00             3992           39,92                    100        20         -------------------- 100,00
74         0          0          100        1933               19,33              205            2,05                     100        20          0,00                      
75         0          0          100        2018               20,18              214            2,14                     100        20          0,00                      
76         100        0          0          39600              396,00             3992           39,92                    100        20         -------------------- 100,00
77         100        0          0          39600              396,00             3992           39,92                    100        20         -------------------- 100,00
78         93         0          7          100                1,00               7              0,07                     100        20         ------------------- 93,00  
79         100        0          0          100                1,00               7              0,07                     100        20         -------------------- 100,00
80         93         0          7          100                1,00               7              0,07                     100        20         ------------------- 93,00  
81         100        0          0          100                1,00               7              0,07                     100        20         -------------------- 100,00
82         100        0          0          100                1,00               7              0,07                     100        20         -------------------- 100,00
83         100        0          0          100                1,00               7              0,07                     100        20         -------------------- 100,00
84         100        0          0          100                1,00               7              0,07                     100        20         -------------------- 100,00
85         100        0          0          100                1,00               7              0,07                     100        20         -------------------- 100,00
86         100        0          0          100                1,00               7              0,07                     100        20         -------------------- 100,00
87         100        0          0          100                1,00               7              0,07                     100        20         -------------------- 100,00
88         100        0          0          100                1,00               7              0,07                     100        20         -------------------- 100,00
89         93         0          7          100                1,00               7              0,07                     100        20         ------------------- 93,00  
90         100        0          0          100                1,00               7              0,07                     100        20         -------------------- 100,00
91         93         0          7          100                1,00               7              0,07                     100        20         ------------------- 93,00  
92         100        0          0          100                1,00               7              0,07                     100        20         -------------------- 100,00
93         100        0          0          100                1,00               7              0,07                     100        20         -------------------- 100,00
94         100        0          0          100                1,00               7              0,07                     100        20         -------------------- 100,00
95         100        0          0          100                1,00               7              0,07                     100        20         -------------------- 100,00
96         100        0          0          100                1,00               7              0,07                     100        20         -------------------- 100,00
97         100        0          0          100                1,00               7              0,07                     100        20         -------------------- 100,00
98         100        0          0          100                1,00               7              0,07                     100        20         -------------------- 100,00
99         100        0          0          100                1,00               7              0,07                     100        20         -------------------- 100,00
100        100        0          0          100                1,00               7              0,07                     100        20         -------------------- 100,00
101        97         0          3          100                1,00               7              0,07                     100        20         -------------------- 97,00 
102        98         0          2          100                1,00               7              0,07                     100        20         -------------------- 98,00 
103        100        0          0          100                1,00               7              0,07                     100        20         -------------------- 100,00
104        100        0          0          100                1,00               7              0,07                     100        20         -------------------- 100,00
105        93         7          0          100                1,00               7              0,07                     100        20         ------------------- 93,00  
106        0          100        0          10000              100,00             981            9,81                     100        20          0,00                      
107        100        0          0          10000              100,00             981            9,81                     100        20         -------------------- 100,00
108        0          100        0          10000              100,00             981            9,81                     100        20          0,00                      
109        0          100        0          10000              100,00             981            9,81                     100        20          0,00                      
110        0          100        0          10000              100,00             981            9,81                     100        20          0,00                      
111        0          100        0          10000              100,00             981            9,81                     100        20          0,00                      
112        100        0          0          10000              100,00             981            9,81                     100        20         -------------------- 100,00
113        100        0          0          10000              100,00             981            9,81                     100        20         -------------------- 100,00
114        0          100        0          10000              100,00             981            9,81                     100        20          0,00                      
115        10         90         0          10000              100,00             981            9,81                     100        20         -- 10,00                   
116        0          100        0          10000              100,00             981            9,81                     100        20          0,00                      
117        100        0          0          10000              100,00             981            9,81                     100        20         -------------------- 100,00
118        100        0          0          10000              100,00             981            9,81                     100        20         -------------------- 100,00
119        0          100        0          10000              100,00             981            9,81                     100        20          0,00                      
120        100        0          0          10000              100,00             981            9,81                     100        20         -------------------- 100,00
121        0          100        0          10000              100,00             981            9,81                     100        20          0,00                      
122        0          100        0          10000              100,00             981            9,81                     100        20          0,00                      
123        0          100        0          10000              100,00             981            9,81                     100        20          0,00                      
124        100        0          0          0                  0,00               0              0,00                     100        20         NaN                        
125        100        0          0          0                  0,00               0              0,00                     100        20         NaN                        
126        100        0          0          0                  0,00               0              0,00                     100        20         NaN                        
127        100        0          0          0                  0,00               0              0,00                     100        20         NaN                        
128        100        0          0          0                  0,00               0              0,00                     100        20         NaN                        
130        100        0          0          0                  0,00               0              0,00                     100        20         NaN                        
131        100        0          0          0                  0,00               0              0,00                     100        20         NaN                        
132        100        0          0          0                  0,00               0              0,00                     100        20         NaN                        
133        100        0          0          0                  0,00               0              0,00                     100        20         NaN                        
134        100        0          0          0                  0,00               0              0,00                     100        20         NaN                        
135        100        0          0          0                  0,00               0              0,00                     100        20         NaN                        
136        100        0          0          0                  0,00               0              0,00                     100        20         NaN                        
137        100        0          0          0                  0,00               0              0,00                     100        20         NaN                        
138        100        0          0          0                  0,00               0              0,00                     100        20         NaN                        
139        100        0          0          0                  0,00               0              0,00                     100        20         NaN                        
140        100        0          0          0                  0,00               0              0,00                     100        20         NaN                        
141        100        0          0          0                  0,00               0              0,00                     100        20         NaN                        
142        100        0          0          0                  0,00               0              0,00                     100        20         NaN                        
143        100        0          0          0                  0,00               0              0,00                     100        20         NaN                        
144        100        0          0          0                  0,00               0              0,00                     100        20         NaN                        
145        100        0          0          0                  0,00               0              0,00                     100        20         NaN                        
146        100        0          0          0                  0,00               0              0,00                     100        20         NaN                        
147        100        0          0          0                  0,00               0              0,00                     100        20         NaN                        
