aggregate data per location for magnitude = 0.009
SERN
143 perturbation point
Random Enactor, seed :32
PONE : Numerical Perturbator
5 repetition for each location for each task
20 list of 100 number
Random numbers generated with 23 as seed
IndexLoc   #Success   #Failure   #Exception #CallAllExecs      AvgCallPerExec     #Perturbations AvgPerturbationPerExec   #Execs     #Tasks     %Success                   
0          100        0          0          100                5,00               1              0,01                     100        20         -------------------- 100,00
1          100        0          0          100                5,00               1              0,01                     100        20         -------------------- 100,00
2          100        0          0          100                5,00               1              0,01                     100        20         -------------------- 100,00
3          100        0          0          0                  0,00               0              0,00                     100        20         NaN                        
4          99         1          0          10000              500,00             94             0,94                     100        20         -------------------- 99,00 
5          99         1          0          10000              500,00             94             0,94                     100        20         -------------------- 99,00 
6          100        0          0          10000              500,00             94             0,94                     100        20         -------------------- 100,00
7          99         0          1          9901               495,05             92             0,92                     100        20         -------------------- 99,00 
9          99         1          0          100                5,00               1              0,01                     100        20         -------------------- 99,00 
10         100        0          0          100                5,00               1              0,01                     100        20         -------------------- 100,00
11         100        0          0          100                5,00               1              0,01                     100        20         -------------------- 100,00
12         100        0          0          100                5,00               1              0,01                     100        20         -------------------- 100,00
14         100        0          0          0                  0,00               0              0,00                     100        20         NaN                        
15         99         1          0          100                5,00               1              0,01                     100        20         -------------------- 99,00 
16         100        0          0          22800              1140,00            202            2,02                     100        20         -------------------- 100,00
17         100        0          0          22800              1140,00            202            2,02                     100        20         -------------------- 100,00
18         100        0          0          22800              1140,00            202            2,02                     100        20         -------------------- 100,00
19         100        0          0          22800              1140,00            202            2,02                     100        20         -------------------- 100,00
21         62         38         0          22700              1135,00            202            2,02                     100        20         ------------- 62,00        
22         100        0          0          22700              1135,00            202            2,02                     100        20         -------------------- 100,00
23         88         12         0          22700              1135,00            202            2,02                     100        20         ------------------ 88,00   
24         60         40         0          22700              1135,00            202            2,02                     100        20         ------------ 60,00         
25         36         64         0          22700              1135,00            202            2,02                     100        20         -------- 36,00             
26         36         64         0          22700              1135,00            202            2,02                     100        20         -------- 36,00             
27         36         64         0          22700              1135,00            202            2,02                     100        20         -------- 36,00             
28         36         64         0          22700              1135,00            202            2,02                     100        20         -------- 36,00             
29         36         64         0          22700              1135,00            202            2,02                     100        20         -------- 36,00             
30         36         64         0          22700              1135,00            202            2,02                     100        20         -------- 36,00             
31         36         64         0          22700              1135,00            202            2,02                     100        20         -------- 36,00             
32         36         64         0          22700              1135,00            202            2,02                     100        20         -------- 36,00             
33         36         63         1          22700              1135,00            202            2,02                     100        20         -------- 36,00             
34         36         63         1          22700              1135,00            202            2,02                     100        20         -------- 36,00             
35         36         63         1          22700              1135,00            202            2,02                     100        20         -------- 36,00             
36         36         64         0          22700              1135,00            202            2,02                     100        20         -------- 36,00             
37         63         37         0          22700              1135,00            202            2,02                     100        20         ------------- 63,00        
38         36         64         0          22700              1135,00            202            2,02                     100        20         -------- 36,00             
39         36         64         0          22700              1135,00            202            2,02                     100        20         -------- 36,00             
40         36         64         0          22700              1135,00            202            2,02                     100        20         -------- 36,00             
41         36         64         0          22700              1135,00            202            2,02                     100        20         -------- 36,00             
42         29         7          64         13895              694,75             128            1,28                     100        20         ------ 29,00               
43         26         10         64         14630              731,50             139            1,39                     100        20         ------ 26,00               
44         36         64         0          22700              1135,00            202            2,02                     100        20         -------- 36,00             
45         36         64         0          22700              1135,00            202            2,02                     100        20         -------- 36,00             
46         100        0          0          39700              1985,00            373            3,73                     100        20         -------------------- 100,00
47         98         0          2          39700              1985,00            373            3,73                     100        20         -------------------- 98,00 
48         100        0          0          39700              1985,00            373            3,73                     100        20         -------------------- 100,00
49         98         0          2          39700              1985,00            373            3,73                     100        20         -------------------- 98,00 
51         100        0          0          39600              1980,00            371            3,71                     100        20         -------------------- 100,00
52         100        0          0          39600              1980,00            371            3,71                     100        20         -------------------- 100,00
53         100        0          0          39600              1980,00            371            3,71                     100        20         -------------------- 100,00
54         100        0          0          39600              1980,00            371            3,71                     100        20         -------------------- 100,00
55         99         0          1          39600              1980,00            371            3,71                     100        20         -------------------- 99,00 
56         99         0          1          39600              1980,00            371            3,71                     100        20         -------------------- 99,00 
57         99         0          1          39600              1980,00            371            3,71                     100        20         -------------------- 99,00 
58         100        0          0          39600              1980,00            371            3,71                     100        20         -------------------- 100,00
59         100        0          0          39600              1980,00            371            3,71                     100        20         -------------------- 100,00
60         100        0          0          39600              1980,00            371            3,71                     100        20         -------------------- 100,00
61         100        0          0          39600              1980,00            371            3,71                     100        20         -------------------- 100,00
62         100        0          0          39600              1980,00            371            3,71                     100        20         -------------------- 100,00
63         100        0          0          39600              1980,00            371            3,71                     100        20         -------------------- 100,00
64         100        0          0          39600              1980,00            371            3,71                     100        20         -------------------- 100,00
65         100        0          0          39600              1980,00            371            3,71                     100        20         -------------------- 100,00
66         100        0          0          39600              1980,00            371            3,71                     100        20         -------------------- 100,00
67         100        0          0          39600              1980,00            371            3,71                     100        20         -------------------- 100,00
68         100        0          0          39600              1980,00            371            3,71                     100        20         -------------------- 100,00
69         100        0          0          39600              1980,00            371            3,71                     100        20         -------------------- 100,00
70         100        0          0          39600              1980,00            371            3,71                     100        20         -------------------- 100,00
71         100        0          0          39600              1980,00            371            3,71                     100        20         -------------------- 100,00
72         100        0          0          39600              1980,00            371            3,71                     100        20         -------------------- 100,00
73         100        0          0          39600              1980,00            371            3,71                     100        20         -------------------- 100,00
74         17         0          83         19670              983,50             178            1,78                     100        20         ---- 17,00                 
75         10         0          90         16689              834,45             156            1,56                     100        20         -- 10,00                   
76         100        0          0          39600              1980,00            371            3,71                     100        20         -------------------- 100,00
77         100        0          0          39600              1980,00            371            3,71                     100        20         -------------------- 100,00
78         99         0          1          100                5,00               1              0,01                     100        20         -------------------- 99,00 
79         100        0          0          100                5,00               1              0,01                     100        20         -------------------- 100,00
80         99         0          1          100                5,00               1              0,01                     100        20         -------------------- 99,00 
81         100        0          0          100                5,00               1              0,01                     100        20         -------------------- 100,00
82         100        0          0          100                5,00               1              0,01                     100        20         -------------------- 100,00
83         100        0          0          100                5,00               1              0,01                     100        20         -------------------- 100,00
84         100        0          0          100                5,00               1              0,01                     100        20         -------------------- 100,00
85         100        0          0          100                5,00               1              0,01                     100        20         -------------------- 100,00
86         100        0          0          100                5,00               1              0,01                     100        20         -------------------- 100,00
87         100        0          0          100                5,00               1              0,01                     100        20         -------------------- 100,00
88         100        0          0          100                5,00               1              0,01                     100        20         -------------------- 100,00
89         99         0          1          100                5,00               1              0,01                     100        20         -------------------- 99,00 
90         100        0          0          100                5,00               1              0,01                     100        20         -------------------- 100,00
91         99         0          1          100                5,00               1              0,01                     100        20         -------------------- 99,00 
92         100        0          0          100                5,00               1              0,01                     100        20         -------------------- 100,00
93         100        0          0          100                5,00               1              0,01                     100        20         -------------------- 100,00
94         100        0          0          100                5,00               1              0,01                     100        20         -------------------- 100,00
95         100        0          0          100                5,00               1              0,01                     100        20         -------------------- 100,00
96         100        0          0          100                5,00               1              0,01                     100        20         -------------------- 100,00
97         100        0          0          100                5,00               1              0,01                     100        20         -------------------- 100,00
98         100        0          0          100                5,00               1              0,01                     100        20         -------------------- 100,00
99         100        0          0          100                5,00               1              0,01                     100        20         -------------------- 100,00
100        100        0          0          100                5,00               1              0,01                     100        20         -------------------- 100,00
101        99         0          1          100                5,00               1              0,01                     100        20         -------------------- 99,00 
102        100        0          0          100                5,00               1              0,01                     100        20         -------------------- 100,00
103        100        0          0          100                5,00               1              0,01                     100        20         -------------------- 100,00
104        100        0          0          100                5,00               1              0,01                     100        20         -------------------- 100,00
105        99         1          0          100                5,00               1              0,01                     100        20         -------------------- 99,00 
106        38         62         0          10000              500,00             94             0,94                     100        20         -------- 38,00             
107        100        0          0          10000              500,00             94             0,94                     100        20         -------------------- 100,00
108        38         62         0          10000              500,00             94             0,94                     100        20         -------- 38,00             
109        38         62         0          10000              500,00             94             0,94                     100        20         -------- 38,00             
110        38         62         0          10000              500,00             94             0,94                     100        20         -------- 38,00             
111        38         62         0          10000              500,00             94             0,94                     100        20         -------- 38,00             
112        100        0          0          10000              500,00             94             0,94                     100        20         -------------------- 100,00
113        100        0          0          10000              500,00             94             0,94                     100        20         -------------------- 100,00
114        38         62         0          10000              500,00             94             0,94                     100        20         -------- 38,00             
115        82         18         0          10000              500,00             94             0,94                     100        20         ----------------- 82,00    
116        38         62         0          10000              500,00             94             0,94                     100        20         -------- 38,00             
117        100        0          0          10000              500,00             94             0,94                     100        20         -------------------- 100,00
118        100        0          0          10000              500,00             94             0,94                     100        20         -------------------- 100,00
119        38         62         0          10000              500,00             94             0,94                     100        20         -------- 38,00             
120        100        0          0          10000              500,00             94             0,94                     100        20         -------------------- 100,00
121        38         62         0          10000              500,00             94             0,94                     100        20         -------- 38,00             
122        38         62         0          10000              500,00             94             0,94                     100        20         -------- 38,00             
123        38         62         0          10000              500,00             94             0,94                     100        20         -------- 38,00             
124        100        0          0          0                  0,00               0              0,00                     100        20         NaN                        
125        100        0          0          0                  0,00               0              0,00                     100        20         NaN                        
126        100        0          0          0                  0,00               0              0,00                     100        20         NaN                        
127        100        0          0          0                  0,00               0              0,00                     100        20         NaN                        
128        100        0          0          0                  0,00               0              0,00                     100        20         NaN                        
130        100        0          0          0                  0,00               0              0,00                     100        20         NaN                        
131        100        0          0          0                  0,00               0              0,00                     100        20         NaN                        
132        100        0          0          0                  0,00               0              0,00                     100        20         NaN                        
133        100        0          0          0                  0,00               0              0,00                     100        20         NaN                        
134        100        0          0          0                  0,00               0              0,00                     100        20         NaN                        
135        100        0          0          0                  0,00               0              0,00                     100        20         NaN                        
136        100        0          0          0                  0,00               0              0,00                     100        20         NaN                        
137        100        0          0          0                  0,00               0              0,00                     100        20         NaN                        
138        100        0          0          0                  0,00               0              0,00                     100        20         NaN                        
139        100        0          0          0                  0,00               0              0,00                     100        20         NaN                        
140        100        0          0          0                  0,00               0              0,00                     100        20         NaN                        
141        100        0          0          0                  0,00               0              0,00                     100        20         NaN                        
142        100        0          0          0                  0,00               0              0,00                     100        20         NaN                        
143        100        0          0          0                  0,00               0              0,00                     100        20         NaN                        
144        100        0          0          0                  0,00               0              0,00                     100        20         NaN                        
145        100        0          0          0                  0,00               0              0,00                     100        20         NaN                        
146        100        0          0          0                  0,00               0              0,00                     100        20         NaN                        
147        100        0          0          0                  0,00               0              0,00                     100        20         NaN                        
