aggregate data per location for random rate = 0.01 and with Magnitude = 25
Exploration Plus Magnitude
magnitude value : 1 5 10 25 50 100 
143 perturbation point
PM : Numerical Perturbator
20 list of 100 number
Random numbers generated with 23 as seed
IndexLoc   #Success   #Failure   #Exception #CallAllExecs      AvgCallPerExec     #Perturbations AvgPerturbationPerExec   #Execs     #Tasks     %Success                   
0          100        0          0          100                1,00               1              0,01                     100        20         -------------------- 100,00
1          100        0          0          100                1,00               1              0,01                     100        20         -------------------- 100,00
2          100        0          0          100                1,00               1              0,01                     100        20         -------------------- 100,00
3          100        0          0          0                  0,00               0              0,00                     100        20         NaN                        
4          99         1          0          10000              100,00             106            1,06                     100        20         -------------------- 99,00 
5          99         1          0          10000              100,00             106            1,06                     100        20         -------------------- 99,00 
6          100        0          0          10000              100,00             106            1,06                     100        20         -------------------- 100,00
7          100        0          0          10000              100,00             93             0,93                     100        20         -------------------- 100,00
9          100        0          0          100                1,00               1              0,01                     100        20         -------------------- 100,00
10         100        0          0          100                1,00               1              0,01                     100        20         -------------------- 100,00
11         100        0          0          100                1,00               1              0,01                     100        20         -------------------- 100,00
12         100        0          0          100                1,00               1              0,01                     100        20         -------------------- 100,00
14         100        0          0          0                  0,00               0              0,00                     100        20         NaN                        
15         99         1          0          100                1,00               1              0,01                     100        20         -------------------- 99,00 
16         80         0          20         22527              225,27             223            2,23                     100        20         ---------------- 80,00     
17         100        0          0          22800              228,00             233            2,33                     100        20         -------------------- 100,00
18         80         0          20         22527              225,27             223            2,23                     100        20         ---------------- 80,00     
19         100        0          0          22800              228,00             233            2,33                     100        20         -------------------- 100,00
21         62         38         0          22700              227,00             232            2,32                     100        20         ------------- 62,00        
22         100        0          0          22700              227,00             232            2,32                     100        20         -------------------- 100,00
23         53         47         0          22700              227,00             232            2,32                     100        20         ----------- 53,00          
24         39         61         0          22700              227,00             232            2,32                     100        20         -------- 39,00             
25         35         65         0          22700              227,00             232            2,32                     100        20         ------- 35,00              
26         35         65         0          22700              227,00             232            2,32                     100        20         ------- 35,00              
27         35         65         0          22700              227,00             232            2,32                     100        20         ------- 35,00              
28         35         65         0          22700              227,00             232            2,32                     100        20         ------- 35,00              
29         35         65         0          22700              227,00             232            2,32                     100        20         ------- 35,00              
30         35         65         0          22700              227,00             232            2,32                     100        20         ------- 35,00              
31         35         65         0          22700              227,00             232            2,32                     100        20         ------- 35,00              
32         35         65         0          22700              227,00             232            2,32                     100        20         ------- 35,00              
33         23         53         24         22370              223,70             235            2,35                     100        20         ----- 23,00                
34         23         53         24         22370              223,70             235            2,35                     100        20         ----- 23,00                
35         23         53         24         22370              223,70             235            2,35                     100        20         ----- 23,00                
36         35         65         0          22700              227,00             232            2,32                     100        20         ------- 35,00              
37         35         65         0          22700              227,00             232            2,32                     100        20         ------- 35,00              
38         35         65         0          22700              227,00             232            2,32                     100        20         ------- 35,00              
39         35         65         0          22700              227,00             232            2,32                     100        20         ------- 35,00              
40         35         65         0          22700              227,00             232            2,32                     100        20         ------- 35,00              
41         35         65         0          22700              227,00             232            2,32                     100        20         ------- 35,00              
42         11         1          88         9804               98,04              100            1,00                     100        20         --- 11,00                  
43         7          0          93         9006               90,06              93             0,93                     100        20         -- 7,00                    
44         35         65         0          22700              227,00             232            2,32                     100        20         ------- 35,00              
45         35         65         0          22700              227,00             232            2,32                     100        20         ------- 35,00              
46         100        0          0          39446              394,46             403            4,03                     100        20         -------------------- 100,00
47         100        0          0          39700              397,00             400            4,00                     100        20         -------------------- 100,00
48         100        0          0          39446              394,46             403            4,03                     100        20         -------------------- 100,00
49         100        0          0          39700              397,00             400            4,00                     100        20         -------------------- 100,00
51         69         0          31         39201              392,01             396            3,96                     100        20         -------------- 69,00       
52         100        0          0          39600              396,00             388            3,88                     100        20         -------------------- 100,00
53         100        0          0          39600              396,00             388            3,88                     100        20         -------------------- 100,00
54         100        0          0          39600              396,00             388            3,88                     100        20         -------------------- 100,00
55         69         0          31         39191              391,91             397            3,97                     100        20         -------------- 69,00       
56         69         0          31         39191              391,91             397            3,97                     100        20         -------------- 69,00       
57         69         0          31         39191              391,91             397            3,97                     100        20         -------------- 69,00       
58         100        0          0          39600              396,00             388            3,88                     100        20         -------------------- 100,00
59         100        0          0          39600              396,00             388            3,88                     100        20         -------------------- 100,00
60         100        0          0          39600              396,00             388            3,88                     100        20         -------------------- 100,00
61         100        0          0          39600              396,00             388            3,88                     100        20         -------------------- 100,00
62         69         0          31         39201              392,01             396            3,96                     100        20         -------------- 69,00       
63         100        0          0          39600              396,00             388            3,88                     100        20         -------------------- 100,00
64         100        0          0          39600              396,00             388            3,88                     100        20         -------------------- 100,00
65         75         0          25         30025              300,25             292            2,92                     100        20         --------------- 75,00      
66         100        0          0          39600              396,00             388            3,88                     100        20         -------------------- 100,00
67         100        0          0          39600              396,00             388            3,88                     100        20         -------------------- 100,00
68         100        0          0          39600              396,00             388            3,88                     100        20         -------------------- 100,00
69         100        0          0          39600              396,00             388            3,88                     100        20         -------------------- 100,00
70         100        0          0          39600              396,00             388            3,88                     100        20         -------------------- 100,00
71         100        0          0          39600              396,00             388            3,88                     100        20         -------------------- 100,00
72         100        0          0          39600              396,00             388            3,88                     100        20         -------------------- 100,00
73         100        0          0          39600              396,00             388            3,88                     100        20         -------------------- 100,00
74         4          0          96         10337              103,37             106            1,06                     100        20         - 4,00                     
75         3          0          97         8865               88,65              97             0,97                     100        20         - 3,00                     
76         100        0          0          39600              396,00             388            3,88                     100        20         -------------------- 100,00
77         100        0          0          39600              396,00             388            3,88                     100        20         -------------------- 100,00
78         99         0          1          100                1,00               1              0,01                     100        20         -------------------- 99,00 
79         100        0          0          100                1,00               1              0,01                     100        20         -------------------- 100,00
80         99         0          1          100                1,00               1              0,01                     100        20         -------------------- 99,00 
81         100        0          0          100                1,00               1              0,01                     100        20         -------------------- 100,00
82         100        0          0          100                1,00               1              0,01                     100        20         -------------------- 100,00
83         100        0          0          100                1,00               1              0,01                     100        20         -------------------- 100,00
84         100        0          0          100                1,00               1              0,01                     100        20         -------------------- 100,00
85         100        0          0          100                1,00               1              0,01                     100        20         -------------------- 100,00
86         100        0          0          100                1,00               1              0,01                     100        20         -------------------- 100,00
87         100        0          0          100                1,00               1              0,01                     100        20         -------------------- 100,00
88         100        0          0          100                1,00               1              0,01                     100        20         -------------------- 100,00
89         99         0          1          100                1,00               1              0,01                     100        20         -------------------- 99,00 
90         100        0          0          100                1,00               1              0,01                     100        20         -------------------- 100,00
91         99         0          1          100                1,00               1              0,01                     100        20         -------------------- 99,00 
92         100        0          0          100                1,00               1              0,01                     100        20         -------------------- 100,00
93         100        0          0          100                1,00               1              0,01                     100        20         -------------------- 100,00
94         100        0          0          100                1,00               1              0,01                     100        20         -------------------- 100,00
95         100        0          0          100                1,00               1              0,01                     100        20         -------------------- 100,00
96         100        0          0          100                1,00               1              0,01                     100        20         -------------------- 100,00
97         100        0          0          100                1,00               1              0,01                     100        20         -------------------- 100,00
98         100        0          0          100                1,00               1              0,01                     100        20         -------------------- 100,00
99         100        0          0          100                1,00               1              0,01                     100        20         -------------------- 100,00
100        100        0          0          100                1,00               1              0,01                     100        20         -------------------- 100,00
101        99         0          1          100                1,00               1              0,01                     100        20         -------------------- 99,00 
102        99         0          1          100                1,00               1              0,01                     100        20         -------------------- 99,00 
103        100        0          0          100                1,00               1              0,01                     100        20         -------------------- 100,00
104        100        0          0          100                1,00               1              0,01                     100        20         -------------------- 100,00
105        99         1          0          100                1,00               1              0,01                     100        20         -------------------- 99,00 
106        33         67         0          10000              100,00             106            1,06                     100        20         ------- 33,00              
107        99         1          0          10000              100,00             106            1,06                     100        20         -------------------- 99,00 
108        33         67         0          10000              100,00             106            1,06                     100        20         ------- 33,00              
109        33         67         0          10000              100,00             106            1,06                     100        20         ------- 33,00              
110        33         67         0          10000              100,00             106            1,06                     100        20         ------- 33,00              
111        33         67         0          10000              100,00             106            1,06                     100        20         ------- 33,00              
112        100        0          0          10000              100,00             106            1,06                     100        20         -------------------- 100,00
113        100        0          0          10000              100,00             106            1,06                     100        20         -------------------- 100,00
114        33         67         0          10000              100,00             106            1,06                     100        20         ------- 33,00              
115        33         67         0          10000              100,00             106            1,06                     100        20         ------- 33,00              
116        33         67         0          10000              100,00             106            1,06                     100        20         ------- 33,00              
117        100        0          0          10000              100,00             106            1,06                     100        20         -------------------- 100,00
118        100        0          0          10000              100,00             106            1,06                     100        20         -------------------- 100,00
119        33         67         0          10000              100,00             106            1,06                     100        20         ------- 33,00              
120        100        0          0          10000              100,00             106            1,06                     100        20         -------------------- 100,00
121        33         67         0          10000              100,00             106            1,06                     100        20         ------- 33,00              
122        33         67         0          10000              100,00             106            1,06                     100        20         ------- 33,00              
123        33         67         0          10000              100,00             106            1,06                     100        20         ------- 33,00              
124        100        0          0          0                  0,00               0              0,00                     100        20         NaN                        
125        100        0          0          0                  0,00               0              0,00                     100        20         NaN                        
126        100        0          0          0                  0,00               0              0,00                     100        20         NaN                        
127        100        0          0          0                  0,00               0              0,00                     100        20         NaN                        
128        100        0          0          0                  0,00               0              0,00                     100        20         NaN                        
130        100        0          0          0                  0,00               0              0,00                     100        20         NaN                        
131        100        0          0          0                  0,00               0              0,00                     100        20         NaN                        
132        100        0          0          0                  0,00               0              0,00                     100        20         NaN                        
133        100        0          0          0                  0,00               0              0,00                     100        20         NaN                        
134        100        0          0          0                  0,00               0              0,00                     100        20         NaN                        
135        100        0          0          0                  0,00               0              0,00                     100        20         NaN                        
136        100        0          0          0                  0,00               0              0,00                     100        20         NaN                        
137        100        0          0          0                  0,00               0              0,00                     100        20         NaN                        
138        100        0          0          0                  0,00               0              0,00                     100        20         NaN                        
139        100        0          0          0                  0,00               0              0,00                     100        20         NaN                        
140        100        0          0          0                  0,00               0              0,00                     100        20         NaN                        
141        100        0          0          0                  0,00               0              0,00                     100        20         NaN                        
142        100        0          0          0                  0,00               0              0,00                     100        20         NaN                        
143        100        0          0          0                  0,00               0              0,00                     100        20         NaN                        
144        100        0          0          0                  0,00               0              0,00                     100        20         NaN                        
145        100        0          0          0                  0,00               0              0,00                     100        20         NaN                        
146        100        0          0          0                  0,00               0              0,00                     100        20         NaN                        
147        100        0          0          0                  0,00               0              0,00                     100        20         NaN                        
