aggregate data per location for random rate = 0.1 and with Magnitude = 10
Exploration Plus Magnitude
magnitude value : 1 5 10 25 50 100 
143 perturbation point
PM : Numerical Perturbator
20 list of 100 number
Random numbers generated with 23 as seed
IndexLoc   #Success   #Failure   #Exception #CallAllExecs      AvgCallPerExec     #Perturbations AvgPerturbationPerExec   #Execs     #Tasks     %Success                   
0          100        0          0          100                1,00               12             0,12                     100        20         -------------------- 100,00
1          100        0          0          100                1,00               12             0,12                     100        20         -------------------- 100,00
2          100        0          0          100                1,00               12             0,12                     100        20         -------------------- 100,00
3          100        0          0          0                  0,00               0              0,00                     100        20         NaN                        
4          90         10         0          10000              100,00             940            9,40                     100        20         ------------------ 90,00   
5          90         10         0          10000              100,00             940            9,40                     100        20         ------------------ 90,00   
6          100        0          0          10000              100,00             940            9,40                     100        20         -------------------- 100,00
7          93         0          7          9307               93,07              890            8,90                     100        20         ------------------- 93,00  
9          100        0          0          100                1,00               12             0,12                     100        20         -------------------- 100,00
10         100        0          0          100                1,00               12             0,12                     100        20         -------------------- 100,00
11         100        0          0          100                1,00               12             0,12                     100        20         -------------------- 100,00
12         100        0          0          100                1,00               12             0,12                     100        20         -------------------- 100,00
14         100        0          0          0                  0,00               0              0,00                     100        20         NaN                        
15         88         12         0          100                1,00               12             0,12                     100        20         ------------------ 88,00   
16         46         0          54         22438              224,38             2188           21,88                    100        20         ---------- 46,00           
17         93         0          7          22800              228,00             2291           22,91                    100        20         ------------------- 93,00  
18         46         0          54         22438              224,38             2188           21,88                    100        20         ---------- 46,00           
19         93         0          7          22800              228,00             2291           22,91                    100        20         ------------------- 93,00  
21         1          99         0          22700              227,00             2239           22,39                    100        20         - 1,00                     
22         100        0          0          22700              227,00             2239           22,39                    100        20         -------------------- 100,00
23         3          97         0          22700              227,00             2239           22,39                    100        20         - 3,00                     
24         0          100        0          22700              227,00             2239           22,39                    100        20          0,00                      
25         0          100        0          22700              227,00             2239           22,39                    100        20          0,00                      
26         0          100        0          22700              227,00             2239           22,39                    100        20          0,00                      
27         0          100        0          22700              227,00             2239           22,39                    100        20          0,00                      
28         0          100        0          22700              227,00             2239           22,39                    100        20          0,00                      
29         0          100        0          22700              227,00             2239           22,39                    100        20          0,00                      
30         0          100        0          22700              227,00             2239           22,39                    100        20          0,00                      
31         0          100        0          22700              227,00             2239           22,39                    100        20          0,00                      
32         0          100        0          22700              227,00             2239           22,39                    100        20          0,00                      
33         0          38         62         22366              223,66             2176           21,76                    100        20          0,00                      
34         0          38         62         22366              223,66             2176           21,76                    100        20          0,00                      
35         0          38         62         22366              223,66             2176           21,76                    100        20          0,00                      
36         0          100        0          22700              227,00             2239           22,39                    100        20          0,00                      
37         0          100        0          22700              227,00             2239           22,39                    100        20          0,00                      
38         0          100        0          22700              227,00             2239           22,39                    100        20          0,00                      
39         0          100        0          22700              227,00             2239           22,39                    100        20          0,00                      
40         0          100        0          22700              227,00             2239           22,39                    100        20          0,00                      
41         100        0          0          22700              227,00             2239           22,39                    100        20         -------------------- 100,00
42         0          0          100        1256               12,56              127            1,27                     100        20          0,00                      
43         0          0          100        958                9,58               100            1,00                     100        20          0,00                      
44         0          100        0          22700              227,00             2239           22,39                    100        20          0,00                      
45         0          100        0          22700              227,00             2239           22,39                    100        20          0,00                      
46         100        0          0          39259              392,59             3888           38,88                    100        20         -------------------- 100,00
47         90         0          10         39700              397,00             3817           38,17                    100        20         ------------------ 90,00   
48         100        0          0          39259              392,59             3888           38,88                    100        20         -------------------- 100,00
49         90         0          10         39700              397,00             3817           38,17                    100        20         ------------------ 90,00   
51         27         0          73         39265              392,65             3894           38,94                    100        20         ------ 27,00               
52         100        0          0          39600              396,00             3837           38,37                    100        20         -------------------- 100,00
53         100        0          0          39600              396,00             3837           38,37                    100        20         -------------------- 100,00
54         100        0          0          39600              396,00             3837           38,37                    100        20         -------------------- 100,00
55         38         0          62         39288              392,88             3888           38,88                    100        20         -------- 38,00             
56         38         0          62         39288              392,88             3888           38,88                    100        20         -------- 38,00             
57         38         0          62         39288              392,88             3888           38,88                    100        20         -------- 38,00             
58         100        0          0          39600              396,00             3837           38,37                    100        20         -------------------- 100,00
59         100        0          0          39600              396,00             3837           38,37                    100        20         -------------------- 100,00
60         100        0          0          39600              396,00             3837           38,37                    100        20         -------------------- 100,00
61         100        0          0          39600              396,00             3837           38,37                    100        20         -------------------- 100,00
62         27         0          73         39265              392,65             3894           38,94                    100        20         ------ 27,00               
63         100        0          0          39600              396,00             3837           38,37                    100        20         -------------------- 100,00
64         100        0          0          39600              396,00             3837           38,37                    100        20         -------------------- 100,00
65         40         0          60         16137              161,37             1549           15,49                    100        20         -------- 40,00             
66         100        0          0          39600              396,00             3837           38,37                    100        20         -------------------- 100,00
67         100        0          0          39600              396,00             3837           38,37                    100        20         -------------------- 100,00
68         100        0          0          39600              396,00             3837           38,37                    100        20         -------------------- 100,00
69         100        0          0          39600              396,00             3837           38,37                    100        20         -------------------- 100,00
70         100        0          0          39600              396,00             3837           38,37                    100        20         -------------------- 100,00
71         100        0          0          39600              396,00             3837           38,37                    100        20         -------------------- 100,00
72         100        0          0          39600              396,00             3837           38,37                    100        20         -------------------- 100,00
73         100        0          0          39600              396,00             3837           38,37                    100        20         -------------------- 100,00
74         0          0          100        1330               13,30              138            1,38                     100        20          0,00                      
75         0          0          100        1067               10,67              100            1,00                     100        20          0,00                      
76         100        0          0          39600              396,00             3837           38,37                    100        20         -------------------- 100,00
77         100        0          0          39600              396,00             3837           38,37                    100        20         -------------------- 100,00
78         88         0          12         100                1,00               12             0,12                     100        20         ------------------ 88,00   
79         100        0          0          100                1,00               12             0,12                     100        20         -------------------- 100,00
80         88         0          12         100                1,00               12             0,12                     100        20         ------------------ 88,00   
81         100        0          0          100                1,00               12             0,12                     100        20         -------------------- 100,00
82         100        0          0          100                1,00               12             0,12                     100        20         -------------------- 100,00
83         100        0          0          100                1,00               12             0,12                     100        20         -------------------- 100,00
84         100        0          0          100                1,00               12             0,12                     100        20         -------------------- 100,00
85         100        0          0          100                1,00               12             0,12                     100        20         -------------------- 100,00
86         100        0          0          100                1,00               12             0,12                     100        20         -------------------- 100,00
87         100        0          0          100                1,00               12             0,12                     100        20         -------------------- 100,00
88         100        0          0          100                1,00               12             0,12                     100        20         -------------------- 100,00
89         88         0          12         100                1,00               12             0,12                     100        20         ------------------ 88,00   
90         100        0          0          100                1,00               12             0,12                     100        20         -------------------- 100,00
91         88         0          12         100                1,00               12             0,12                     100        20         ------------------ 88,00   
92         100        0          0          100                1,00               12             0,12                     100        20         -------------------- 100,00
93         100        0          0          100                1,00               12             0,12                     100        20         -------------------- 100,00
94         100        0          0          100                1,00               12             0,12                     100        20         -------------------- 100,00
95         100        0          0          100                1,00               12             0,12                     100        20         -------------------- 100,00
96         100        0          0          100                1,00               12             0,12                     100        20         -------------------- 100,00
97         100        0          0          100                1,00               12             0,12                     100        20         -------------------- 100,00
98         100        0          0          100                1,00               12             0,12                     100        20         -------------------- 100,00
99         100        0          0          100                1,00               12             0,12                     100        20         -------------------- 100,00
100        100        0          0          100                1,00               12             0,12                     100        20         -------------------- 100,00
101        89         0          11         100                1,00               12             0,12                     100        20         ------------------ 89,00   
102        88         0          12         100                1,00               12             0,12                     100        20         ------------------ 88,00   
103        100        0          0          100                1,00               12             0,12                     100        20         -------------------- 100,00
104        100        0          0          100                1,00               12             0,12                     100        20         -------------------- 100,00
105        88         12         0          100                1,00               12             0,12                     100        20         ------------------ 88,00   
106        0          100        0          10000              100,00             940            9,40                     100        20          0,00                      
107        95         5          0          10000              100,00             940            9,40                     100        20         ------------------- 95,00  
108        0          100        0          10000              100,00             940            9,40                     100        20          0,00                      
109        0          100        0          10000              100,00             940            9,40                     100        20          0,00                      
110        0          100        0          10000              100,00             940            9,40                     100        20          0,00                      
111        0          100        0          10000              100,00             940            9,40                     100        20          0,00                      
112        100        0          0          10000              100,00             940            9,40                     100        20         -------------------- 100,00
113        100        0          0          10000              100,00             940            9,40                     100        20         -------------------- 100,00
114        0          100        0          10000              100,00             940            9,40                     100        20          0,00                      
115        0          100        0          10000              100,00             940            9,40                     100        20          0,00                      
116        0          100        0          10000              100,00             940            9,40                     100        20          0,00                      
117        100        0          0          10000              100,00             940            9,40                     100        20         -------------------- 100,00
118        100        0          0          10000              100,00             940            9,40                     100        20         -------------------- 100,00
119        0          100        0          10000              100,00             940            9,40                     100        20          0,00                      
120        100        0          0          10000              100,00             940            9,40                     100        20         -------------------- 100,00
121        0          100        0          10000              100,00             940            9,40                     100        20          0,00                      
122        0          100        0          10000              100,00             940            9,40                     100        20          0,00                      
123        0          100        0          10000              100,00             940            9,40                     100        20          0,00                      
124        100        0          0          0                  0,00               0              0,00                     100        20         NaN                        
125        100        0          0          0                  0,00               0              0,00                     100        20         NaN                        
126        100        0          0          0                  0,00               0              0,00                     100        20         NaN                        
127        100        0          0          0                  0,00               0              0,00                     100        20         NaN                        
128        100        0          0          0                  0,00               0              0,00                     100        20         NaN                        
130        100        0          0          0                  0,00               0              0,00                     100        20         NaN                        
131        100        0          0          0                  0,00               0              0,00                     100        20         NaN                        
132        100        0          0          0                  0,00               0              0,00                     100        20         NaN                        
133        100        0          0          0                  0,00               0              0,00                     100        20         NaN                        
134        100        0          0          0                  0,00               0              0,00                     100        20         NaN                        
135        100        0          0          0                  0,00               0              0,00                     100        20         NaN                        
136        100        0          0          0                  0,00               0              0,00                     100        20         NaN                        
137        100        0          0          0                  0,00               0              0,00                     100        20         NaN                        
138        100        0          0          0                  0,00               0              0,00                     100        20         NaN                        
139        100        0          0          0                  0,00               0              0,00                     100        20         NaN                        
140        100        0          0          0                  0,00               0              0,00                     100        20         NaN                        
141        100        0          0          0                  0,00               0              0,00                     100        20         NaN                        
142        100        0          0          0                  0,00               0              0,00                     100        20         NaN                        
143        100        0          0          0                  0,00               0              0,00                     100        20         NaN                        
144        100        0          0          0                  0,00               0              0,00                     100        20         NaN                        
145        100        0          0          0                  0,00               0              0,00                     100        20         NaN                        
146        100        0          0          0                  0,00               0              0,00                     100        20         NaN                        
147        100        0          0          0                  0,00               0              0,00                     100        20         NaN                        
