aggregate data per location for random rate = 0.05 and with Magnitude = 25
Exploration Plus Magnitude
magnitude value : 1 5 10 25 50 100 
143 perturbation point
PM : Numerical Perturbator
20 list of 100 number
Random numbers generated with 23 as seed
IndexLoc   #Success   #Failure   #Exception #CallAllExecs      AvgCallPerExec     #Perturbations AvgPerturbationPerExec   #Execs     #Tasks     %Success                   
0          100        0          0          100                1,00               3              0,03                     100        20         -------------------- 100,00
1          100        0          0          100                1,00               3              0,03                     100        20         -------------------- 100,00
2          100        0          0          100                1,00               3              0,03                     100        20         -------------------- 100,00
3          100        0          0          0                  0,00               0              0,00                     100        20         NaN                        
4          96         4          0          10000              100,00             483            4,83                     100        20         -------------------- 96,00 
5          96         4          0          10000              100,00             483            4,83                     100        20         -------------------- 96,00 
6          100        0          0          10000              100,00             483            4,83                     100        20         -------------------- 100,00
7          97         0          3          9703               97,03              465            4,65                     100        20         -------------------- 97,00 
9          100        0          0          100                1,00               3              0,03                     100        20         -------------------- 100,00
10         100        0          0          100                1,00               3              0,03                     100        20         -------------------- 100,00
11         100        0          0          100                1,00               3              0,03                     100        20         -------------------- 100,00
12         100        0          0          100                1,00               3              0,03                     100        20         -------------------- 100,00
14         100        0          0          0                  0,00               0              0,00                     100        20         NaN                        
15         97         3          0          100                1,00               3              0,03                     100        20         -------------------- 97,00 
16         30         0          70         21671              216,71             1048           10,48                    100        20         ------ 30,00               
17         99         0          1          22800              228,00             1173           11,73                    100        20         -------------------- 99,00 
18         30         0          70         21671              216,71             1048           10,48                    100        20         ------ 30,00               
19         99         0          1          22800              228,00             1173           11,73                    100        20         -------------------- 99,00 
21         6          94         0          22700              227,00             1173           11,73                    100        20         -- 6,00                    
22         100        0          0          22700              227,00             1173           11,73                    100        20         -------------------- 100,00
23         3          97         0          22700              227,00             1173           11,73                    100        20         - 3,00                     
24         0          100        0          22700              227,00             1173           11,73                    100        20          0,00                      
25         0          100        0          22700              227,00             1173           11,73                    100        20          0,00                      
26         0          100        0          22700              227,00             1173           11,73                    100        20          0,00                      
27         0          100        0          22700              227,00             1173           11,73                    100        20          0,00                      
28         0          100        0          22700              227,00             1173           11,73                    100        20          0,00                      
29         0          100        0          22700              227,00             1173           11,73                    100        20          0,00                      
30         0          100        0          22700              227,00             1173           11,73                    100        20          0,00                      
31         0          100        0          22700              227,00             1173           11,73                    100        20          0,00                      
32         0          100        0          22700              227,00             1173           11,73                    100        20          0,00                      
33         0          31         69         21703              217,03             1051           10,51                    100        20          0,00                      
34         0          31         69         21703              217,03             1051           10,51                    100        20          0,00                      
35         0          31         69         21703              217,03             1051           10,51                    100        20          0,00                      
36         0          100        0          22700              227,00             1173           11,73                    100        20          0,00                      
37         0          100        0          22700              227,00             1173           11,73                    100        20          0,00                      
38         0          100        0          22700              227,00             1173           11,73                    100        20          0,00                      
39         0          100        0          22700              227,00             1173           11,73                    100        20          0,00                      
40         0          100        0          22700              227,00             1173           11,73                    100        20          0,00                      
41         0          100        0          22700              227,00             1173           11,73                    100        20          0,00                      
42         0          0          100        2587               25,87              117            1,17                     100        20          0,00                      
43         0          0          100        2050               20,50              100            1,00                     100        20          0,00                      
44         0          100        0          22700              227,00             1173           11,73                    100        20          0,00                      
45         0          100        0          22700              227,00             1173           11,73                    100        20          0,00                      
46         100        0          0          38626              386,26             1843           18,43                    100        20         -------------------- 100,00
47         96         0          4          39700              397,00             1951           19,51                    100        20         -------------------- 96,00 
48         100        0          0          38626              386,26             1843           18,43                    100        20         -------------------- 100,00
49         96         0          4          39700              397,00             1951           19,51                    100        20         -------------------- 96,00 
51         30         0          70         38642              386,42             1843           18,43                    100        20         ------ 30,00               
52         100        0          0          39600              396,00             1932           19,32                    100        20         -------------------- 100,00
53         100        0          0          39600              396,00             1932           19,32                    100        20         -------------------- 100,00
54         100        0          0          39600              396,00             1932           19,32                    100        20         -------------------- 100,00
55         27         0          73         38631              386,31             1855           18,55                    100        20         ------ 27,00               
56         27         0          73         38631              386,31             1855           18,55                    100        20         ------ 27,00               
57         27         0          73         38631              386,31             1855           18,55                    100        20         ------ 27,00               
58         100        0          0          39600              396,00             1932           19,32                    100        20         -------------------- 100,00
59         100        0          0          39600              396,00             1932           19,32                    100        20         -------------------- 100,00
60         100        0          0          39600              396,00             1932           19,32                    100        20         -------------------- 100,00
61         100        0          0          39600              396,00             1932           19,32                    100        20         -------------------- 100,00
62         30         0          70         38642              386,42             1843           18,43                    100        20         ------ 30,00               
63         100        0          0          39600              396,00             1932           19,32                    100        20         -------------------- 100,00
64         100        0          0          39600              396,00             1932           19,32                    100        20         -------------------- 100,00
65         27         0          73         11436              114,36             561            5,61                     100        20         ------ 27,00               
66         100        0          0          39600              396,00             1932           19,32                    100        20         -------------------- 100,00
67         100        0          0          39600              396,00             1932           19,32                    100        20         -------------------- 100,00
68         100        0          0          39600              396,00             1932           19,32                    100        20         -------------------- 100,00
69         100        0          0          39600              396,00             1932           19,32                    100        20         -------------------- 100,00
70         100        0          0          39600              396,00             1932           19,32                    100        20         -------------------- 100,00
71         100        0          0          39600              396,00             1932           19,32                    100        20         -------------------- 100,00
72         100        0          0          39600              396,00             1932           19,32                    100        20         -------------------- 100,00
73         100        0          0          39600              396,00             1932           19,32                    100        20         -------------------- 100,00
74         0          0          100        2612               26,12              115            1,15                     100        20          0,00                      
75         0          0          100        2119               21,19              100            1,00                     100        20          0,00                      
76         100        0          0          39600              396,00             1932           19,32                    100        20         -------------------- 100,00
77         100        0          0          39600              396,00             1932           19,32                    100        20         -------------------- 100,00
78         97         0          3          100                1,00               3              0,03                     100        20         -------------------- 97,00 
79         100        0          0          100                1,00               3              0,03                     100        20         -------------------- 100,00
80         97         0          3          100                1,00               3              0,03                     100        20         -------------------- 97,00 
81         100        0          0          100                1,00               3              0,03                     100        20         -------------------- 100,00
82         100        0          0          100                1,00               3              0,03                     100        20         -------------------- 100,00
83         100        0          0          100                1,00               3              0,03                     100        20         -------------------- 100,00
84         100        0          0          100                1,00               3              0,03                     100        20         -------------------- 100,00
85         100        0          0          100                1,00               3              0,03                     100        20         -------------------- 100,00
86         100        0          0          100                1,00               3              0,03                     100        20         -------------------- 100,00
87         100        0          0          100                1,00               3              0,03                     100        20         -------------------- 100,00
88         100        0          0          100                1,00               3              0,03                     100        20         -------------------- 100,00
89         97         0          3          100                1,00               3              0,03                     100        20         -------------------- 97,00 
90         100        0          0          100                1,00               3              0,03                     100        20         -------------------- 100,00
91         97         0          3          100                1,00               3              0,03                     100        20         -------------------- 97,00 
92         100        0          0          100                1,00               3              0,03                     100        20         -------------------- 100,00
93         100        0          0          100                1,00               3              0,03                     100        20         -------------------- 100,00
94         100        0          0          100                1,00               3              0,03                     100        20         -------------------- 100,00
95         100        0          0          100                1,00               3              0,03                     100        20         -------------------- 100,00
96         100        0          0          100                1,00               3              0,03                     100        20         -------------------- 100,00
97         100        0          0          100                1,00               3              0,03                     100        20         -------------------- 100,00
98         100        0          0          100                1,00               3              0,03                     100        20         -------------------- 100,00
99         100        0          0          100                1,00               3              0,03                     100        20         -------------------- 100,00
100        100        0          0          100                1,00               3              0,03                     100        20         -------------------- 100,00
101        97         0          3          100                1,00               3              0,03                     100        20         -------------------- 97,00 
102        97         0          3          100                1,00               3              0,03                     100        20         -------------------- 97,00 
103        100        0          0          100                1,00               3              0,03                     100        20         -------------------- 100,00
104        100        0          0          100                1,00               3              0,03                     100        20         -------------------- 100,00
105        97         3          0          100                1,00               3              0,03                     100        20         -------------------- 97,00 
106        0          100        0          10000              100,00             483            4,83                     100        20          0,00                      
107        95         5          0          10000              100,00             483            4,83                     100        20         ------------------- 95,00  
108        0          100        0          10000              100,00             483            4,83                     100        20          0,00                      
109        0          100        0          10000              100,00             483            4,83                     100        20          0,00                      
110        0          100        0          10000              100,00             483            4,83                     100        20          0,00                      
111        0          100        0          10000              100,00             483            4,83                     100        20          0,00                      
112        100        0          0          10000              100,00             483            4,83                     100        20         -------------------- 100,00
113        100        0          0          10000              100,00             483            4,83                     100        20         -------------------- 100,00
114        0          100        0          10000              100,00             483            4,83                     100        20          0,00                      
115        0          100        0          10000              100,00             483            4,83                     100        20          0,00                      
116        0          100        0          10000              100,00             483            4,83                     100        20          0,00                      
117        100        0          0          10000              100,00             483            4,83                     100        20         -------------------- 100,00
118        100        0          0          10000              100,00             483            4,83                     100        20         -------------------- 100,00
119        0          100        0          10000              100,00             483            4,83                     100        20          0,00                      
120        100        0          0          10000              100,00             483            4,83                     100        20         -------------------- 100,00
121        0          100        0          10000              100,00             483            4,83                     100        20          0,00                      
122        0          100        0          10000              100,00             483            4,83                     100        20          0,00                      
123        0          100        0          10000              100,00             483            4,83                     100        20          0,00                      
124        100        0          0          0                  0,00               0              0,00                     100        20         NaN                        
125        100        0          0          0                  0,00               0              0,00                     100        20         NaN                        
126        100        0          0          0                  0,00               0              0,00                     100        20         NaN                        
127        100        0          0          0                  0,00               0              0,00                     100        20         NaN                        
128        100        0          0          0                  0,00               0              0,00                     100        20         NaN                        
130        100        0          0          0                  0,00               0              0,00                     100        20         NaN                        
131        100        0          0          0                  0,00               0              0,00                     100        20         NaN                        
132        100        0          0          0                  0,00               0              0,00                     100        20         NaN                        
133        100        0          0          0                  0,00               0              0,00                     100        20         NaN                        
134        100        0          0          0                  0,00               0              0,00                     100        20         NaN                        
135        100        0          0          0                  0,00               0              0,00                     100        20         NaN                        
136        100        0          0          0                  0,00               0              0,00                     100        20         NaN                        
137        100        0          0          0                  0,00               0              0,00                     100        20         NaN                        
138        100        0          0          0                  0,00               0              0,00                     100        20         NaN                        
139        100        0          0          0                  0,00               0              0,00                     100        20         NaN                        
140        100        0          0          0                  0,00               0              0,00                     100        20         NaN                        
141        100        0          0          0                  0,00               0              0,00                     100        20         NaN                        
142        100        0          0          0                  0,00               0              0,00                     100        20         NaN                        
143        100        0          0          0                  0,00               0              0,00                     100        20         NaN                        
144        100        0          0          0                  0,00               0              0,00                     100        20         NaN                        
145        100        0          0          0                  0,00               0              0,00                     100        20         NaN                        
146        100        0          0          0                  0,00               0              0,00                     100        20         NaN                        
147        100        0          0          0                  0,00               0              0,00                     100        20         NaN                        
