aggregate data per location for random rate = 0.05 and with Magnitude = 10
Exploration Plus Magnitude
magnitude value : 1 5 10 25 50 100 
143 perturbation point
PM : Numerical Perturbator
20 list of 100 number
Random numbers generated with 23 as seed
IndexLoc   #Success   #Failure   #Exception #CallAllExecs      AvgCallPerExec     #Perturbations AvgPerturbationPerExec   #Execs     #Tasks     %Success                   
0          100        0          0          100                1,00               6              0,06                     100        20         -------------------- 100,00
1          100        0          0          100                1,00               6              0,06                     100        20         -------------------- 100,00
2          100        0          0          100                1,00               6              0,06                     100        20         -------------------- 100,00
3          100        0          0          0                  0,00               0              0,00                     100        20         NaN                        
4          96         4          0          10000              100,00             449            4,49                     100        20         -------------------- 96,00 
5          96         4          0          10000              100,00             449            4,49                     100        20         -------------------- 96,00 
6          100        0          0          10000              100,00             449            4,49                     100        20         -------------------- 100,00
7          96         0          4          9604               96,04              478            4,78                     100        20         -------------------- 96,00 
9          100        0          0          100                1,00               6              0,06                     100        20         -------------------- 100,00
10         100        0          0          100                1,00               6              0,06                     100        20         -------------------- 100,00
11         100        0          0          100                1,00               6              0,06                     100        20         -------------------- 100,00
12         100        0          0          100                1,00               6              0,06                     100        20         -------------------- 100,00
14         100        0          0          0                  0,00               0              0,00                     100        20         NaN                        
15         94         6          0          100                1,00               6              0,06                     100        20         ------------------- 94,00  
16         64         0          36         22604              226,04             1135           11,35                    100        20         ------------- 64,00        
17         96         0          4          22800              228,00             1138           11,38                    100        20         -------------------- 96,00 
18         64         0          36         22604              226,04             1135           11,35                    100        20         ------------- 64,00        
19         96         0          4          22800              228,00             1138           11,38                    100        20         -------------------- 96,00 
21         9          91         0          22700              227,00             1105           11,05                    100        20         -- 9,00                    
22         100        0          0          22700              227,00             1105           11,05                    100        20         -------------------- 100,00
23         11         89         0          22700              227,00             1105           11,05                    100        20         --- 11,00                  
24         0          100        0          22700              227,00             1105           11,05                    100        20          0,00                      
25         0          100        0          22700              227,00             1105           11,05                    100        20          0,00                      
26         0          100        0          22700              227,00             1105           11,05                    100        20          0,00                      
27         0          100        0          22700              227,00             1105           11,05                    100        20          0,00                      
28         0          100        0          22700              227,00             1105           11,05                    100        20          0,00                      
29         0          100        0          22700              227,00             1105           11,05                    100        20          0,00                      
30         0          100        0          22700              227,00             1105           11,05                    100        20          0,00                      
31         0          100        0          22700              227,00             1105           11,05                    100        20          0,00                      
32         0          100        0          22700              227,00             1105           11,05                    100        20          0,00                      
33         1          60         39         22511              225,11             1119           11,19                    100        20         - 1,00                     
34         1          60         39         22511              225,11             1119           11,19                    100        20         - 1,00                     
35         1          60         39         22511              225,11             1119           11,19                    100        20         - 1,00                     
36         0          100        0          22700              227,00             1105           11,05                    100        20          0,00                      
37         0          100        0          22700              227,00             1105           11,05                    100        20          0,00                      
38         0          100        0          22700              227,00             1105           11,05                    100        20          0,00                      
39         0          100        0          22700              227,00             1105           11,05                    100        20          0,00                      
40         0          100        0          22700              227,00             1105           11,05                    100        20          0,00                      
41         100        0          0          22700              227,00             1105           11,05                    100        20         -------------------- 100,00
42         0          0          100        2839               28,39              129            1,29                     100        20          0,00                      
43         0          0          100        2260               22,60              100            1,00                     100        20          0,00                      
44         0          100        0          22700              227,00             1105           11,05                    100        20          0,00                      
45         0          100        0          22700              227,00             1105           11,05                    100        20          0,00                      
46         100        0          0          39517              395,17             1948           19,48                    100        20         -------------------- 100,00
47         94         0          6          39700              397,00             1915           19,15                    100        20         ------------------- 94,00  
48         100        0          0          39517              395,17             1948           19,48                    100        20         -------------------- 100,00
49         94         0          6          39700              397,00             1915           19,15                    100        20         ------------------- 94,00  
51         64         0          36         39453              394,53             1941           19,41                    100        20         ------------- 64,00        
52         100        0          0          39600              396,00             1918           19,18                    100        20         -------------------- 100,00
53         100        0          0          39600              396,00             1918           19,18                    100        20         -------------------- 100,00
54         100        0          0          39600              396,00             1918           19,18                    100        20         -------------------- 100,00
55         65         0          35         39428              394,28             1957           19,57                    100        20         ------------- 65,00        
56         65         0          35         39428              394,28             1957           19,57                    100        20         ------------- 65,00        
57         65         0          35         39428              394,28             1957           19,57                    100        20         ------------- 65,00        
58         100        0          0          39600              396,00             1918           19,18                    100        20         -------------------- 100,00
59         100        0          0          39600              396,00             1918           19,18                    100        20         -------------------- 100,00
60         100        0          0          39600              396,00             1918           19,18                    100        20         -------------------- 100,00
61         100        0          0          39600              396,00             1918           19,18                    100        20         -------------------- 100,00
62         64         0          36         39453              394,53             1941           19,41                    100        20         ------------- 64,00        
63         100        0          0          39600              396,00             1918           19,18                    100        20         -------------------- 100,00
64         100        0          0          39600              396,00             1918           19,18                    100        20         -------------------- 100,00
65         60         0          40         23929              239,29             1228           12,28                    100        20         ------------ 60,00         
66         100        0          0          39600              396,00             1918           19,18                    100        20         -------------------- 100,00
67         100        0          0          39600              396,00             1918           19,18                    100        20         -------------------- 100,00
68         100        0          0          39600              396,00             1918           19,18                    100        20         -------------------- 100,00
69         100        0          0          39600              396,00             1918           19,18                    100        20         -------------------- 100,00
70         100        0          0          39600              396,00             1918           19,18                    100        20         -------------------- 100,00
71         100        0          0          39600              396,00             1918           19,18                    100        20         -------------------- 100,00
72         100        0          0          39600              396,00             1918           19,18                    100        20         -------------------- 100,00
73         100        0          0          39600              396,00             1918           19,18                    100        20         -------------------- 100,00
74         0          0          100        2479               24,79              130            1,30                     100        20          0,00                      
75         0          0          100        1887               18,87              100            1,00                     100        20          0,00                      
76         100        0          0          39600              396,00             1918           19,18                    100        20         -------------------- 100,00
77         100        0          0          39600              396,00             1918           19,18                    100        20         -------------------- 100,00
78         94         0          6          100                1,00               6              0,06                     100        20         ------------------- 94,00  
79         100        0          0          100                1,00               6              0,06                     100        20         -------------------- 100,00
80         94         0          6          100                1,00               6              0,06                     100        20         ------------------- 94,00  
81         100        0          0          100                1,00               6              0,06                     100        20         -------------------- 100,00
82         100        0          0          100                1,00               6              0,06                     100        20         -------------------- 100,00
83         100        0          0          100                1,00               6              0,06                     100        20         -------------------- 100,00
84         100        0          0          100                1,00               6              0,06                     100        20         -------------------- 100,00
85         100        0          0          100                1,00               6              0,06                     100        20         -------------------- 100,00
86         100        0          0          100                1,00               6              0,06                     100        20         -------------------- 100,00
87         100        0          0          100                1,00               6              0,06                     100        20         -------------------- 100,00
88         100        0          0          100                1,00               6              0,06                     100        20         -------------------- 100,00
89         94         0          6          100                1,00               6              0,06                     100        20         ------------------- 94,00  
90         100        0          0          100                1,00               6              0,06                     100        20         -------------------- 100,00
91         94         0          6          100                1,00               6              0,06                     100        20         ------------------- 94,00  
92         100        0          0          100                1,00               6              0,06                     100        20         -------------------- 100,00
93         100        0          0          100                1,00               6              0,06                     100        20         -------------------- 100,00
94         100        0          0          100                1,00               6              0,06                     100        20         -------------------- 100,00
95         100        0          0          100                1,00               6              0,06                     100        20         -------------------- 100,00
96         100        0          0          100                1,00               6              0,06                     100        20         -------------------- 100,00
97         100        0          0          100                1,00               6              0,06                     100        20         -------------------- 100,00
98         100        0          0          100                1,00               6              0,06                     100        20         -------------------- 100,00
99         100        0          0          100                1,00               6              0,06                     100        20         -------------------- 100,00
100        100        0          0          100                1,00               6              0,06                     100        20         -------------------- 100,00
101        94         0          6          100                1,00               6              0,06                     100        20         ------------------- 94,00  
102        94         0          6          100                1,00               6              0,06                     100        20         ------------------- 94,00  
103        100        0          0          100                1,00               6              0,06                     100        20         -------------------- 100,00
104        100        0          0          100                1,00               6              0,06                     100        20         -------------------- 100,00
105        94         6          0          100                1,00               6              0,06                     100        20         ------------------- 94,00  
106        0          100        0          10000              100,00             449            4,49                     100        20          0,00                      
107        96         4          0          10000              100,00             449            4,49                     100        20         -------------------- 96,00 
108        0          100        0          10000              100,00             449            4,49                     100        20          0,00                      
109        0          100        0          10000              100,00             449            4,49                     100        20          0,00                      
110        0          100        0          10000              100,00             449            4,49                     100        20          0,00                      
111        0          100        0          10000              100,00             449            4,49                     100        20          0,00                      
112        100        0          0          10000              100,00             449            4,49                     100        20         -------------------- 100,00
113        100        0          0          10000              100,00             449            4,49                     100        20         -------------------- 100,00
114        0          100        0          10000              100,00             449            4,49                     100        20          0,00                      
115        0          100        0          10000              100,00             449            4,49                     100        20          0,00                      
116        0          100        0          10000              100,00             449            4,49                     100        20          0,00                      
117        100        0          0          10000              100,00             449            4,49                     100        20         -------------------- 100,00
118        100        0          0          10000              100,00             449            4,49                     100        20         -------------------- 100,00
119        0          100        0          10000              100,00             449            4,49                     100        20          0,00                      
120        100        0          0          10000              100,00             449            4,49                     100        20         -------------------- 100,00
121        0          100        0          10000              100,00             449            4,49                     100        20          0,00                      
122        0          100        0          10000              100,00             449            4,49                     100        20          0,00                      
123        0          100        0          10000              100,00             449            4,49                     100        20          0,00                      
124        100        0          0          0                  0,00               0              0,00                     100        20         NaN                        
125        100        0          0          0                  0,00               0              0,00                     100        20         NaN                        
126        100        0          0          0                  0,00               0              0,00                     100        20         NaN                        
127        100        0          0          0                  0,00               0              0,00                     100        20         NaN                        
128        100        0          0          0                  0,00               0              0,00                     100        20         NaN                        
130        100        0          0          0                  0,00               0              0,00                     100        20         NaN                        
131        100        0          0          0                  0,00               0              0,00                     100        20         NaN                        
132        100        0          0          0                  0,00               0              0,00                     100        20         NaN                        
133        100        0          0          0                  0,00               0              0,00                     100        20         NaN                        
134        100        0          0          0                  0,00               0              0,00                     100        20         NaN                        
135        100        0          0          0                  0,00               0              0,00                     100        20         NaN                        
136        100        0          0          0                  0,00               0              0,00                     100        20         NaN                        
137        100        0          0          0                  0,00               0              0,00                     100        20         NaN                        
138        100        0          0          0                  0,00               0              0,00                     100        20         NaN                        
139        100        0          0          0                  0,00               0              0,00                     100        20         NaN                        
140        100        0          0          0                  0,00               0              0,00                     100        20         NaN                        
141        100        0          0          0                  0,00               0              0,00                     100        20         NaN                        
142        100        0          0          0                  0,00               0              0,00                     100        20         NaN                        
143        100        0          0          0                  0,00               0              0,00                     100        20         NaN                        
144        100        0          0          0                  0,00               0              0,00                     100        20         NaN                        
145        100        0          0          0                  0,00               0              0,00                     100        20         NaN                        
146        100        0          0          0                  0,00               0              0,00                     100        20         NaN                        
147        100        0          0          0                  0,00               0              0,00                     100        20         NaN                        
