aggregate data per location for random rate = 0.5 and with Magnitude = 5
Exploration Plus Magnitude
magnitude value : 1 5 10 25 50 100 
143 perturbation point
PM : Numerical Perturbator
20 list of 100 number
Random numbers generated with 23 as seed
IndexLoc   #Success   #Failure   #Exception #CallAllExecs      AvgCallPerExec     #Perturbations AvgPerturbationPerExec   #Execs     #Tasks     %Success                   
0          100        0          0          100                1,00               51             0,51                     100        20         -------------------- 100,00
1          100        0          0          100                1,00               51             0,51                     100        20         -------------------- 100,00
2          100        0          0          100                1,00               51             0,51                     100        20         -------------------- 100,00
3          100        0          0          0                  0,00               0              0,00                     100        20         NaN                        
4          44         56         0          10000              100,00             5072           50,72                    100        20         --------- 44,00            
5          44         56         0          10000              100,00             5072           50,72                    100        20         --------- 44,00            
6          100        0          0          10000              100,00             5072           50,72                    100        20         -------------------- 100,00
7          44         0          56         4456               44,56              2221           22,21                    100        20         --------- 44,00            
9          100        0          0          100                1,00               51             0,51                     100        20         -------------------- 100,00
10         100        0          0          100                1,00               51             0,51                     100        20         -------------------- 100,00
11         100        0          0          100                1,00               51             0,51                     100        20         -------------------- 100,00
12         100        0          0          100                1,00               51             0,51                     100        20         -------------------- 100,00
14         100        0          0          0                  0,00               0              0,00                     100        20         NaN                        
15         49         51         0          100                1,00               51             0,51                     100        20         ---------- 49,00           
16         4          0          96         22395              223,95             11270          112,70                   100        20         - 4,00                     
17         42         0          58         22800              228,00             11445          114,45                   100        20         --------- 42,00            
18         4          0          96         22395              223,95             11270          112,70                   100        20         - 4,00                     
19         42         0          58         22800              228,00             11445          114,45                   100        20         --------- 42,00            
21         0          100        0          22700              227,00             11380          113,80                   100        20          0,00                      
22         100        0          0          22700              227,00             11380          113,80                   100        20         -------------------- 100,00
23         0          100        0          22700              227,00             11380          113,80                   100        20          0,00                      
24         0          100        0          22700              227,00             11380          113,80                   100        20          0,00                      
25         0          100        0          22700              227,00             11380          113,80                   100        20          0,00                      
26         0          100        0          22700              227,00             11380          113,80                   100        20          0,00                      
27         0          100        0          22700              227,00             11380          113,80                   100        20          0,00                      
28         0          100        0          22700              227,00             11380          113,80                   100        20          0,00                      
29         0          100        0          22700              227,00             11380          113,80                   100        20          0,00                      
30         0          100        0          22700              227,00             11380          113,80                   100        20          0,00                      
31         0          100        0          22700              227,00             11380          113,80                   100        20          0,00                      
32         0          100        0          22700              227,00             11380          113,80                   100        20          0,00                      
33         0          8          92         22408              224,08             11275          112,75                   100        20          0,00                      
34         0          8          92         22408              224,08             11275          112,75                   100        20          0,00                      
35         0          8          92         22408              224,08             11275          112,75                   100        20          0,00                      
36         0          100        0          22700              227,00             11380          113,80                   100        20          0,00                      
37         0          100        0          22700              227,00             11380          113,80                   100        20          0,00                      
38         0          100        0          22700              227,00             11380          113,80                   100        20          0,00                      
39         0          100        0          22700              227,00             11380          113,80                   100        20          0,00                      
40         0          100        0          22700              227,00             11380          113,80                   100        20          0,00                      
41         0          100        0          22700              227,00             11380          113,80                   100        20          0,00                      
42         0          0          100        245                2,45               118            1,18                     100        20          0,00                      
43         0          0          100        192                1,92               100            1,00                     100        20          0,00                      
44         0          100        0          22700              227,00             11380          113,80                   100        20          0,00                      
45         0          100        0          22700              227,00             11380          113,80                   100        20          0,00                      
46         100        0          0          39312              393,12             19887          198,87                   100        20         -------------------- 100,00
47         51         0          49         39700              397,00             19987          199,87                   100        20         ----------- 51,00          
48         100        0          0          39312              393,12             19887          198,87                   100        20         -------------------- 100,00
49         51         0          49         39700              397,00             19987          199,87                   100        20         ----------- 51,00          
51         4          0          96         39385              393,85             19942          199,42                   100        20         - 4,00                     
52         100        0          0          39600              396,00             19971          199,71                   100        20         -------------------- 100,00
53         100        0          0          39600              396,00             19971          199,71                   100        20         -------------------- 100,00
54         100        0          0          39600              396,00             19971          199,71                   100        20         -------------------- 100,00
55         7          0          93         39317              393,17             19887          198,87                   100        20         -- 7,00                    
56         7          0          93         39317              393,17             19887          198,87                   100        20         -- 7,00                    
57         7          0          93         39317              393,17             19887          198,87                   100        20         -- 7,00                    
58         100        0          0          39600              396,00             19971          199,71                   100        20         -------------------- 100,00
59         100        0          0          39600              396,00             19971          199,71                   100        20         -------------------- 100,00
60         100        0          0          39600              396,00             19971          199,71                   100        20         -------------------- 100,00
61         100        0          0          39600              396,00             19971          199,71                   100        20         -------------------- 100,00
62         4          0          96         39385              393,85             19942          199,42                   100        20         - 4,00                     
63         100        0          0          39600              396,00             19971          199,71                   100        20         -------------------- 100,00
64         100        0          0          39600              396,00             19971          199,71                   100        20         -------------------- 100,00
65         5          0          95         2138               21,38              1071           10,71                    100        20         - 5,00                     
66         100        0          0          39600              396,00             19971          199,71                   100        20         -------------------- 100,00
67         100        0          0          39600              396,00             19971          199,71                   100        20         -------------------- 100,00
68         100        0          0          39600              396,00             19971          199,71                   100        20         -------------------- 100,00
69         100        0          0          39600              396,00             19971          199,71                   100        20         -------------------- 100,00
70         100        0          0          39600              396,00             19971          199,71                   100        20         -------------------- 100,00
71         100        0          0          39600              396,00             19971          199,71                   100        20         -------------------- 100,00
72         100        0          0          39600              396,00             19971          199,71                   100        20         -------------------- 100,00
73         100        0          0          39600              396,00             19971          199,71                   100        20         -------------------- 100,00
74         0          0          100        242                2,42               125            1,25                     100        20          0,00                      
75         0          0          100        198                1,98               100            1,00                     100        20          0,00                      
76         100        0          0          39600              396,00             19971          199,71                   100        20         -------------------- 100,00
77         100        0          0          39600              396,00             19971          199,71                   100        20         -------------------- 100,00
78         49         0          51         100                1,00               51             0,51                     100        20         ---------- 49,00           
79         100        0          0          100                1,00               51             0,51                     100        20         -------------------- 100,00
80         49         0          51         100                1,00               51             0,51                     100        20         ---------- 49,00           
81         100        0          0          100                1,00               51             0,51                     100        20         -------------------- 100,00
82         100        0          0          100                1,00               51             0,51                     100        20         -------------------- 100,00
83         100        0          0          100                1,00               51             0,51                     100        20         -------------------- 100,00
84         100        0          0          100                1,00               51             0,51                     100        20         -------------------- 100,00
85         100        0          0          100                1,00               51             0,51                     100        20         -------------------- 100,00
86         100        0          0          100                1,00               51             0,51                     100        20         -------------------- 100,00
87         100        0          0          100                1,00               51             0,51                     100        20         -------------------- 100,00
88         100        0          0          100                1,00               51             0,51                     100        20         -------------------- 100,00
89         49         0          51         100                1,00               51             0,51                     100        20         ---------- 49,00           
90         100        0          0          100                1,00               51             0,51                     100        20         -------------------- 100,00
91         49         0          51         100                1,00               51             0,51                     100        20         ---------- 49,00           
92         100        0          0          100                1,00               51             0,51                     100        20         -------------------- 100,00
93         100        0          0          100                1,00               51             0,51                     100        20         -------------------- 100,00
94         100        0          0          100                1,00               51             0,51                     100        20         -------------------- 100,00
95         100        0          0          100                1,00               51             0,51                     100        20         -------------------- 100,00
96         100        0          0          100                1,00               51             0,51                     100        20         -------------------- 100,00
97         100        0          0          100                1,00               51             0,51                     100        20         -------------------- 100,00
98         100        0          0          100                1,00               51             0,51                     100        20         -------------------- 100,00
99         100        0          0          100                1,00               51             0,51                     100        20         -------------------- 100,00
100        100        0          0          100                1,00               51             0,51                     100        20         -------------------- 100,00
101        60         0          40         100                1,00               51             0,51                     100        20         ------------ 60,00         
102        49         0          51         100                1,00               51             0,51                     100        20         ---------- 49,00           
103        100        0          0          100                1,00               51             0,51                     100        20         -------------------- 100,00
104        100        0          0          100                1,00               51             0,51                     100        20         -------------------- 100,00
105        49         51         0          100                1,00               51             0,51                     100        20         ---------- 49,00           
106        0          100        0          10000              100,00             5072           50,72                    100        20          0,00                      
107        94         6          0          10000              100,00             5072           50,72                    100        20         ------------------- 94,00  
108        0          100        0          10000              100,00             5072           50,72                    100        20          0,00                      
109        0          100        0          10000              100,00             5072           50,72                    100        20          0,00                      
110        0          100        0          10000              100,00             5072           50,72                    100        20          0,00                      
111        0          100        0          10000              100,00             5072           50,72                    100        20          0,00                      
112        100        0          0          10000              100,00             5072           50,72                    100        20         -------------------- 100,00
113        100        0          0          10000              100,00             5072           50,72                    100        20         -------------------- 100,00
114        0          100        0          10000              100,00             5072           50,72                    100        20          0,00                      
115        0          100        0          10000              100,00             5072           50,72                    100        20          0,00                      
116        0          100        0          10000              100,00             5072           50,72                    100        20          0,00                      
117        100        0          0          10000              100,00             5072           50,72                    100        20         -------------------- 100,00
118        100        0          0          10000              100,00             5072           50,72                    100        20         -------------------- 100,00
119        0          100        0          10000              100,00             5072           50,72                    100        20          0,00                      
120        100        0          0          10000              100,00             5072           50,72                    100        20         -------------------- 100,00
121        0          100        0          10000              100,00             5072           50,72                    100        20          0,00                      
122        0          100        0          10000              100,00             5072           50,72                    100        20          0,00                      
123        0          100        0          10000              100,00             5072           50,72                    100        20          0,00                      
124        100        0          0          0                  0,00               0              0,00                     100        20         NaN                        
125        100        0          0          0                  0,00               0              0,00                     100        20         NaN                        
126        100        0          0          0                  0,00               0              0,00                     100        20         NaN                        
127        100        0          0          0                  0,00               0              0,00                     100        20         NaN                        
128        100        0          0          0                  0,00               0              0,00                     100        20         NaN                        
130        100        0          0          0                  0,00               0              0,00                     100        20         NaN                        
131        100        0          0          0                  0,00               0              0,00                     100        20         NaN                        
132        100        0          0          0                  0,00               0              0,00                     100        20         NaN                        
133        100        0          0          0                  0,00               0              0,00                     100        20         NaN                        
134        100        0          0          0                  0,00               0              0,00                     100        20         NaN                        
135        100        0          0          0                  0,00               0              0,00                     100        20         NaN                        
136        100        0          0          0                  0,00               0              0,00                     100        20         NaN                        
137        100        0          0          0                  0,00               0              0,00                     100        20         NaN                        
138        100        0          0          0                  0,00               0              0,00                     100        20         NaN                        
139        100        0          0          0                  0,00               0              0,00                     100        20         NaN                        
140        100        0          0          0                  0,00               0              0,00                     100        20         NaN                        
141        100        0          0          0                  0,00               0              0,00                     100        20         NaN                        
142        100        0          0          0                  0,00               0              0,00                     100        20         NaN                        
143        100        0          0          0                  0,00               0              0,00                     100        20         NaN                        
144        100        0          0          0                  0,00               0              0,00                     100        20         NaN                        
145        100        0          0          0                  0,00               0              0,00                     100        20         NaN                        
146        100        0          0          0                  0,00               0              0,00                     100        20         NaN                        
147        100        0          0          0                  0,00               0              0,00                     100        20         NaN                        
