aggregate data per location for magnitude = 0.5
SERN
143 perturbation point
Random Enactor, seed :32
PONE : Numerical Perturbator5 repetition for each location for each task
5 list of 100 number
Random numbers generated with 23 as seed
IndexLoc   #Success   #Failure   #Exception #CallAllExecs      AvgCallPerExec     #Perturbations AvgPerturbationPerExec   #Execs     #Tasks     %Success                   
0          25         0          0          25                 1.00               12             0.48                     25         5          -------------------- 100.00
1          25         0          0          25                 1.00               12             0.48                     25         5          -------------------- 100.00
2          25         0          0          25                 1.00               12             0.48                     25         5          -------------------- 100.00
3          25         0          0          0                  0.00               0              0.00                     25         5          NaN                        
4          15         10         0          2500               100.00             1225           49.00                    25         5          ------------ 60.00         
5          15         10         0          2500               100.00             1225           49.00                    25         5          ------------ 60.00         
6          25         0          0          2500               100.00             1225           49.00                    25         5          -------------------- 100.00
7          16         0          9          1609               64.36              799            31.96                    25         5          ------------- 64.00        
9          13         12         0          25                 1.00               12             0.48                     25         5          ----------- 52.00          
10         25         0          0          25                 1.00               12             0.48                     25         5          -------------------- 100.00
11         25         0          0          25                 1.00               12             0.48                     25         5          -------------------- 100.00
12         25         0          0          25                 1.00               12             0.48                     25         5          -------------------- 100.00
14         25         0          0          0                  0.00               0              0.00                     25         5          NaN                        
15         13         12         0          25                 1.00               12             0.48                     25         5          ----------- 52.00          
16         10         0          15         5685               227.40             2826           113.04                   25         5          -------- 40.00             
17         11         0          14         5700               228.00             2837           113.48                   25         5          --------- 44.00            
18         10         0          15         5685               227.40             2826           113.04                   25         5          -------- 40.00             
19         11         0          14         5700               228.00             2837           113.48                   25         5          --------- 44.00            
21         0          25         0          5675               227.00             2821           112.84                   25         5           0.00                      
22         25         0          0          5675               227.00             2821           112.84                   25         5          -------------------- 100.00
23         0          25         0          5675               227.00             2821           112.84                   25         5           0.00                      
24         0          25         0          5675               227.00             2821           112.84                   25         5           0.00                      
25         0          25         0          5675               227.00             2821           112.84                   25         5           0.00                      
26         0          25         0          5675               227.00             2821           112.84                   25         5           0.00                      
27         0          25         0          5675               227.00             2821           112.84                   25         5           0.00                      
28         0          25         0          5675               227.00             2821           112.84                   25         5           0.00                      
29         0          25         0          5675               227.00             2821           112.84                   25         5           0.00                      
30         0          25         0          5675               227.00             2821           112.84                   25         5           0.00                      
31         0          25         0          5675               227.00             2821           112.84                   25         5           0.00                      
32         0          25         0          5675               227.00             2821           112.84                   25         5           0.00                      
33         0          9          16         5675               227.00             2821           112.84                   25         5           0.00                      
34         0          9          16         5675               227.00             2821           112.84                   25         5           0.00                      
35         0          9          16         5675               227.00             2821           112.84                   25         5           0.00                      
36         0          25         0          5675               227.00             2821           112.84                   25         5           0.00                      
37         0          25         0          5675               227.00             2821           112.84                   25         5           0.00                      
38         0          25         0          5675               227.00             2821           112.84                   25         5           0.00                      
39         0          25         0          5675               227.00             2821           112.84                   25         5           0.00                      
40         0          25         0          5675               227.00             2821           112.84                   25         5           0.00                      
41         0          25         0          5675               227.00             2821           112.84                   25         5           0.00                      
42         0          0          25         101                4.04               52             2.08                     25         5           0.00                      
43         0          0          25         72                 2.88               35             1.40                     25         5           0.00                      
44         0          25         0          5675               227.00             2821           112.84                   25         5           0.00                      
45         0          25         0          5675               227.00             2821           112.84                   25         5           0.00                      
46         25         0          0          9911               396.44             4995           199.80                   25         5          -------------------- 100.00
47         17         0          8          9925               397.00             5005           200.20                   25         5          -------------- 68.00       
48         25         0          0          9911               396.44             4995           199.80                   25         5          -------------------- 100.00
49         17         0          8          9925               397.00             5005           200.20                   25         5          -------------- 68.00       
51         25         0          0          9900               396.00             4991           199.64                   25         5          -------------------- 100.00
52         25         0          0          9900               396.00             4991           199.64                   25         5          -------------------- 100.00
53         25         0          0          9900               396.00             4991           199.64                   25         5          -------------------- 100.00
54         25         0          0          9900               396.00             4991           199.64                   25         5          -------------------- 100.00
55         12         0          13         9900               396.00             4991           199.64                   25         5          ---------- 48.00           
56         12         0          13         9900               396.00             4991           199.64                   25         5          ---------- 48.00           
57         12         0          13         9900               396.00             4991           199.64                   25         5          ---------- 48.00           
58         25         0          0          9900               396.00             4991           199.64                   25         5          -------------------- 100.00
59         25         0          0          9900               396.00             4991           199.64                   25         5          -------------------- 100.00
60         25         0          0          9900               396.00             4991           199.64                   25         5          -------------------- 100.00
61         25         0          0          9900               396.00             4991           199.64                   25         5          -------------------- 100.00
62         25         0          0          9900               396.00             4991           199.64                   25         5          -------------------- 100.00
63         25         0          0          9900               396.00             4991           199.64                   25         5          -------------------- 100.00
64         25         0          0          9900               396.00             4991           199.64                   25         5          -------------------- 100.00
65         14         0          11         5555               222.20             2774           110.96                   25         5          ------------ 56.00         
66         25         0          0          9900               396.00             4991           199.64                   25         5          -------------------- 100.00
67         25         0          0          9900               396.00             4991           199.64                   25         5          -------------------- 100.00
68         25         0          0          9900               396.00             4991           199.64                   25         5          -------------------- 100.00
69         25         0          0          9900               396.00             4991           199.64                   25         5          -------------------- 100.00
70         25         0          0          9900               396.00             4991           199.64                   25         5          -------------------- 100.00
71         25         0          0          9900               396.00             4991           199.64                   25         5          -------------------- 100.00
72         25         0          0          9900               396.00             4991           199.64                   25         5          -------------------- 100.00
73         25         0          0          9900               396.00             4991           199.64                   25         5          -------------------- 100.00
74         0          0          25         79                 3.16               40             1.60                     25         5           0.00                      
75         0          0          25         90                 3.60               47             1.88                     25         5           0.00                      
76         25         0          0          9900               396.00             4991           199.64                   25         5          -------------------- 100.00
77         25         0          0          9900               396.00             4991           199.64                   25         5          -------------------- 100.00
78         13         0          12         25                 1.00               12             0.48                     25         5          ----------- 52.00          
79         25         0          0          25                 1.00               12             0.48                     25         5          -------------------- 100.00
80         13         0          12         25                 1.00               12             0.48                     25         5          ----------- 52.00          
81         25         0          0          25                 1.00               12             0.48                     25         5          -------------------- 100.00
82         25         0          0          25                 1.00               12             0.48                     25         5          -------------------- 100.00
83         25         0          0          25                 1.00               12             0.48                     25         5          -------------------- 100.00
84         25         0          0          25                 1.00               12             0.48                     25         5          -------------------- 100.00
85         25         0          0          25                 1.00               12             0.48                     25         5          -------------------- 100.00
86         25         0          0          25                 1.00               12             0.48                     25         5          -------------------- 100.00
87         25         0          0          25                 1.00               12             0.48                     25         5          -------------------- 100.00
88         25         0          0          25                 1.00               12             0.48                     25         5          -------------------- 100.00
89         13         0          12         25                 1.00               12             0.48                     25         5          ----------- 52.00          
90         25         0          0          25                 1.00               12             0.48                     25         5          -------------------- 100.00
91         13         0          12         25                 1.00               12             0.48                     25         5          ----------- 52.00          
92         25         0          0          25                 1.00               12             0.48                     25         5          -------------------- 100.00
93         25         0          0          25                 1.00               12             0.48                     25         5          -------------------- 100.00
94         25         0          0          25                 1.00               12             0.48                     25         5          -------------------- 100.00
95         25         0          0          25                 1.00               12             0.48                     25         5          -------------------- 100.00
96         25         0          0          25                 1.00               12             0.48                     25         5          -------------------- 100.00
97         25         0          0          25                 1.00               12             0.48                     25         5          -------------------- 100.00
98         25         0          0          25                 1.00               12             0.48                     25         5          -------------------- 100.00
99         25         0          0          25                 1.00               12             0.48                     25         5          -------------------- 100.00
100        25         0          0          25                 1.00               12             0.48                     25         5          -------------------- 100.00
101        21         0          4          25                 1.00               12             0.48                     25         5          ----------------- 84.00    
102        17         0          8          25                 1.00               12             0.48                     25         5          -------------- 68.00       
103        25         0          0          25                 1.00               12             0.48                     25         5          -------------------- 100.00
104        25         0          0          25                 1.00               12             0.48                     25         5          -------------------- 100.00
105        13         12         0          25                 1.00               12             0.48                     25         5          ----------- 52.00          
106        0          25         0          2500               100.00             1225           49.00                    25         5           0.00                      
107        25         0          0          2500               100.00             1225           49.00                    25         5          -------------------- 100.00
108        0          25         0          2500               100.00             1225           49.00                    25         5           0.00                      
109        0          25         0          2500               100.00             1225           49.00                    25         5           0.00                      
110        0          25         0          2500               100.00             1225           49.00                    25         5           0.00                      
111        0          25         0          2500               100.00             1225           49.00                    25         5           0.00                      
112        25         0          0          2500               100.00             1225           49.00                    25         5          -------------------- 100.00
113        25         0          0          2500               100.00             1225           49.00                    25         5          -------------------- 100.00
114        0          25         0          2500               100.00             1225           49.00                    25         5           0.00                      
115        0          25         0          2500               100.00             1225           49.00                    25         5           0.00                      
116        0          25         0          2500               100.00             1225           49.00                    25         5           0.00                      
117        25         0          0          2500               100.00             1225           49.00                    25         5          -------------------- 100.00
118        25         0          0          2500               100.00             1225           49.00                    25         5          -------------------- 100.00
119        0          25         0          2500               100.00             1225           49.00                    25         5           0.00                      
120        25         0          0          2500               100.00             1225           49.00                    25         5          -------------------- 100.00
121        0          25         0          2500               100.00             1225           49.00                    25         5           0.00                      
122        0          25         0          2500               100.00             1225           49.00                    25         5           0.00                      
123        0          25         0          2500               100.00             1225           49.00                    25         5           0.00                      
124        25         0          0          0                  0.00               0              0.00                     25         5          NaN                        
125        25         0          0          0                  0.00               0              0.00                     25         5          NaN                        
126        25         0          0          0                  0.00               0              0.00                     25         5          NaN                        
127        25         0          0          0                  0.00               0              0.00                     25         5          NaN                        
128        25         0          0          0                  0.00               0              0.00                     25         5          NaN                        
130        25         0          0          0                  0.00               0              0.00                     25         5          NaN                        
131        25         0          0          0                  0.00               0              0.00                     25         5          NaN                        
132        25         0          0          0                  0.00               0              0.00                     25         5          NaN                        
133        25         0          0          0                  0.00               0              0.00                     25         5          NaN                        
134        25         0          0          0                  0.00               0              0.00                     25         5          NaN                        
135        25         0          0          0                  0.00               0              0.00                     25         5          NaN                        
136        25         0          0          0                  0.00               0              0.00                     25         5          NaN                        
137        25         0          0          0                  0.00               0              0.00                     25         5          NaN                        
138        25         0          0          0                  0.00               0              0.00                     25         5          NaN                        
139        25         0          0          0                  0.00               0              0.00                     25         5          NaN                        
140        25         0          0          0                  0.00               0              0.00                     25         5          NaN                        
141        25         0          0          0                  0.00               0              0.00                     25         5          NaN                        
142        25         0          0          0                  0.00               0              0.00                     25         5          NaN                        
143        25         0          0          0                  0.00               0              0.00                     25         5          NaN                        
144        25         0          0          0                  0.00               0              0.00                     25         5          NaN                        
145        25         0          0          0                  0.00               0              0.00                     25         5          NaN                        
146        25         0          0          0                  0.00               0              0.00                     25         5          NaN                        
147        25         0          0          0                  0.00               0              0.00                     25         5          NaN                        
