aggregate data per location for magnitude = 0.005
SERN
143 perturbation point
Random Enactor, seed :32
PONE : Numerical Perturbator5 repetition for each location for each task
5 list of 100 number
Random numbers generated with 23 as seed
IndexLoc   #Success   #Failure   #Exception #CallAllExecs      AvgCallPerExec     #Perturbations AvgPerturbationPerExec   #Execs     #Tasks     %Success                   
0          25         0          0          25                 1.00               0              0.00                     25         5          NaN                        
1          25         0          0          25                 1.00               0              0.00                     25         5          NaN                        
2          25         0          0          25                 1.00               0              0.00                     25         5          NaN                        
3          25         0          0          0                  0.00               0              0.00                     25         5          NaN                        
4          25         0          0          2500               100.00             12             0.48                     25         5          -------------------- 100.00
5          25         0          0          2500               100.00             12             0.48                     25         5          -------------------- 100.00
6          25         0          0          2500               100.00             12             0.48                     25         5          -------------------- 100.00
7          25         0          0          2500               100.00             12             0.48                     25         5          -------------------- 100.00
9          25         0          0          25                 1.00               0              0.00                     25         5          NaN                        
10         25         0          0          25                 1.00               0              0.00                     25         5          NaN                        
11         25         0          0          25                 1.00               0              0.00                     25         5          NaN                        
12         25         0          0          25                 1.00               0              0.00                     25         5          NaN                        
14         25         0          0          0                  0.00               0              0.00                     25         5          NaN                        
15         25         0          0          25                 1.00               0              0.00                     25         5          NaN                        
16         25         0          0          5700               228.00             27             1.08                     25         5          -------------------- 100.00
17         25         0          0          5700               228.00             27             1.08                     25         5          -------------------- 100.00
18         25         0          0          5700               228.00             27             1.08                     25         5          -------------------- 100.00
19         25         0          0          5700               228.00             27             1.08                     25         5          -------------------- 100.00
21         20         5          0          5675               227.00             27             1.08                     25         5          ---------------- 80.00     
22         25         0          0          5675               227.00             27             1.08                     25         5          -------------------- 100.00
23         25         0          0          5675               227.00             27             1.08                     25         5          -------------------- 100.00
24         19         6          0          5675               227.00             27             1.08                     25         5          ---------------- 76.00     
25         16         9          0          5675               227.00             27             1.08                     25         5          ------------- 64.00        
26         16         9          0          5675               227.00             27             1.08                     25         5          ------------- 64.00        
27         16         9          0          5675               227.00             27             1.08                     25         5          ------------- 64.00        
28         16         9          0          5675               227.00             27             1.08                     25         5          ------------- 64.00        
29         16         9          0          5675               227.00             27             1.08                     25         5          ------------- 64.00        
30         16         9          0          5675               227.00             27             1.08                     25         5          ------------- 64.00        
31         16         9          0          5675               227.00             27             1.08                     25         5          ------------- 64.00        
32         16         9          0          5675               227.00             27             1.08                     25         5          ------------- 64.00        
33         16         9          0          5675               227.00             27             1.08                     25         5          ------------- 64.00        
34         16         9          0          5675               227.00             27             1.08                     25         5          ------------- 64.00        
35         16         9          0          5675               227.00             27             1.08                     25         5          ------------- 64.00        
36         16         9          0          5675               227.00             27             1.08                     25         5          ------------- 64.00        
37         21         4          0          5675               227.00             27             1.08                     25         5          ----------------- 84.00    
38         16         9          0          5675               227.00             27             1.08                     25         5          ------------- 64.00        
39         16         9          0          5675               227.00             27             1.08                     25         5          ------------- 64.00        
40         16         9          0          5675               227.00             27             1.08                     25         5          ------------- 64.00        
41         16         9          0          5675               227.00             27             1.08                     25         5          ------------- 64.00        
42         13         0          12         4336               173.44             19             0.76                     25         5          ----------- 52.00          
43         9          5          11         4589               183.56             23             0.92                     25         5          -------- 36.00             
44         16         9          0          5675               227.00             27             1.08                     25         5          ------------- 64.00        
45         16         9          0          5675               227.00             27             1.08                     25         5          ------------- 64.00        
46         25         0          0          9925               397.00             45             1.80                     25         5          -------------------- 100.00
47         25         0          0          9925               397.00             45             1.80                     25         5          -------------------- 100.00
48         25         0          0          9925               397.00             45             1.80                     25         5          -------------------- 100.00
49         25         0          0          9925               397.00             45             1.80                     25         5          -------------------- 100.00
51         25         0          0          9900               396.00             45             1.80                     25         5          -------------------- 100.00
52         25         0          0          9900               396.00             45             1.80                     25         5          -------------------- 100.00
53         25         0          0          9900               396.00             45             1.80                     25         5          -------------------- 100.00
54         25         0          0          9900               396.00             45             1.80                     25         5          -------------------- 100.00
55         25         0          0          9900               396.00             45             1.80                     25         5          -------------------- 100.00
56         25         0          0          9900               396.00             45             1.80                     25         5          -------------------- 100.00
57         25         0          0          9900               396.00             45             1.80                     25         5          -------------------- 100.00
58         25         0          0          9900               396.00             45             1.80                     25         5          -------------------- 100.00
59         25         0          0          9900               396.00             45             1.80                     25         5          -------------------- 100.00
60         25         0          0          9900               396.00             45             1.80                     25         5          -------------------- 100.00
61         25         0          0          9900               396.00             45             1.80                     25         5          -------------------- 100.00
62         25         0          0          9900               396.00             45             1.80                     25         5          -------------------- 100.00
63         25         0          0          9900               396.00             45             1.80                     25         5          -------------------- 100.00
64         25         0          0          9900               396.00             45             1.80                     25         5          -------------------- 100.00
65         25         0          0          9900               396.00             45             1.80                     25         5          -------------------- 100.00
66         25         0          0          9900               396.00             45             1.80                     25         5          -------------------- 100.00
67         25         0          0          9900               396.00             45             1.80                     25         5          -------------------- 100.00
68         25         0          0          9900               396.00             45             1.80                     25         5          -------------------- 100.00
69         25         0          0          9900               396.00             45             1.80                     25         5          -------------------- 100.00
70         25         0          0          9900               396.00             45             1.80                     25         5          -------------------- 100.00
71         25         0          0          9900               396.00             45             1.80                     25         5          -------------------- 100.00
72         25         0          0          9900               396.00             45             1.80                     25         5          -------------------- 100.00
73         25         0          0          9900               396.00             45             1.80                     25         5          -------------------- 100.00
74         9          0          16         6338               253.52             29             1.16                     25         5          -------- 36.00             
75         12         0          13         7520               300.80             34             1.36                     25         5          ---------- 48.00           
76         25         0          0          9900               396.00             45             1.80                     25         5          -------------------- 100.00
77         25         0          0          9900               396.00             45             1.80                     25         5          -------------------- 100.00
78         25         0          0          25                 1.00               0              0.00                     25         5          NaN                        
79         25         0          0          25                 1.00               0              0.00                     25         5          NaN                        
80         25         0          0          25                 1.00               0              0.00                     25         5          NaN                        
81         25         0          0          25                 1.00               0              0.00                     25         5          NaN                        
82         25         0          0          25                 1.00               0              0.00                     25         5          NaN                        
83         25         0          0          25                 1.00               0              0.00                     25         5          NaN                        
84         25         0          0          25                 1.00               0              0.00                     25         5          NaN                        
85         25         0          0          25                 1.00               0              0.00                     25         5          NaN                        
86         25         0          0          25                 1.00               0              0.00                     25         5          NaN                        
87         25         0          0          25                 1.00               0              0.00                     25         5          NaN                        
88         25         0          0          25                 1.00               0              0.00                     25         5          NaN                        
89         25         0          0          25                 1.00               0              0.00                     25         5          NaN                        
90         25         0          0          25                 1.00               0              0.00                     25         5          NaN                        
91         25         0          0          25                 1.00               0              0.00                     25         5          NaN                        
92         25         0          0          25                 1.00               0              0.00                     25         5          NaN                        
93         25         0          0          25                 1.00               0              0.00                     25         5          NaN                        
94         25         0          0          25                 1.00               0              0.00                     25         5          NaN                        
95         25         0          0          25                 1.00               0              0.00                     25         5          NaN                        
96         25         0          0          25                 1.00               0              0.00                     25         5          NaN                        
97         25         0          0          25                 1.00               0              0.00                     25         5          NaN                        
98         25         0          0          25                 1.00               0              0.00                     25         5          NaN                        
99         25         0          0          25                 1.00               0              0.00                     25         5          NaN                        
100        25         0          0          25                 1.00               0              0.00                     25         5          NaN                        
101        25         0          0          25                 1.00               0              0.00                     25         5          NaN                        
102        25         0          0          25                 1.00               0              0.00                     25         5          NaN                        
103        25         0          0          25                 1.00               0              0.00                     25         5          NaN                        
104        25         0          0          25                 1.00               0              0.00                     25         5          NaN                        
105        25         0          0          25                 1.00               0              0.00                     25         5          NaN                        
106        15         10         0          2500               100.00             12             0.48                     25         5          ------------ 60.00         
107        25         0          0          2500               100.00             12             0.48                     25         5          -------------------- 100.00
108        15         10         0          2500               100.00             12             0.48                     25         5          ------------ 60.00         
109        15         10         0          2500               100.00             12             0.48                     25         5          ------------ 60.00         
110        15         10         0          2500               100.00             12             0.48                     25         5          ------------ 60.00         
111        15         10         0          2500               100.00             12             0.48                     25         5          ------------ 60.00         
112        25         0          0          2500               100.00             12             0.48                     25         5          -------------------- 100.00
113        25         0          0          2500               100.00             12             0.48                     25         5          -------------------- 100.00
114        15         10         0          2500               100.00             12             0.48                     25         5          ------------ 60.00         
115        20         5          0          2500               100.00             12             0.48                     25         5          ---------------- 80.00     
116        15         10         0          2500               100.00             12             0.48                     25         5          ------------ 60.00         
117        25         0          0          2500               100.00             12             0.48                     25         5          -------------------- 100.00
118        25         0          0          2500               100.00             12             0.48                     25         5          -------------------- 100.00
119        15         10         0          2500               100.00             12             0.48                     25         5          ------------ 60.00         
120        25         0          0          2500               100.00             12             0.48                     25         5          -------------------- 100.00
121        15         10         0          2500               100.00             12             0.48                     25         5          ------------ 60.00         
122        15         10         0          2500               100.00             12             0.48                     25         5          ------------ 60.00         
123        15         10         0          2500               100.00             12             0.48                     25         5          ------------ 60.00         
124        25         0          0          0                  0.00               0              0.00                     25         5          NaN                        
125        25         0          0          0                  0.00               0              0.00                     25         5          NaN                        
126        25         0          0          0                  0.00               0              0.00                     25         5          NaN                        
127        25         0          0          0                  0.00               0              0.00                     25         5          NaN                        
128        25         0          0          0                  0.00               0              0.00                     25         5          NaN                        
130        25         0          0          0                  0.00               0              0.00                     25         5          NaN                        
131        25         0          0          0                  0.00               0              0.00                     25         5          NaN                        
132        25         0          0          0                  0.00               0              0.00                     25         5          NaN                        
133        25         0          0          0                  0.00               0              0.00                     25         5          NaN                        
134        25         0          0          0                  0.00               0              0.00                     25         5          NaN                        
135        25         0          0          0                  0.00               0              0.00                     25         5          NaN                        
136        25         0          0          0                  0.00               0              0.00                     25         5          NaN                        
137        25         0          0          0                  0.00               0              0.00                     25         5          NaN                        
138        25         0          0          0                  0.00               0              0.00                     25         5          NaN                        
139        25         0          0          0                  0.00               0              0.00                     25         5          NaN                        
140        25         0          0          0                  0.00               0              0.00                     25         5          NaN                        
141        25         0          0          0                  0.00               0              0.00                     25         5          NaN                        
142        25         0          0          0                  0.00               0              0.00                     25         5          NaN                        
143        25         0          0          0                  0.00               0              0.00                     25         5          NaN                        
144        25         0          0          0                  0.00               0              0.00                     25         5          NaN                        
145        25         0          0          0                  0.00               0              0.00                     25         5          NaN                        
146        25         0          0          0                  0.00               0              0.00                     25         5          NaN                        
147        25         0          0          0                  0.00               0              0.00                     25         5          NaN                        
