Aggregate data for all tasks per location for magnitude = 1
Systematical Exploration Plus One
73 perturbation point
N Excecution Enactor
PONE : Numerical Perturbator
20 string of 100 characters
Generated with 23 as seed
IndexLoc   #Success   #Failure   #Exception #CallAllExecs      AvgCallPerExec     #Perturbations AvgPerturbationPerExec   #Execs     #CallRef   #Tasks     %Success                   
0          80         0          0          320                4,00               80             1,00                     80         80         20         -------------------- 100,00
2          40         0          0          80                 2,00               40             1,00                     40         40         20         -------------------- 100,00
3          40         0          0          80                 2,00               40             1,00                     40         40         20         -------------------- 100,00
4          40         0          0          80                 2,00               40             1,00                     40         40         20         -------------------- 100,00
5          40         0          0          80                 2,00               40             1,00                     40         40         20         -------------------- 100,00
6          40         0          0          80                 2,00               40             1,00                     40         40         20         -------------------- 100,00
7          40         0          0          80                 2,00               40             1,00                     40         40         20         -------------------- 100,00
8          40         0          0          80                 2,00               40             1,00                     40         40         20         -------------------- 100,00
9          40         0          0          80                 2,00               40             1,00                     40         40         20         -------------------- 100,00
10         40         0          0          80                 2,00               40             1,00                     40         40         20         -------------------- 100,00
11         40         0          0          80                 2,00               40             1,00                     40         40         20         -------------------- 100,00
12         20         0          20         60                 1,50               40             1,00                     40         40         20         ---------- 50,00           
13         40         0          0          80                 2,00               40             1,00                     40         40         20         -------------------- 100,00
14         12         0          8          40                 2,00               20             1,00                     20         20         20         ------------ 60,00         
16         17         0          3          40                 2,00               20             1,00                     20         20         20         ----------------- 85,00    
17         11         0          9          40                 2,00               20             1,00                     20         20         20         ------------ 55,00         
18         14         0          6          40                 2,00               20             1,00                     20         20         20         -------------- 70,00       
19         20         0          0          20                 1,00               20             1,00                     20         20         20         -------------------- 100,00
20         13         0          8          41                 1,95               20             0,95                     21         21         20         ------------- 61,90        
21         0          0          0          0                  NaN                0              NaN                      0          0          20         NaN                        
22         0          0          0          0                  NaN                0              NaN                      0          0          20         NaN                        
23         0          0          0          0                  NaN                0              NaN                      0          0          20         NaN                        
24         0          0          0          0                  NaN                0              NaN                      0          0          20         NaN                        
25         0          0          0          0                  NaN                0              NaN                      0          0          20         NaN                        
26         0          0          0          0                  NaN                0              NaN                      0          0          20         NaN                        
27         0          0          0          0                  NaN                0              NaN                      0          0          20         NaN                        
29         11         0          9          20                 1,00               20             1,00                     20         20         20         ------------ 55,00         
30         12         0          8          20                 1,00               20             1,00                     20         20         20         ------------ 60,00         
31         16         0          4          20                 1,00               20             1,00                     20         20         20         ---------------- 80,00     
33         7          0          0          1                  0,14               1              0,14                     7          7          20         -------------------- 100,00
34         2          0          1          1                  0,33               1              0,33                     3          3          20         -------------- 66,67       
37         2          0          3          3                  0,60               3              0,60                     5          5          20         -------- 40,00             
38         5          1          0          1                  0,17               1              0,17                     6          6          20         ----------------- 83,33    
39         6          0          0          0                  0,00               0              0,00                     6          6          20         NaN                        
40         3          0          2          2                  0,40               2              0,40                     5          5          20         ------------ 60,00         
41         8          0          4          4                  0,33               4              0,33                     12         12         20         -------------- 66,67       
42         6          0          1          1                  0,14               1              0,14                     7          7          20         ------------------ 85,71   
43         16         0          0          9                  0,56               9              0,56                     16         16         20         -------------------- 100,00
44         14         0          0          10                 0,71               10             0,71                     14         14         20         -------------------- 100,00
46         0          0          0          0                  NaN                0              NaN                      0          0          20         NaN                        
47         0          0          0          0                  NaN                0              NaN                      0          0          20         NaN                        
48         0          0          0          0                  NaN                0              NaN                      0          0          20         NaN                        
49         0          0          0          0                  NaN                0              NaN                      0          0          20         NaN                        
50         0          0          0          0                  NaN                0              NaN                      0          0          20         NaN                        
51         0          0          0          0                  NaN                0              NaN                      0          0          20         NaN                        
52         9          11         0          20                 1,00               20             1,00                     20         20         20         --------- 45,00            
53         9          11         0          20                 1,00               20             1,00                     20         20         20         --------- 45,00            
54         9          11         0          20                 1,00               20             1,00                     20         20         20         --------- 45,00            
56         0          0          11         11                 1,00               11             1,00                     11         11         20          0,00                      
57         0          11         0          11                 1,00               11             1,00                     11         11         20          0,00                      
58         0          0          11         11                 1,00               11             1,00                     11         11         20          0,00                      
59         0          0          11         11                 1,00               11             1,00                     11         11         20          0,00                      
60         0          0          11         11                 1,00               11             1,00                     11         11         20          0,00                      
61         0          0          11         11                 1,00               11             1,00                     11         11         20          0,00                      
62         40         0          0          80                 2,00               40             1,00                     40         40         20         -------------------- 100,00
63         40         0          0          80                 2,00               40             1,00                     40         40         20         -------------------- 100,00
64         40         0          0          80                 2,00               40             1,00                     40         40         20         -------------------- 100,00
65         40         0          0          80                 2,00               40             1,00                     40         40         20         -------------------- 100,00
67         20         0          20         80                 2,00               40             1,00                     40         40         20         ---------- 50,00           
68         40         0          0          80                 2,00               40             1,00                     40         40         20         -------------------- 100,00
69         40         0          0          80                 2,00               40             1,00                     40         40         20         -------------------- 100,00
70         40         0          0          80                 2,00               40             1,00                     40         40         20         -------------------- 100,00
74         40         0          0          80                 2,00               40             1,00                     40         40         20         -------------------- 100,00
75         40         0          0          80                 2,00               40             1,00                     40         40         20         -------------------- 100,00
77         40         0          0          80                 2,00               40             1,00                     40         40         20         -------------------- 100,00
78         40         0          0          80                 2,00               40             1,00                     40         40         20         -------------------- 100,00
81         0          0          0          0                  NaN                0              NaN                      0          0          20         NaN                        
82         0          0          0          0                  NaN                0              NaN                      0          0          20         NaN                        
83         0          0          0          0                  NaN                0              NaN                      0          0          20         NaN                        
84         0          0          0          0                  NaN                0              NaN                      0          0          20         NaN                        
85         0          0          40         60                 1,50               40             1,00                     40         40         20          0,00                      
86         0          0          40         60                 1,50               40             1,00                     40         40         20          0,00                      
87         40         0          0          80                 2,00               40             1,00                     40         40         20         -------------------- 100,00
