aggregate data per location for random rate = 0.01 and with Perturbator = NEGB
Exploration Boolean Negation
19 perturbation point.
NEGB : negation of boolean value.
100 string of 64 bytes
Generated with 23 as seed
IndexLoc   #Success   #Failure   #Exception #CallAllExecs      AvgCallPerExec     #Perturbations AvgPerturbationPerExec   #Execs     #Tasks     %Success                   
1          492        5          3          2000               4,00               19             0,04                     500        100        -------------------- 98,40 
15         495        5          0          506                1,01               2              0,00                     500        100        -------------------- 99,00 
28         492        8          0          1000               2,00               6              0,01                     500        100        -------------------- 98,40 
32         493        5          2          500                1,00               2              0,00                     500        100        -------------------- 98,60 
35         494        5          1          163                0,33               1              0,00                     500        100        -------------------- 98,80 
36         493        7          0          500                1,00               2              0,00                     500        100        -------------------- 98,60 
45         495        5          0          346                0,69               2              0,00                     500        100        -------------------- 99,00 
55         493        7          0          500                1,00               2              0,00                     500        100        -------------------- 98,60 
66         489        5          6          996                1,99               6              0,01                     500        100        -------------------- 97,80 
71         492        5          3          1000               2,00               6              0,01                     500        100        -------------------- 98,40 
72         495        5          0          0                  0,00               0              0,00                     500        100        NaN                        
73         489        5          6          996                1,99               6              0,01                     500        100        -------------------- 97,80 
76         495        5          0          1000               2,00               6              0,01                     500        100        -------------------- 99,00 
79         495        5          0          1000               2,00               6              0,01                     500        100        -------------------- 99,00 
80         495        5          0          1000               2,00               6              0,01                     500        100        -------------------- 99,00 
88         489        5          6          996                1,99               6              0,01                     500        100        -------------------- 97,80 
89         492        5          3          1000               2,00               6              0,01                     500        100        -------------------- 98,40 
90         489        5          6          996                1,99               6              0,01                     500        100        -------------------- 97,80 
91         492        8          0          1000               2,00               6              0,01                     500        100        -------------------- 98,40 
