detail per task and per Perturbator.
Exploration Boolean Negation
19 perturbation point.
NEGB : negation of boolean value.
20 string of 64 bytes
Generated with 23 as seed
Task       Perturbator IndexLoc   #Success   #Failure   #Exception #Call      #Perturbations %Success                   
0          NEGB       1          3          0          1          16         4              --------------- 75,00      
0          NEGB       15         1          0          0          1          1              -------------------- 100,00
0          NEGB       28         1          1          0          4          2              ---------- 50,00           
0          NEGB       32         1          0          0          1          1              -------------------- 100,00
0          NEGB       35         1          0          0          0          0              NaN                        
0          NEGB       36         0          0          1          1          1               0,00                      
0          NEGB       45         0          0          0          0          0              NaN                        
0          NEGB       55         0          1          0          1          1               0,00                      
0          NEGB       66         0          0          2          3          2               0,00                      
0          NEGB       71         1          0          1          4          2              ---------- 50,00           
0          NEGB       72         0          0          0          0          0              NaN                        
0          NEGB       73         0          0          2          3          2               0,00                      
0          NEGB       76         2          0          0          4          2              -------------------- 100,00
0          NEGB       79         2          0          0          4          2              -------------------- 100,00
0          NEGB       80         2          0          0          4          2              -------------------- 100,00
0          NEGB       88         0          0          2          3          2               0,00                      
0          NEGB       89         1          0          1          4          2              ---------- 50,00           
0          NEGB       90         0          0          2          3          2               0,00                      
0          NEGB       91         1          1          0          4          2              ---------- 50,00           
1          NEGB       1          3          0          1          16         4              --------------- 75,00      
1          NEGB       15         1          0          0          1          1              -------------------- 100,00
1          NEGB       28         1          1          0          4          2              ---------- 50,00           
1          NEGB       32         1          0          0          1          1              -------------------- 100,00
1          NEGB       35         0          0          0          0          0              NaN                        
1          NEGB       36         0          1          0          1          1               0,00                      
1          NEGB       45         0          0          0          0          0              NaN                        
1          NEGB       55         0          1          0          1          1               0,00                      
1          NEGB       66         0          0          2          3          2               0,00                      
1          NEGB       71         1          0          1          4          2              ---------- 50,00           
1          NEGB       72         0          0          0          0          0              NaN                        
1          NEGB       73         0          0          2          3          2               0,00                      
1          NEGB       76         2          0          0          4          2              -------------------- 100,00
1          NEGB       79         2          0          0          4          2              -------------------- 100,00
1          NEGB       80         2          0          0          4          2              -------------------- 100,00
1          NEGB       88         0          0          2          3          2               0,00                      
1          NEGB       89         1          0          1          4          2              ---------- 50,00           
1          NEGB       90         0          0          2          3          2               0,00                      
1          NEGB       91         1          1          0          4          2              ---------- 50,00           
2          NEGB       1          3          0          1          16         4              --------------- 75,00      
2          NEGB       15         1          0          0          1          1              -------------------- 100,00
2          NEGB       28         1          1          0          4          2              ---------- 50,00           
2          NEGB       32         0          0          1          1          1               0,00                      
2          NEGB       35         1          0          0          0          0              NaN                        
2          NEGB       36         0          1          0          1          1               0,00                      
2          NEGB       45         0          0          0          0          0              NaN                        
2          NEGB       55         0          1          0          1          1               0,00                      
2          NEGB       66         0          0          2          3          2               0,00                      
2          NEGB       71         1          0          1          4          2              ---------- 50,00           
2          NEGB       72         0          0          0          0          0              NaN                        
2          NEGB       73         0          0          2          3          2               0,00                      
2          NEGB       76         2          0          0          4          2              -------------------- 100,00
2          NEGB       79         2          0          0          4          2              -------------------- 100,00
2          NEGB       80         2          0          0          4          2              -------------------- 100,00
2          NEGB       88         0          0          2          3          2               0,00                      
2          NEGB       89         1          0          1          4          2              ---------- 50,00           
2          NEGB       90         0          0          2          3          2               0,00                      
2          NEGB       91         1          1          0          4          2              ---------- 50,00           
3          NEGB       1          3          0          1          16         4              --------------- 75,00      
3          NEGB       15         1          0          0          1          1              -------------------- 100,00
3          NEGB       28         1          1          0          4          2              ---------- 50,00           
3          NEGB       32         0          0          1          1          1               0,00                      
3          NEGB       35         1          0          0          0          0              NaN                        
3          NEGB       36         0          1          0          1          1               0,00                      
3          NEGB       45         1          0          0          1          1              -------------------- 100,00
3          NEGB       55         0          1          0          1          1               0,00                      
3          NEGB       66         0          0          2          3          2               0,00                      
3          NEGB       71         1          0          1          4          2              ---------- 50,00           
3          NEGB       72         0          0          0          0          0              NaN                        
3          NEGB       73         0          0          2          3          2               0,00                      
3          NEGB       76         2          0          0          4          2              -------------------- 100,00
3          NEGB       79         2          0          0          4          2              -------------------- 100,00
3          NEGB       80         2          0          0          4          2              -------------------- 100,00
3          NEGB       88         0          0          2          3          2               0,00                      
3          NEGB       89         1          0          1          4          2              ---------- 50,00           
3          NEGB       90         0          0          2          3          2               0,00                      
3          NEGB       91         1          1          0          4          2              ---------- 50,00           
4          NEGB       1          3          0          1          16         4              --------------- 75,00      
4          NEGB       15         1          0          0          1          1              -------------------- 100,00
4          NEGB       28         1          1          0          4          2              ---------- 50,00           
4          NEGB       32         1          0          0          1          1              -------------------- 100,00
4          NEGB       35         0          0          0          0          0              NaN                        
4          NEGB       36         0          0          1          1          1               0,00                      
4          NEGB       45         1          0          0          1          1              -------------------- 100,00
4          NEGB       55         0          1          0          1          1               0,00                      
4          NEGB       66         0          0          2          3          2               0,00                      
4          NEGB       71         1          0          1          4          2              ---------- 50,00           
4          NEGB       72         0          0          0          0          0              NaN                        
4          NEGB       73         0          0          2          3          2               0,00                      
4          NEGB       76         2          0          0          4          2              -------------------- 100,00
4          NEGB       79         2          0          0          4          2              -------------------- 100,00
4          NEGB       80         2          0          0          4          2              -------------------- 100,00
4          NEGB       88         0          0          2          3          2               0,00                      
4          NEGB       89         1          0          1          4          2              ---------- 50,00           
4          NEGB       90         0          0          2          3          2               0,00                      
4          NEGB       91         1          1          0          4          2              ---------- 50,00           
5          NEGB       1          3          0          1          16         4              --------------- 75,00      
5          NEGB       15         1          0          0          1          1              -------------------- 100,00
5          NEGB       28         1          1          0          4          2              ---------- 50,00           
5          NEGB       32         0          0          1          1          1               0,00                      
5          NEGB       35         0          0          0          0          0              NaN                        
5          NEGB       36         0          1          0          1          1               0,00                      
5          NEGB       45         1          0          0          1          1              -------------------- 100,00
5          NEGB       55         0          1          0          1          1               0,00                      
5          NEGB       66         0          0          2          3          2               0,00                      
5          NEGB       71         1          0          1          4          2              ---------- 50,00           
5          NEGB       72         0          0          0          0          0              NaN                        
5          NEGB       73         0          0          2          3          2               0,00                      
5          NEGB       76         2          0          0          4          2              -------------------- 100,00
5          NEGB       79         2          0          0          4          2              -------------------- 100,00
5          NEGB       80         2          0          0          4          2              -------------------- 100,00
5          NEGB       88         0          0          2          3          2               0,00                      
5          NEGB       89         1          0          1          4          2              ---------- 50,00           
5          NEGB       90         0          0          2          3          2               0,00                      
5          NEGB       91         1          1          0          4          2              ---------- 50,00           
6          NEGB       1          3          0          1          16         4              --------------- 75,00      
6          NEGB       15         1          0          0          1          1              -------------------- 100,00
6          NEGB       28         1          1          0          4          2              ---------- 50,00           
6          NEGB       32         0          0          1          1          1               0,00                      
6          NEGB       35         0          0          0          0          0              NaN                        
6          NEGB       36         0          1          0          1          1               0,00                      
6          NEGB       45         1          0          0          1          1              -------------------- 100,00
6          NEGB       55         0          1          0          1          1               0,00                      
6          NEGB       66         0          0          2          3          2               0,00                      
6          NEGB       71         1          0          1          4          2              ---------- 50,00           
6          NEGB       72         0          0          0          0          0              NaN                        
6          NEGB       73         0          0          2          3          2               0,00                      
6          NEGB       76         2          0          0          4          2              -------------------- 100,00
6          NEGB       79         2          0          0          4          2              -------------------- 100,00
6          NEGB       80         2          0          0          4          2              -------------------- 100,00
6          NEGB       88         0          0          2          3          2               0,00                      
6          NEGB       89         1          0          1          4          2              ---------- 50,00           
6          NEGB       90         0          0          2          3          2               0,00                      
6          NEGB       91         1          1          0          4          2              ---------- 50,00           
7          NEGB       1          3          0          1          16         4              --------------- 75,00      
7          NEGB       15         1          0          0          1          1              -------------------- 100,00
7          NEGB       28         1          1          0          4          2              ---------- 50,00           
7          NEGB       32         1          0          0          1          1              -------------------- 100,00
7          NEGB       35         0          0          1          1          1               0,00                      
7          NEGB       36         0          1          0          1          1               0,00                      
7          NEGB       45         1          0          0          1          1              -------------------- 100,00
7          NEGB       55         0          1          0          1          1               0,00                      
7          NEGB       66         0          0          2          3          2               0,00                      
7          NEGB       71         1          0          1          4          2              ---------- 50,00           
7          NEGB       72         0          0          0          0          0              NaN                        
7          NEGB       73         0          0          2          3          2               0,00                      
7          NEGB       76         2          0          0          4          2              -------------------- 100,00
7          NEGB       79         2          0          0          4          2              -------------------- 100,00
7          NEGB       80         2          0          0          4          2              -------------------- 100,00
7          NEGB       88         0          0          2          3          2               0,00                      
7          NEGB       89         1          0          1          4          2              ---------- 50,00           
7          NEGB       90         0          0          2          3          2               0,00                      
7          NEGB       91         1          1          0          4          2              ---------- 50,00           
8          NEGB       1          3          0          1          16         4              --------------- 75,00      
8          NEGB       15         1          0          0          1          1              -------------------- 100,00
8          NEGB       28         1          1          0          4          2              ---------- 50,00           
8          NEGB       32         1          0          0          1          1              -------------------- 100,00
8          NEGB       35         0          0          0          0          0              NaN                        
8          NEGB       36         0          1          0          1          1               0,00                      
8          NEGB       45         1          0          0          1          1              -------------------- 100,00
8          NEGB       55         0          1          0          1          1               0,00                      
8          NEGB       66         0          0          2          3          2               0,00                      
8          NEGB       71         1          0          1          4          2              ---------- 50,00           
8          NEGB       72         0          0          0          0          0              NaN                        
8          NEGB       73         0          0          2          3          2               0,00                      
8          NEGB       76         2          0          0          4          2              -------------------- 100,00
8          NEGB       79         2          0          0          4          2              -------------------- 100,00
8          NEGB       80         2          0          0          4          2              -------------------- 100,00
8          NEGB       88         0          0          2          3          2               0,00                      
8          NEGB       89         1          0          1          4          2              ---------- 50,00           
8          NEGB       90         0          0          2          3          2               0,00                      
8          NEGB       91         1          1          0          4          2              ---------- 50,00           
9          NEGB       1          3          0          1          16         4              --------------- 75,00      
9          NEGB       15         1          0          0          1          1              -------------------- 100,00
9          NEGB       28         1          1          0          4          2              ---------- 50,00           
9          NEGB       32         1          0          0          1          1              -------------------- 100,00
9          NEGB       35         1          0          0          0          0              NaN                        
9          NEGB       36         0          0          1          1          1               0,00                      
9          NEGB       45         0          0          0          0          0              NaN                        
9          NEGB       55         0          1          0          1          1               0,00                      
9          NEGB       66         0          0          2          3          2               0,00                      
9          NEGB       71         1          0          1          4          2              ---------- 50,00           
9          NEGB       72         0          0          0          0          0              NaN                        
9          NEGB       73         0          0          2          3          2               0,00                      
9          NEGB       76         2          0          0          4          2              -------------------- 100,00
9          NEGB       79         2          0          0          4          2              -------------------- 100,00
9          NEGB       80         2          0          0          4          2              -------------------- 100,00
9          NEGB       88         0          0          2          3          2               0,00                      
9          NEGB       89         1          0          1          4          2              ---------- 50,00           
9          NEGB       90         0          0          2          3          2               0,00                      
9          NEGB       91         1          1          0          4          2              ---------- 50,00           
10         NEGB       1          3          0          1          16         4              --------------- 75,00      
10         NEGB       15         1          0          0          1          1              -------------------- 100,00
10         NEGB       28         1          1          0          4          2              ---------- 50,00           
10         NEGB       32         0          0          1          1          1               0,00                      
10         NEGB       35         0          0          0          0          0              NaN                        
10         NEGB       36         0          0          1          1          1               0,00                      
10         NEGB       45         1          0          0          1          1              -------------------- 100,00
10         NEGB       55         0          1          0          1          1               0,00                      
10         NEGB       66         0          0          2          3          2               0,00                      
10         NEGB       71         1          0          1          4          2              ---------- 50,00           
10         NEGB       72         0          0          0          0          0              NaN                        
10         NEGB       73         0          0          2          3          2               0,00                      
10         NEGB       76         2          0          0          4          2              -------------------- 100,00
10         NEGB       79         2          0          0          4          2              -------------------- 100,00
10         NEGB       80         2          0          0          4          2              -------------------- 100,00
10         NEGB       88         0          0          2          3          2               0,00                      
10         NEGB       89         1          0          1          4          2              ---------- 50,00           
10         NEGB       90         0          0          2          3          2               0,00                      
10         NEGB       91         1          1          0          4          2              ---------- 50,00           
11         NEGB       1          3          0          1          16         4              --------------- 75,00      
11         NEGB       15         1          0          0          1          1              -------------------- 100,00
11         NEGB       28         1          1          0          4          2              ---------- 50,00           
11         NEGB       32         1          0          0          1          1              -------------------- 100,00
11         NEGB       35         1          0          0          0          0              NaN                        
11         NEGB       36         0          0          1          1          1               0,00                      
11         NEGB       45         1          0          0          1          1              -------------------- 100,00
11         NEGB       55         0          1          0          1          1               0,00                      
11         NEGB       66         0          0          2          3          2               0,00                      
11         NEGB       71         1          0          1          4          2              ---------- 50,00           
11         NEGB       72         0          0          0          0          0              NaN                        
11         NEGB       73         0          0          2          3          2               0,00                      
11         NEGB       76         2          0          0          4          2              -------------------- 100,00
11         NEGB       79         2          0          0          4          2              -------------------- 100,00
11         NEGB       80         2          0          0          4          2              -------------------- 100,00
11         NEGB       88         0          0          2          3          2               0,00                      
11         NEGB       89         1          0          1          4          2              ---------- 50,00           
11         NEGB       90         0          0          2          3          2               0,00                      
11         NEGB       91         1          1          0          4          2              ---------- 50,00           
12         NEGB       1          3          0          1          16         4              --------------- 75,00      
12         NEGB       15         1          0          0          1          1              -------------------- 100,00
12         NEGB       28         1          1          0          4          2              ---------- 50,00           
12         NEGB       32         0          0          1          1          1               0,00                      
12         NEGB       35         0          0          1          1          1               0,00                      
12         NEGB       36         0          1          0          1          1               0,00                      
12         NEGB       45         0          0          0          0          0              NaN                        
12         NEGB       55         0          1          0          1          1               0,00                      
12         NEGB       66         0          0          2          3          2               0,00                      
12         NEGB       71         1          0          1          4          2              ---------- 50,00           
12         NEGB       72         0          0          0          0          0              NaN                        
12         NEGB       73         0          0          2          3          2               0,00                      
12         NEGB       76         2          0          0          4          2              -------------------- 100,00
12         NEGB       79         2          0          0          4          2              -------------------- 100,00
12         NEGB       80         2          0          0          4          2              -------------------- 100,00
12         NEGB       88         0          0          2          3          2               0,00                      
12         NEGB       89         1          0          1          4          2              ---------- 50,00           
12         NEGB       90         0          0          2          3          2               0,00                      
12         NEGB       91         1          1          0          4          2              ---------- 50,00           
13         NEGB       1          3          0          1          16         4              --------------- 75,00      
13         NEGB       15         1          0          0          1          1              -------------------- 100,00
13         NEGB       28         1          1          0          4          2              ---------- 50,00           
13         NEGB       32         0          0          1          1          1               0,00                      
13         NEGB       35         0          0          0          0          0              NaN                        
13         NEGB       36         0          1          0          1          1               0,00                      
13         NEGB       45         1          0          0          1          1              -------------------- 100,00
13         NEGB       55         0          1          0          1          1               0,00                      
13         NEGB       66         0          0          2          3          2               0,00                      
13         NEGB       71         1          0          1          4          2              ---------- 50,00           
13         NEGB       72         0          0          0          0          0              NaN                        
13         NEGB       73         0          0          2          3          2               0,00                      
13         NEGB       76         2          0          0          4          2              -------------------- 100,00
13         NEGB       79         2          0          0          4          2              -------------------- 100,00
13         NEGB       80         2          0          0          4          2              -------------------- 100,00
13         NEGB       88         0          0          2          3          2               0,00                      
13         NEGB       89         1          0          1          4          2              ---------- 50,00           
13         NEGB       90         0          0          2          3          2               0,00                      
13         NEGB       91         1          1          0          4          2              ---------- 50,00           
14         NEGB       1          3          0          1          16         4              --------------- 75,00      
14         NEGB       15         1          0          0          1          1              -------------------- 100,00
14         NEGB       28         1          1          0          4          2              ---------- 50,00           
14         NEGB       32         1          0          0          1          1              -------------------- 100,00
14         NEGB       35         0          0          0          0          0              NaN                        
14         NEGB       36         0          1          0          1          1               0,00                      
14         NEGB       45         1          0          0          1          1              -------------------- 100,00
14         NEGB       55         0          1          0          1          1               0,00                      
14         NEGB       66         0          0          2          3          2               0,00                      
14         NEGB       71         1          0          1          4          2              ---------- 50,00           
14         NEGB       72         0          0          0          0          0              NaN                        
14         NEGB       73         0          0          2          3          2               0,00                      
14         NEGB       76         2          0          0          4          2              -------------------- 100,00
14         NEGB       79         2          0          0          4          2              -------------------- 100,00
14         NEGB       80         2          0          0          4          2              -------------------- 100,00
14         NEGB       88         0          0          2          3          2               0,00                      
14         NEGB       89         1          0          1          4          2              ---------- 50,00           
14         NEGB       90         0          0          2          3          2               0,00                      
14         NEGB       91         1          1          0          4          2              ---------- 50,00           
15         NEGB       1          3          0          1          16         4              --------------- 75,00      
15         NEGB       15         1          0          0          1          1              -------------------- 100,00
15         NEGB       28         1          1          0          4          2              ---------- 50,00           
15         NEGB       32         1          0          0          1          1              -------------------- 100,00
15         NEGB       35         0          0          0          0          0              NaN                        
15         NEGB       36         0          1          0          1          1               0,00                      
15         NEGB       45         1          0          0          1          1              -------------------- 100,00
15         NEGB       55         0          1          0          1          1               0,00                      
15         NEGB       66         0          0          2          3          2               0,00                      
15         NEGB       71         1          0          1          4          2              ---------- 50,00           
15         NEGB       72         0          0          0          0          0              NaN                        
15         NEGB       73         0          0          2          3          2               0,00                      
15         NEGB       76         2          0          0          4          2              -------------------- 100,00
15         NEGB       79         2          0          0          4          2              -------------------- 100,00
15         NEGB       80         2          0          0          4          2              -------------------- 100,00
15         NEGB       88         0          0          2          3          2               0,00                      
15         NEGB       89         1          0          1          4          2              ---------- 50,00           
15         NEGB       90         0          0          2          3          2               0,00                      
15         NEGB       91         1          1          0          4          2              ---------- 50,00           
16         NEGB       1          3          0          1          16         4              --------------- 75,00      
16         NEGB       15         1          0          0          1          1              -------------------- 100,00
16         NEGB       28         1          1          0          4          2              ---------- 50,00           
16         NEGB       32         1          0          0          1          1              -------------------- 100,00
16         NEGB       35         0          0          0          0          0              NaN                        
16         NEGB       36         0          1          0          1          1               0,00                      
16         NEGB       45         1          0          0          1          1              -------------------- 100,00
16         NEGB       55         0          1          0          1          1               0,00                      
16         NEGB       66         0          0          2          3          2               0,00                      
16         NEGB       71         1          0          1          4          2              ---------- 50,00           
16         NEGB       72         0          0          0          0          0              NaN                        
16         NEGB       73         0          0          2          3          2               0,00                      
16         NEGB       76         2          0          0          4          2              -------------------- 100,00
16         NEGB       79         2          0          0          4          2              -------------------- 100,00
16         NEGB       80         2          0          0          4          2              -------------------- 100,00
16         NEGB       88         0          0          2          3          2               0,00                      
16         NEGB       89         1          0          1          4          2              ---------- 50,00           
16         NEGB       90         0          0          2          3          2               0,00                      
16         NEGB       91         1          1          0          4          2              ---------- 50,00           
17         NEGB       1          3          0          1          16         4              --------------- 75,00      
17         NEGB       15         1          0          0          1          1              -------------------- 100,00
17         NEGB       28         1          1          0          4          2              ---------- 50,00           
17         NEGB       32         1          0          0          1          1              -------------------- 100,00
17         NEGB       35         0          0          0          0          0              NaN                        
17         NEGB       36         0          1          0          1          1               0,00                      
17         NEGB       45         1          0          0          0          0              NaN                        
17         NEGB       55         0          1          0          1          1               0,00                      
17         NEGB       66         0          0          2          3          2               0,00                      
17         NEGB       71         1          0          1          4          2              ---------- 50,00           
17         NEGB       72         0          0          0          0          0              NaN                        
17         NEGB       73         0          0          2          3          2               0,00                      
17         NEGB       76         2          0          0          4          2              -------------------- 100,00
17         NEGB       79         2          0          0          4          2              -------------------- 100,00
17         NEGB       80         2          0          0          4          2              -------------------- 100,00
17         NEGB       88         0          0          2          3          2               0,00                      
17         NEGB       89         1          0          1          4          2              ---------- 50,00           
17         NEGB       90         0          0          2          3          2               0,00                      
17         NEGB       91         1          1          0          4          2              ---------- 50,00           
18         NEGB       1          3          0          1          16         4              --------------- 75,00      
18         NEGB       15         1          0          0          1          1              -------------------- 100,00
18         NEGB       28         1          1          0          4          2              ---------- 50,00           
18         NEGB       32         1          0          0          1          1              -------------------- 100,00
18         NEGB       35         0          0          1          1          1               0,00                      
18         NEGB       36         0          1          0          1          1               0,00                      
18         NEGB       45         0          0          0          0          0              NaN                        
18         NEGB       55         0          1          0          1          1               0,00                      
18         NEGB       66         0          0          2          3          2               0,00                      
18         NEGB       71         1          0          1          4          2              ---------- 50,00           
18         NEGB       72         0          0          0          0          0              NaN                        
18         NEGB       73         0          0          2          3          2               0,00                      
18         NEGB       76         2          0          0          4          2              -------------------- 100,00
18         NEGB       79         2          0          0          4          2              -------------------- 100,00
18         NEGB       80         2          0          0          4          2              -------------------- 100,00
18         NEGB       88         0          0          2          3          2               0,00                      
18         NEGB       89         1          0          1          4          2              ---------- 50,00           
18         NEGB       90         0          0          2          3          2               0,00                      
18         NEGB       91         1          1          0          4          2              ---------- 50,00           
19         NEGB       1          3          0          1          16         4              --------------- 75,00      
19         NEGB       15         1          0          0          1          1              -------------------- 100,00
19         NEGB       28         1          1          0          4          2              ---------- 50,00           
19         NEGB       32         1          0          0          1          1              -------------------- 100,00
19         NEGB       35         0          0          0          0          0              NaN                        
19         NEGB       36         0          1          0          1          1               0,00                      
19         NEGB       45         0          0          0          0          0              NaN                        
19         NEGB       55         0          1          0          1          1               0,00                      
19         NEGB       66         0          0          2          3          2               0,00                      
19         NEGB       71         1          0          1          4          2              ---------- 50,00           
19         NEGB       72         0          0          0          0          0              NaN                        
19         NEGB       73         0          0          2          3          2               0,00                      
19         NEGB       76         2          0          0          4          2              -------------------- 100,00
19         NEGB       79         2          0          0          4          2              -------------------- 100,00
19         NEGB       80         2          0          0          4          2              -------------------- 100,00
19         NEGB       88         0          0          2          3          2               0,00                      
19         NEGB       89         1          0          1          4          2              ---------- 50,00           
19         NEGB       90         0          0          2          3          2               0,00                      
19         NEGB       91         1          1          0          4          2              ---------- 50,00           
