aggregate data per location for random rate = 0.005 and with Perturbator = NEGB
Exploration Boolean Negation
19 perturbation point.
NEGB : negation of boolean value.
100 string of 64 bytes
Generated with 23 as seed
IndexLoc   #Success   #Failure   #Exception #CallAllExecs      AvgCallPerExec     #Perturbations AvgPerturbationPerExec   #Execs     #Tasks     %Success                   
1          493        5          2          2000               4,00               9              0,02                     500        100        -------------------- 98,60 
15         495        5          0          502                1,00               1              0,00                     500        100        -------------------- 99,00 
28         493        7          0          1000               2,00               2              0,00                     500        100        -------------------- 98,60 
32         495        5          0          500                1,00               1              0,00                     500        100        -------------------- 99,00 
35         494        5          1          167                0,33               1              0,00                     500        100        -------------------- 98,80 
36         494        6          0          500                1,00               1              0,00                     500        100        -------------------- 98,80 
45         495        5          0          349                0,70               1              0,00                     500        100        -------------------- 99,00 
55         494        6          0          500                1,00               1              0,00                     500        100        -------------------- 98,80 
66         493        5          2          1000               2,00               2              0,00                     500        100        -------------------- 98,60 
71         493        5          2          1000               2,00               2              0,00                     500        100        -------------------- 98,60 
72         495        5          0          0                  0,00               0              0,00                     500        100        NaN                        
73         493        5          2          1000               2,00               2              0,00                     500        100        -------------------- 98,60 
76         495        5          0          1000               2,00               2              0,00                     500        100        -------------------- 99,00 
79         495        5          0          1000               2,00               2              0,00                     500        100        -------------------- 99,00 
80         495        5          0          1000               2,00               2              0,00                     500        100        -------------------- 99,00 
88         493        5          2          1000               2,00               2              0,00                     500        100        -------------------- 98,60 
89         493        5          2          1000               2,00               2              0,00                     500        100        -------------------- 98,60 
90         493        5          2          1000               2,00               2              0,00                     500        100        -------------------- 98,60 
91         493        7          0          1000               2,00               2              0,00                     500        100        -------------------- 98,60 
