aggregate data per location for random rate = 0.1 and with Perturbator = NEGB
Exploration Boolean Negation
19 perturbation point.
NEGB : negation of boolean value.
100 string of 64 bytes
Generated with 23 as seed
IndexLoc   #Success   #Failure   #Exception #CallAllExecs      AvgCallPerExec     #Perturbations AvgPerturbationPerExec   #Execs     #Tasks     %Success                   
1          450        5          45         2000               4,00               206            0,41                     500        100        ------------------ 90,00   
15         495        5          0          501                1,00               57             0,11                     500        100        -------------------- 99,00 
28         441        59         0          1000               2,00               114            0,23                     500        100        ------------------ 88,20   
32         474        5          21         500                1,00               57             0,11                     500        100        ------------------- 94,80  
35         478        5          17         137                0,27               18             0,04                     500        100        -------------------- 95,60 
36         438        49         13         500                1,00               57             0,11                     500        100        ------------------ 87,60   
45         495        5          0          339                0,68               40             0,08                     500        100        -------------------- 99,00 
55         438        62         0          500                1,00               57             0,11                     500        100        ------------------ 87,60   
66         387        3          110        946                1,89               110            0,22                     500        100        ---------------- 77,40     
71         441        5          54         1000               2,00               114            0,23                     500        100        ------------------ 88,20   
72         495        5          0          0                  0,00               0              0,00                     500        100        NaN                        
73         387        3          110        946                1,89               110            0,22                     500        100        ---------------- 77,40     
76         495        5          0          1000               2,00               114            0,23                     500        100        -------------------- 99,00 
79         495        5          0          1000               2,00               114            0,23                     500        100        -------------------- 99,00 
80         495        5          0          1000               2,00               114            0,23                     500        100        -------------------- 99,00 
88         387        3          110        946                1,89               110            0,22                     500        100        ---------------- 77,40     
89         441        5          54         1000               2,00               114            0,23                     500        100        ------------------ 88,20   
90         387        3          110        946                1,89               110            0,22                     500        100        ---------------- 77,40     
91         441        59         0          1000               2,00               114            0,23                     500        100        ------------------ 88,20   
