aggregate data per location for Perturbator = NEGB
Exploration Boolean Negation
19 perturbation point.
NEGB : negation of boolean value.
100 string of 64 bytes
Generated with 23 as seed
IndexLoc   #Success   #Failure   #Exception #CallAllExecs      AvgCallPerExec     #Perturbations AvgPerturbationPerExec   #Execs     #ExecsRef  AvgCallRefPerTask #Tasks     %Success                   
1          297        3          100        1600               4,00               400            1,00                     400        400        4.0               100        --------------- 74,25      
15         100        1          0          101                1,00               100            0,99                     101        101        1.01              100        -------------------- 99,01 
28         99         101        0          400                2,00               200            1,00                     200        200        2.0               100        ---------- 49,50           
32         77         1          22         100                1,00               100            1,00                     100        100        1.0               100        ---------------- 77,00     
35         16         0          8          8                  0,33               8              0,33                     24         24         0.24              100        -------------- 66,67       
36         0          69         31         100                1,00               100            1,00                     100        100        1.0               100         0,00                      
45         76         1          0          59                 0,77               59             0,77                     77         77         0.77              100        -------------------- 98,70 
55         1          99         0          100                1,00               100            1,00                     100        100        1.0               100        - 1,00                     
66         0          0          200        300                1,50               200            1,00                     200        200        2.0               100         0,00                      
71         99         1          100        400                2,00               200            1,00                     200        200        2.0               100        ---------- 49,50           
72         0          0          0          0                  NaN                0              NaN                      0          0          0.0               100        NaN                        
73         0          0          200        300                1,50               200            1,00                     200        200        2.0               100         0,00                      
76         198        2          0          400                2,00               200            1,00                     200        200        2.0               100        -------------------- 99,00 
79         198        2          0          400                2,00               200            1,00                     200        200        2.0               100        -------------------- 99,00 
80         198        2          0          400                2,00               200            1,00                     200        200        2.0               100        -------------------- 99,00 
88         0          0          200        300                1,50               200            1,00                     200        200        2.0               100         0,00                      
89         99         1          100        400                2,00               200            1,00                     200        200        2.0               100        ---------- 49,50           
90         0          0          200        300                1,50               200            1,00                     200        200        2.0               100         0,00                      
91         99         101        0          400                2,00               200            1,00                     200        200        2.0               100        ---------- 49,50           
