aggregate data per location for random rate = 0.05 and with Perturbator = 1
Exploration Plus One
PONE : plus one perturbator
100 string of 64 bytes
Generated with 23 as seed
117 perturbations points
IndexLoc   #Success   #Failure   #Exception #CallAllExecs      AvgCallPerExec     #Perturbations AvgPerturbationPerExec   #Execs     #Tasks     %Success                   
0          500        0          0          2000               4,00               93             0,19                     500        100        -------------------- 100,00
1          500        0          0          2000               4,00               93             0,19                     500        100        -------------------- 100,00
3          500        0          0          1000               2,00               50             0,10                     500        100        -------------------- 100,00
4          500        0          0          1000               2,00               50             0,10                     500        100        -------------------- 100,00
5          500        0          0          1000               2,00               50             0,10                     500        100        -------------------- 100,00
6          500        0          0          1000               2,00               50             0,10                     500        100        -------------------- 100,00
7          500        0          0          1000               2,00               50             0,10                     500        100        -------------------- 100,00
8          500        0          0          1000               2,00               50             0,10                     500        100        -------------------- 100,00
9          500        0          0          1000               2,00               50             0,10                     500        100        -------------------- 100,00
10         500        0          0          1000               2,00               50             0,10                     500        100        -------------------- 100,00
11         500        0          0          1000               2,00               50             0,10                     500        100        -------------------- 100,00
12         500        0          0          1000               2,00               50             0,10                     500        100        -------------------- 100,00
13         475        0          25         975                1,95               50             0,10                     500        100        ------------------- 95,00  
14         500        0          0          1000               2,00               50             0,10                     500        100        -------------------- 100,00
15         500        0          0          500                1,00               24             0,05                     500        100        -------------------- 100,00
16         492        0          8          525                1,05               25             0,05                     500        100        -------------------- 98,40 
18         492        0          8          525                1,05               25             0,05                     500        100        -------------------- 98,40 
19         492        0          8          525                1,05               25             0,05                     500        100        -------------------- 98,40 
20         492        0          8          525                1,05               25             0,05                     500        100        -------------------- 98,40 
21         500        0          0          500                1,00               24             0,05                     500        100        -------------------- 100,00
22         492        0          8          525                1,05               25             0,05                     500        100        -------------------- 98,40 
23         500        0          0          0                  0,00               0              0,00                     500        100        NaN                        
24         500        0          0          0                  0,00               0              0,00                     500        100        NaN                        
25         500        0          0          0                  0,00               0              0,00                     500        100        NaN                        
26         500        0          0          0                  0,00               0              0,00                     500        100        NaN                        
27         500        0          0          0                  0,00               0              0,00                     500        100        NaN                        
28         500        0          0          0                  0,00               0              0,00                     500        100        NaN                        
29         500        0          0          0                  0,00               0              0,00                     500        100        NaN                        
30         451        49         0          1000               2,00               50             0,10                     500        100        ------------------- 90,20  
32         496        0          4          500                1,00               24             0,05                     500        100        -------------------- 99,20 
33         496        0          4          500                1,00               24             0,05                     500        100        -------------------- 99,20 
34         496        0          4          500                1,00               24             0,05                     500        100        -------------------- 99,20 
36         500        0          0          160                0,32               8              0,02                     500        100        -------------------- 100,00
37         492        0          8          160                0,32               8              0,02                     500        100        -------------------- 98,40 
40         492        0          8          160                0,32               8              0,02                     500        100        -------------------- 98,40 
41         492        8          0          160                0,32               8              0,02                     500        100        -------------------- 98,40 
42         492        0          8          160                0,32               8              0,02                     500        100        -------------------- 98,40 
43         492        0          8          160                0,32               8              0,02                     500        100        -------------------- 98,40 
44         492        0          8          160                0,32               8              0,02                     500        100        -------------------- 98,40 
45         492        0          8          160                0,32               8              0,02                     500        100        -------------------- 98,40 
46         500        0          0          340                0,68               16             0,03                     500        100        -------------------- 100,00
47         500        0          0          340                0,68               16             0,03                     500        100        -------------------- 100,00
49         500        0          0          0                  0,00               0              0,00                     500        100        NaN                        
50         500        0          0          0                  0,00               0              0,00                     500        100        NaN                        
51         500        0          0          0                  0,00               0              0,00                     500        100        NaN                        
52         500        0          0          0                  0,00               0              0,00                     500        100        NaN                        
53         500        0          0          0                  0,00               0              0,00                     500        100        NaN                        
54         500        0          0          0                  0,00               0              0,00                     500        100        NaN                        
55         492        8          0          500                1,00               24             0,05                     500        100        -------------------- 98,40 
56         492        8          0          500                1,00               24             0,05                     500        100        -------------------- 98,40 
57         492        8          0          500                1,00               24             0,05                     500        100        -------------------- 98,40 
59         490        0          10         220                0,44               10             0,02                     500        100        -------------------- 98,00 
60         490        10         0          220                0,44               10             0,02                     500        100        -------------------- 98,00 
61         490        0          10         220                0,44               10             0,02                     500        100        -------------------- 98,00 
62         490        0          10         220                0,44               10             0,02                     500        100        -------------------- 98,00 
63         490        0          10         220                0,44               10             0,02                     500        100        -------------------- 98,00 
64         490        0          10         220                0,44               10             0,02                     500        100        -------------------- 98,00 
65         500        0          0          1000               2,00               50             0,10                     500        100        -------------------- 100,00
66         500        0          0          1000               2,00               50             0,10                     500        100        -------------------- 100,00
67         500        0          0          1000               2,00               50             0,10                     500        100        -------------------- 100,00
68         500        0          0          1000               2,00               50             0,10                     500        100        -------------------- 100,00
70         477        0          23         1000               2,00               50             0,10                     500        100        -------------------- 95,40 
71         500        0          0          1000               2,00               50             0,10                     500        100        -------------------- 100,00
72         500        0          0          1000               2,00               50             0,10                     500        100        -------------------- 100,00
73         500        0          0          1000               2,00               50             0,10                     500        100        -------------------- 100,00
78         500        0          0          1000               2,00               50             0,10                     500        100        -------------------- 100,00
79         500        0          0          1000               2,00               50             0,10                     500        100        -------------------- 100,00
81         500        0          0          1000               2,00               50             0,10                     500        100        -------------------- 100,00
82         500        0          0          1000               2,00               50             0,10                     500        100        -------------------- 100,00
85         500        0          0          0                  0,00               0              0,00                     500        100        NaN                        
86         500        0          0          0                  0,00               0              0,00                     500        100        NaN                        
87         500        0          0          0                  0,00               0              0,00                     500        100        NaN                        
88         500        0          0          0                  0,00               0              0,00                     500        100        NaN                        
89         450        0          50         975                1,95               50             0,10                     500        100        ------------------ 90,00   
90         451        49         0          1000               2,00               50             0,10                     500        100        ------------------- 90,20  
91         500        0          0          1000               2,00               50             0,10                     500        100        -------------------- 100,00
92         500        0          0          1000               2,00               50             0,10                     500        100        -------------------- 100,00
93         450        0          50         975                1,95               50             0,10                     500        100        ------------------ 90,00   
94         500        0          0          1000               2,00               50             0,10                     500        100        -------------------- 100,00
96         451        49         0          1000               2,00               50             0,10                     500        100        ------------------- 90,20  
98         476        24         0          500                1,00               24             0,05                     500        100        -------------------- 95,20 
99         476        24         0          500                1,00               24             0,05                     500        100        -------------------- 95,20 
100        476        24         0          500                1,00               24             0,05                     500        100        -------------------- 95,20 
101        476        24         0          500                1,00               24             0,05                     500        100        -------------------- 95,20 
102        476        24         0          500                1,00               24             0,05                     500        100        -------------------- 95,20 
103        476        24         0          500                1,00               24             0,05                     500        100        -------------------- 95,20 
104        476        24         0          500                1,00               24             0,05                     500        100        -------------------- 95,20 
105        476        24         0          500                1,00               24             0,05                     500        100        -------------------- 95,20 
106        476        24         0          500                1,00               24             0,05                     500        100        -------------------- 95,20 
107        476        24         0          500                1,00               24             0,05                     500        100        -------------------- 95,20 
108        476        24         0          500                1,00               24             0,05                     500        100        -------------------- 95,20 
109        476        24         0          500                1,00               24             0,05                     500        100        -------------------- 95,20 
110        476        24         0          500                1,00               24             0,05                     500        100        -------------------- 95,20 
111        476        24         0          500                1,00               24             0,05                     500        100        -------------------- 95,20 
112        476        24         0          500                1,00               24             0,05                     500        100        -------------------- 95,20 
113        476        24         0          500                1,00               24             0,05                     500        100        -------------------- 95,20 
114        476        24         0          500                1,00               24             0,05                     500        100        -------------------- 95,20 
115        476        24         0          500                1,00               24             0,05                     500        100        -------------------- 95,20 
116        476        24         0          500                1,00               24             0,05                     500        100        -------------------- 95,20 
117        476        24         0          500                1,00               24             0,05                     500        100        -------------------- 95,20 
118        476        24         0          500                1,00               24             0,05                     500        100        -------------------- 95,20 
119        476        24         0          500                1,00               24             0,05                     500        100        -------------------- 95,20 
120        476        24         0          500                1,00               24             0,05                     500        100        -------------------- 95,20 
121        476        24         0          500                1,00               24             0,05                     500        100        -------------------- 95,20 
122        476        24         0          500                1,00               24             0,05                     500        100        -------------------- 95,20 
123        476        24         0          500                1,00               24             0,05                     500        100        -------------------- 95,20 
124        476        24         0          500                1,00               24             0,05                     500        100        -------------------- 95,20 
125        476        24         0          500                1,00               24             0,05                     500        100        -------------------- 95,20 
126        476        24         0          500                1,00               24             0,05                     500        100        -------------------- 95,20 
127        476        24         0          500                1,00               24             0,05                     500        100        -------------------- 95,20 
128        476        24         0          500                1,00               24             0,05                     500        100        -------------------- 95,20 
129        476        24         0          500                1,00               24             0,05                     500        100        -------------------- 95,20 
130        476        24         0          500                1,00               24             0,05                     500        100        -------------------- 95,20 
131        476        24         0          500                1,00               24             0,05                     500        100        -------------------- 95,20 
132        476        24         0          500                1,00               24             0,05                     500        100        -------------------- 95,20 
133        476        24         0          500                1,00               24             0,05                     500        100        -------------------- 95,20 
134        476        24         0          500                1,00               24             0,05                     500        100        -------------------- 95,20 
