aggregate data per location for Magnitude = 1
Exploration Plus Magnitude
magnitude value : 1 5 10 20 50 75 100 
73 perturbation point
PM : Numerical Perturbator
100 string of 64 bytes
Generated with 23 as seed
IndexLoc   #Success   #Failure   #Exception #CallAllExecs      AvgCallPerExec     #Perturbations AvgPerturbationPerExec   #Execs     #ExecsRef  AvgCallRefPerTask #Tasks     %Success                   
0          396        4          0          1600               4,00               400            1,00                     400        400        4.0               100        -------------------- 99,00 
2          198        2          0          400                2,00               200            1,00                     200        200        2.0               100        -------------------- 99,00 
3          198        2          0          400                2,00               200            1,00                     200        200        2.0               100        -------------------- 99,00 
4          198        2          0          400                2,00               200            1,00                     200        200        2.0               100        -------------------- 99,00 
5          198        2          0          400                2,00               200            1,00                     200        200        2.0               100        -------------------- 99,00 
6          198        2          0          400                2,00               200            1,00                     200        200        2.0               100        -------------------- 99,00 
7          198        2          0          400                2,00               200            1,00                     200        200        2.0               100        -------------------- 99,00 
8          198        2          0          400                2,00               200            1,00                     200        200        2.0               100        -------------------- 99,00 
9          198        2          0          400                2,00               200            1,00                     200        200        2.0               100        -------------------- 99,00 
10         198        2          0          400                2,00               200            1,00                     200        200        2.0               100        -------------------- 99,00 
11         198        2          0          400                2,00               200            1,00                     200        200        2.0               100        -------------------- 99,00 
12         99         1          100        300                1,50               200            1,00                     200        200        2.0               100        ---------- 49,50           
13         198        2          0          400                2,00               200            1,00                     200        200        2.0               100        -------------------- 99,00 
14         76         1          23         200                2,00               100            1,00                     100        100        1.0               100        ---------------- 76,00     
16         69         1          31         201                1,99               100            0,99                     101        101        1.01              100        -------------- 68,32       
17         69         0          31         200                2,00               100            1,00                     100        100        1.0               100        -------------- 69,00       
18         72         0          29         201                1,99               100            0,99                     101        101        1.01              100        --------------- 71,29      
19         99         1          0          100                1,00               100            1,00                     100        100        1.0               100        -------------------- 99,00 
20         67         0          34         201                1,99               100            0,99                     101        101        1.01              100        -------------- 66,34       
21         0          0          0          0                  NaN                0              NaN                      0          0          0.0               100        NaN                        
22         0          0          0          0                  NaN                0              NaN                      0          0          0.0               100        NaN                        
23         0          0          0          0                  NaN                0              NaN                      0          0          0.0               100        NaN                        
24         0          0          0          0                  NaN                0              NaN                      0          0          0.0               100        NaN                        
25         0          0          0          0                  NaN                0              NaN                      0          0          0.0               100        NaN                        
26         0          0          0          0                  NaN                0              NaN                      0          0          0.0               100        NaN                        
27         0          0          0          0                  NaN                0              NaN                      0          0          0.0               100        NaN                        
29         57         1          42         100                1,00               100            1,00                     100        100        1.0               100        ------------ 57,00         
30         75         0          25         100                1,00               100            1,00                     100        100        1.0               100        --------------- 75,00      
31         70         1          29         100                1,00               100            1,00                     100        100        1.0               100        -------------- 70,00       
33         31         0          0          14                 0,45               14             0,45                     31         31         0.31              100        -------------------- 100,00
34         19         0          11         11                 0,37               11             0,37                     30         30         0.3               100        ------------- 63,33        
37         21         0          8          8                  0,28               8              0,28                     29         29         0.29              100        --------------- 72,41      
38         17         13         0          13                 0,43               13             0,43                     30         30         0.3               100        ------------ 56,67         
39         31         0          7          7                  0,18               7              0,18                     38         38         0.38              100        ----------------- 81,58    
40         23         0          9          9                  0,28               9              0,28                     32         32         0.32              100        --------------- 71,88      
41         30         0          6          6                  0,17               6              0,17                     36         36         0.36              100        ----------------- 83,33    
42         16         0          11         11                 0,41               11             0,41                     27         27         0.27              100        ------------ 59,26         
43         75         0          0          47                 0,63               47             0,63                     75         75         0.75              100        -------------------- 100,00
44         63         1          0          42                 0,66               42             0,66                     64         64         0.64              100        -------------------- 98,44 
46         0          0          0          0                  NaN                0              NaN                      0          0          0.0               100        NaN                        
47         0          0          0          0                  NaN                0              NaN                      0          0          0.0               100        NaN                        
48         1          0          0          0                  0,00               0              0,00                     1          1          0.01              100        NaN                        
49         0          0          0          0                  NaN                0              NaN                      0          0          0.0               100        NaN                        
50         0          0          0          0                  NaN                0              NaN                      0          0          0.0               100        NaN                        
51         0          0          0          0                  NaN                0              NaN                      0          0          0.0               100        NaN                        
52         44         56         0          100                1,00               100            1,00                     100        100        1.0               100        --------- 44,00            
53         44         56         0          100                1,00               100            1,00                     100        100        1.0               100        --------- 44,00            
54         44         56         0          100                1,00               100            1,00                     100        100        1.0               100        --------- 44,00            
56         0          0          57         57                 1,00               57             1,00                     57         57         0.57              100         0,00                      
57         0          57         0          57                 1,00               57             1,00                     57         57         0.57              100         0,00                      
58         0          0          57         57                 1,00               57             1,00                     57         57         0.57              100         0,00                      
59         0          0          57         57                 1,00               57             1,00                     57         57         0.57              100         0,00                      
60         0          0          57         57                 1,00               57             1,00                     57         57         0.57              100         0,00                      
61         0          0          57         57                 1,00               57             1,00                     57         57         0.57              100         0,00                      
62         198        2          0          400                2,00               200            1,00                     200        200        2.0               100        -------------------- 99,00 
63         198        2          0          400                2,00               200            1,00                     200        200        2.0               100        -------------------- 99,00 
64         198        2          0          400                2,00               200            1,00                     200        200        2.0               100        -------------------- 99,00 
65         198        2          0          400                2,00               200            1,00                     200        200        2.0               100        -------------------- 99,00 
67         99         1          100        400                2,00               200            1,00                     200        200        2.0               100        ---------- 49,50           
68         198        2          0          400                2,00               200            1,00                     200        200        2.0               100        -------------------- 99,00 
69         198        2          0          400                2,00               200            1,00                     200        200        2.0               100        -------------------- 99,00 
70         198        2          0          400                2,00               200            1,00                     200        200        2.0               100        -------------------- 99,00 
74         198        2          0          400                2,00               200            1,00                     200        200        2.0               100        -------------------- 99,00 
75         198        2          0          400                2,00               200            1,00                     200        200        2.0               100        -------------------- 99,00 
77         198        2          0          400                2,00               200            1,00                     200        200        2.0               100        -------------------- 99,00 
78         198        2          0          400                2,00               200            1,00                     200        200        2.0               100        -------------------- 99,00 
81         0          0          0          0                  NaN                0              NaN                      0          0          0.0               100        NaN                        
82         0          0          0          0                  NaN                0              NaN                      0          0          0.0               100        NaN                        
83         0          0          0          0                  NaN                0              NaN                      0          0          0.0               100        NaN                        
84         0          0          0          0                  NaN                0              NaN                      0          0          0.0               100        NaN                        
85         0          0          200        300                1,50               200            1,00                     200        200        2.0               100         0,00                      
86         0          0          200        300                1,50               200            1,00                     200        200        2.0               100         0,00                      
87         198        2          0          400                2,00               200            1,00                     200        200        2.0               100        -------------------- 99,00 
