contains the data for build a graph for analysis.
Exploration Plus One
PONE : plus one perturbator
100 string of 64 bytes
Generated with 23 as seed
117 perturbations points
Perturbator IndexLoc   #Perturtions #Success   #Failure   #Exception #Call          %Success                   
1           0          400        400        0          0          1600           -------------------- 100,00
1           1          400        400        0          0          1600           -------------------- 100,00
1           3          200        200        0          0          400            -------------------- 100,00
1           4          200        200        0          0          400            -------------------- 100,00
1           5          200        200        0          0          400            -------------------- 100,00
1           6          200        200        0          0          400            -------------------- 100,00
1           7          200        200        0          0          400            -------------------- 100,00
1           8          200        200        0          0          400            -------------------- 100,00
1           9          200        200        0          0          400            -------------------- 100,00
1           10         200        200        0          0          400            -------------------- 100,00
1           11         200        200        0          0          400            -------------------- 100,00
1           12         200        200        0          0          400            -------------------- 100,00
1           13         200        100        0          100        300            ---------- 50,00           
1           14         200        200        0          0          400            -------------------- 100,00
1           15         100        100        0          0          100            -------------------- 100,00
1           16         100        68         0          32         200            -------------- 68,00       
1           18         100        68         0          32         200            -------------- 68,00       
1           19         100        68         0          32         200            -------------- 68,00       
1           20         100        68         0          32         200            -------------- 68,00       
1           21         100        100        0          0          100            -------------------- 100,00
1           22         100        68         0          32         200            -------------- 68,00       
1           23         0          0          0          0          0              NaN                        
1           24         0          0          0          0          0              NaN                        
1           25         0          0          0          0          0              NaN                        
1           26         0          0          0          0          0              NaN                        
1           27         0          0          0          0          0              NaN                        
1           28         0          0          0          0          0              NaN                        
1           29         0          0          0          0          0              NaN                        
1           30         200        0          200        0          400             0,00                      
1           32         100        68         0          32         100            -------------- 68,00       
1           33         100        68         0          32         100            -------------- 68,00       
1           34         100        68         0          32         100            -------------- 68,00       
1           36         32         32         0          0          32             -------------------- 100,00
1           37         32         0          0          32         32              0,00                      
1           40         32         0          0          32         32              0,00                      
1           41         32         0          32         0          32              0,00                      
1           42         32         0          0          32         32              0,00                      
1           43         32         0          0          32         32              0,00                      
1           44         32         0          0          32         32              0,00                      
1           45         32         0          0          32         32              0,00                      
1           46         68         68         0          0          68             -------------------- 100,00
1           47         68         68         0          0          68             -------------------- 100,00
1           49         0          0          0          0          0              NaN                        
1           50         0          0          0          0          0              NaN                        
1           51         0          0          0          0          0              NaN                        
1           52         0          0          0          0          0              NaN                        
1           53         0          0          0          0          0              NaN                        
1           54         0          0          0          0          0              NaN                        
1           55         100        56         44         0          100            ------------ 56,00         
1           56         100        56         44         0          100            ------------ 56,00         
1           57         100        55         45         0          100            ------------ 55,00         
1           59         44         0          0          44         44              0,00                      
1           60         44         0          44         0          44              0,00                      
1           61         44         0          0          44         44              0,00                      
1           62         44         0          0          44         44              0,00                      
1           63         44         0          0          44         44              0,00                      
1           64         44         0          0          44         44              0,00                      
1           65         200        200        0          0          400            -------------------- 100,00
1           66         200        200        0          0          400            -------------------- 100,00
1           67         200        200        0          0          400            -------------------- 100,00
1           68         200        200        0          0          400            -------------------- 100,00
1           70         200        100        0          100        400            ---------- 50,00           
1           71         200        200        0          0          400            -------------------- 100,00
1           72         200        200        0          0          400            -------------------- 100,00
1           73         200        200        0          0          400            -------------------- 100,00
1           78         200        200        0          0          400            -------------------- 100,00
1           79         200        200        0          0          400            -------------------- 100,00
1           81         200        200        0          0          400            -------------------- 100,00
1           82         200        200        0          0          400            -------------------- 100,00
1           85         0          0          0          0          0              NaN                        
1           86         0          0          0          0          0              NaN                        
1           87         0          0          0          0          0              NaN                        
1           88         0          0          0          0          0              NaN                        
1           89         200        0          0          200        300             0,00                      
1           90         200        0          200        0          400             0,00                      
1           91         200        200        0          0          400            -------------------- 100,00
1           92         200        200        0          0          400            -------------------- 100,00
1           93         200        0          0          200        300             0,00                      
1           94         200        200        0          0          400            -------------------- 100,00
1           96         200        0          200        0          400             0,00                      
1           98         100        0          100        0          100             0,00                      
1           99         100        0          100        0          100             0,00                      
1           100        100        0          100        0          100             0,00                      
1           101        100        0          100        0          100             0,00                      
1           102        100        0          100        0          100             0,00                      
1           103        100        0          100        0          100             0,00                      
1           104        100        0          100        0          100             0,00                      
1           105        100        0          100        0          100             0,00                      
1           106        100        0          100        0          100             0,00                      
1           107        100        0          100        0          100             0,00                      
1           108        100        0          100        0          100             0,00                      
1           109        100        0          100        0          100             0,00                      
1           110        100        0          100        0          100             0,00                      
1           111        100        0          100        0          100             0,00                      
1           112        100        0          100        0          100             0,00                      
1           113        100        0          100        0          100             0,00                      
1           114        100        0          100        0          100             0,00                      
1           115        100        0          100        0          100             0,00                      
1           116        100        0          100        0          100             0,00                      
1           117        100        0          100        0          100             0,00                      
1           118        100        0          100        0          100             0,00                      
1           119        100        0          100        0          100             0,00                      
1           120        100        0          100        0          100             0,00                      
1           121        100        0          100        0          100             0,00                      
1           122        100        0          100        0          100             0,00                      
1           123        100        0          100        0          100             0,00                      
1           124        100        0          100        0          100             0,00                      
1           125        100        0          100        0          100             0,00                      
1           126        100        0          100        0          100             0,00                      
1           127        100        0          100        0          100             0,00                      
1           128        100        0          100        0          100             0,00                      
1           129        100        0          100        0          100             0,00                      
1           130        100        0          100        0          100             0,00                      
1           131        100        0          100        0          100             0,00                      
1           132        100        0          100        0          100             0,00                      
1           133        100        0          100        0          100             0,00                      
1           134        100        0          100        0          100             0,00                      
