aggregate data per location for Magnitude = 50
Exploration Plus Magnitude
magnitude value : 1 5 10 20 50 75 100 
73 perturbation point
PM : Numerical Perturbator
100 string of 64 bytes
Generated with 23 as seed
IndexLoc   #Success   #Failure   #Exception #CallAllExecs      AvgCallPerExec     #Perturbations AvgPerturbationPerExec   #Execs     #ExecsRef  AvgCallRefPerTask #Tasks     %Success                   
0          396        4          0          1600               4,00               400            1,00                     400        400        4.0               100        -------------------- 99,00 
2          198        2          0          400                2,00               200            1,00                     200        200        2.0               100        -------------------- 99,00 
3          198        2          0          400                2,00               200            1,00                     200        200        2.0               100        -------------------- 99,00 
4          198        2          0          400                2,00               200            1,00                     200        200        2.0               100        -------------------- 99,00 
5          99         1          100        300                1,50               200            1,00                     200        200        2.0               100        ---------- 49,50           
6          198        2          0          400                2,00               200            1,00                     200        200        2.0               100        -------------------- 99,00 
7          198        2          0          400                2,00               200            1,00                     200        200        2.0               100        -------------------- 99,00 
8          198        2          0          400                2,00               200            1,00                     200        200        2.0               100        -------------------- 99,00 
9          198        2          0          400                2,00               200            1,00                     200        200        2.0               100        -------------------- 99,00 
10         198        2          0          400                2,00               200            1,00                     200        200        2.0               100        -------------------- 99,00 
11         198        2          0          400                2,00               200            1,00                     200        200        2.0               100        -------------------- 99,00 
12         99         1          100        300                1,50               200            1,00                     200        200        2.0               100        ---------- 49,50           
13         198        2          0          400                2,00               200            1,00                     200        200        2.0               100        -------------------- 99,00 
14         72         0          28         200                2,00               100            1,00                     100        100        1.0               100        --------------- 72,00      
16         74         1          26         201                1,99               100            0,99                     101        101        1.01              100        --------------- 73,27      
17         66         1          33         200                2,00               100            1,00                     100        100        1.0               100        -------------- 66,00       
18         70         1          30         201                1,99               100            0,99                     101        101        1.01              100        -------------- 69,31       
19         99         1          0          100                1,00               100            1,00                     100        100        1.0               100        -------------------- 99,00 
20         64         1          36         201                1,99               100            0,99                     101        101        1.01              100        ------------- 63,37        
21         0          0          0          0                  NaN                0              NaN                      0          0          0.0               100        NaN                        
22         0          0          0          0                  NaN                0              NaN                      0          0          0.0               100        NaN                        
23         0          0          0          0                  NaN                0              NaN                      0          0          0.0               100        NaN                        
24         0          0          0          0                  NaN                0              NaN                      0          0          0.0               100        NaN                        
25         0          0          0          0                  NaN                0              NaN                      0          0          0.0               100        NaN                        
26         0          0          0          0                  NaN                0              NaN                      0          0          0.0               100        NaN                        
27         0          0          0          0                  NaN                0              NaN                      0          0          0.0               100        NaN                        
29         76         1          23         100                1,00               100            1,00                     100        100        1.0               100        ---------------- 76,00     
30         66         1          33         100                1,00               100            1,00                     100        100        1.0               100        -------------- 66,00       
31         69         0          31         100                1,00               100            1,00                     100        100        1.0               100        -------------- 69,00       
33         31         0          0          9                  0,29               9              0,29                     31         31         0.31              100        -------------------- 100,00
34         21         1          8          8                  0,27               8              0,27                     30         30         0.3               100        -------------- 70,00       
37         18         0          11         11                 0,38               11             0,38                     29         29         0.29              100        ------------- 62,07        
38         24         6          0          6                  0,20               6              0,20                     30         30         0.3               100        ---------------- 80,00     
39         27         0          11         11                 0,29               11             0,29                     38         38         0.38              100        --------------- 71,05      
40         25         0          7          7                  0,22               7              0,22                     32         32         0.32              100        ---------------- 78,13     
41         26         0          10         10                 0,28               10             0,28                     36         36         0.36              100        --------------- 72,22      
42         20         0          7          7                  0,26               7              0,26                     27         27         0.27              100        --------------- 74,07      
43         75         0          0          52                 0,69               52             0,69                     75         75         0.75              100        -------------------- 100,00
44         63         1          0          49                 0,77               49             0,77                     64         64         0.64              100        -------------------- 98,44 
46         0          0          0          0                  NaN                0              NaN                      0          0          0.0               100        NaN                        
47         0          0          0          0                  NaN                0              NaN                      0          0          0.0               100        NaN                        
48         1          0          0          0                  0,00               0              0,00                     1          1          0.01              100        NaN                        
49         0          0          0          0                  NaN                0              NaN                      0          0          0.0               100        NaN                        
50         0          0          0          0                  NaN                0              NaN                      0          0          0.0               100        NaN                        
51         0          0          0          0                  NaN                0              NaN                      0          0          0.0               100        NaN                        
52         44         56         0          100                1,00               100            1,00                     100        100        1.0               100        --------- 44,00            
53         44         56         0          100                1,00               100            1,00                     100        100        1.0               100        --------- 44,00            
54         44         56         0          100                1,00               100            1,00                     100        100        1.0               100        --------- 44,00            
56         0          0          57         57                 1,00               57             1,00                     57         57         0.57              100         0,00                      
57         0          57         0          57                 1,00               57             1,00                     57         57         0.57              100         0,00                      
58         0          0          57         57                 1,00               57             1,00                     57         57         0.57              100         0,00                      
59         0          0          57         57                 1,00               57             1,00                     57         57         0.57              100         0,00                      
60         0          0          57         57                 1,00               57             1,00                     57         57         0.57              100         0,00                      
61         0          0          57         57                 1,00               57             1,00                     57         57         0.57              100         0,00                      
62         99         1          100        400                2,00               200            1,00                     200        200        2.0               100        ---------- 49,50           
63         198        2          0          400                2,00               200            1,00                     200        200        2.0               100        -------------------- 99,00 
64         198        2          0          400                2,00               200            1,00                     200        200        2.0               100        -------------------- 99,00 
65         198        2          0          400                2,00               200            1,00                     200        200        2.0               100        -------------------- 99,00 
67         198        2          0          400                2,00               200            1,00                     200        200        2.0               100        -------------------- 99,00 
68         198        2          0          400                2,00               200            1,00                     200        200        2.0               100        -------------------- 99,00 
69         198        2          0          400                2,00               200            1,00                     200        200        2.0               100        -------------------- 99,00 
70         198        2          0          400                2,00               200            1,00                     200        200        2.0               100        -------------------- 99,00 
74         198        2          0          400                2,00               200            1,00                     200        200        2.0               100        -------------------- 99,00 
75         198        2          0          400                2,00               200            1,00                     200        200        2.0               100        -------------------- 99,00 
77         198        2          0          400                2,00               200            1,00                     200        200        2.0               100        -------------------- 99,00 
78         198        2          0          400                2,00               200            1,00                     200        200        2.0               100        -------------------- 99,00 
81         0          0          0          0                  NaN                0              NaN                      0          0          0.0               100        NaN                        
82         0          0          0          0                  NaN                0              NaN                      0          0          0.0               100        NaN                        
83         0          0          0          0                  NaN                0              NaN                      0          0          0.0               100        NaN                        
84         0          0          0          0                  NaN                0              NaN                      0          0          0.0               100        NaN                        
85         0          0          200        300                1,50               200            1,00                     200        200        2.0               100         0,00                      
86         0          0          200        300                1,50               200            1,00                     200        200        2.0               100         0,00                      
87         198        2          0          400                2,00               200            1,00                     200        200        2.0               100        -------------------- 99,00 
