aggregate data per location for Magnitude = 75
Exploration Plus Magnitude
magnitude value : 1 5 10 20 50 75 100 
73 perturbation point
PM : Numerical Perturbator
20 string of 64 bytes
Generated with 23 as seed
IndexLoc   #Success   #Failure   #Exception #CallAllExecs      AvgCallPerExec     #Perturbations AvgPerturbationPerExec   #Execs     #ExecsRef  AvgCallRefPerTask #Tasks     %Success                   
0          80         0          0          320                4,00               80             1,00                     80         80         4.0               20         -------------------- 100,00
2          40         0          0          80                 2,00               40             1,00                     40         40         2.0               20         -------------------- 100,00
3          40         0          0          80                 2,00               40             1,00                     40         40         2.0               20         -------------------- 100,00
4          40         0          0          80                 2,00               40             1,00                     40         40         2.0               20         -------------------- 100,00
5          20         0          20         60                 1,50               40             1,00                     40         40         2.0               20         ---------- 50,00           
6          40         0          0          80                 2,00               40             1,00                     40         40         2.0               20         -------------------- 100,00
7          20         0          20         60                 1,50               40             1,00                     40         40         2.0               20         ---------- 50,00           
8          40         0          0          80                 2,00               40             1,00                     40         40         2.0               20         -------------------- 100,00
9          40         0          0          80                 2,00               40             1,00                     40         40         2.0               20         -------------------- 100,00
10         40         0          0          80                 2,00               40             1,00                     40         40         2.0               20         -------------------- 100,00
11         40         0          0          80                 2,00               40             1,00                     40         40         2.0               20         -------------------- 100,00
12         20         0          20         60                 1,50               40             1,00                     40         40         2.0               20         ---------- 50,00           
13         40         0          0          80                 2,00               40             1,00                     40         40         2.0               20         -------------------- 100,00
14         14         0          6          40                 2,00               20             1,00                     20         20         1.0               20         -------------- 70,00       
16         16         0          4          40                 2,00               20             1,00                     20         20         1.0               20         ---------------- 80,00     
17         17         0          3          40                 2,00               20             1,00                     20         20         1.0               20         ----------------- 85,00    
18         12         0          8          40                 2,00               20             1,00                     20         20         1.0               20         ------------ 60,00         
19         20         0          0          20                 1,00               20             1,00                     20         20         1.0               20         -------------------- 100,00
20         15         0          5          40                 2,00               20             1,00                     20         20         1.0               20         --------------- 75,00      
21         0          0          0          0                  NaN                0              NaN                      0          0          0.0               20         NaN                        
22         0          0          0          0                  NaN                0              NaN                      0          0          0.0               20         NaN                        
23         0          0          0          0                  NaN                0              NaN                      0          0          0.0               20         NaN                        
24         0          0          0          0                  NaN                0              NaN                      0          0          0.0               20         NaN                        
25         0          0          0          0                  NaN                0              NaN                      0          0          0.0               20         NaN                        
26         0          0          0          0                  NaN                0              NaN                      0          0          0.0               20         NaN                        
27         0          0          0          0                  NaN                0              NaN                      0          0          0.0               20         NaN                        
29         16         0          4          20                 1,00               20             1,00                     20         20         1.0               20         ---------------- 80,00     
30         16         0          4          20                 1,00               20             1,00                     20         20         1.0               20         ---------------- 80,00     
31         14         0          6          20                 1,00               20             1,00                     20         20         1.0               20         -------------- 70,00       
33         6          0          0          1                  0,17               1              0,17                     6          6          0.3               20         -------------------- 100,00
34         3          0          1          1                  0,25               1              0,25                     4          4          0.2               20         --------------- 75,00      
37         7          0          2          2                  0,22               2              0,22                     9          9          0.45              20         ---------------- 77,78     
38         4          1          0          1                  0,20               1              0,20                     5          5          0.25              20         ---------------- 80,00     
39         3          0          2          2                  0,40               2              0,40                     5          5          0.25              20         ------------ 60,00         
40         3          0          2          2                  0,40               2              0,40                     5          5          0.25              20         ------------ 60,00         
41         4          0          2          2                  0,33               2              0,33                     6          6          0.3               20         -------------- 66,67       
42         8          0          0          0                  0,00               0              0,00                     8          8          0.4               20         NaN                        
43         15         0          0          13                 0,87               13             0,87                     15         15         0.75              20         -------------------- 100,00
44         14         0          0          7                  0,50               7              0,50                     14         14         0.7               20         -------------------- 100,00
46         0          0          0          0                  NaN                0              NaN                      0          0          0.0               20         NaN                        
47         0          0          0          0                  NaN                0              NaN                      0          0          0.0               20         NaN                        
48         0          0          0          0                  NaN                0              NaN                      0          0          0.0               20         NaN                        
49         0          0          0          0                  NaN                0              NaN                      0          0          0.0               20         NaN                        
50         0          0          0          0                  NaN                0              NaN                      0          0          0.0               20         NaN                        
51         0          0          0          0                  NaN                0              NaN                      0          0          0.0               20         NaN                        
52         0          0          20         20                 1,00               20             1,00                     20         20         1.0               20          0,00                      
53         9          11         0          20                 1,00               20             1,00                     20         20         1.0               20         --------- 45,00            
54         9          11         0          20                 1,00               20             1,00                     20         20         1.0               20         --------- 45,00            
56         0          0          11         11                 1,00               11             1,00                     11         11         0.55              20          0,00                      
57         0          0          11         11                 1,00               11             1,00                     11         11         0.55              20          0,00                      
58         0          0          11         11                 1,00               11             1,00                     11         11         0.55              20          0,00                      
59         0          0          11         11                 1,00               11             1,00                     11         11         0.55              20          0,00                      
60         0          0          11         11                 1,00               11             1,00                     11         11         0.55              20          0,00                      
61         0          0          11         11                 1,00               11             1,00                     11         11         0.55              20          0,00                      
62         0          0          40         60                 1,50               40             1,00                     40         40         2.0               20          0,00                      
63         40         0          0          80                 2,00               40             1,00                     40         40         2.0               20         -------------------- 100,00
64         40         0          0          80                 2,00               40             1,00                     40         40         2.0               20         -------------------- 100,00
65         40         0          0          80                 2,00               40             1,00                     40         40         2.0               20         -------------------- 100,00
67         40         0          0          80                 2,00               40             1,00                     40         40         2.0               20         -------------------- 100,00
68         40         0          0          80                 2,00               40             1,00                     40         40         2.0               20         -------------------- 100,00
69         40         0          0          80                 2,00               40             1,00                     40         40         2.0               20         -------------------- 100,00
70         40         0          0          80                 2,00               40             1,00                     40         40         2.0               20         -------------------- 100,00
74         40         0          0          80                 2,00               40             1,00                     40         40         2.0               20         -------------------- 100,00
75         40         0          0          80                 2,00               40             1,00                     40         40         2.0               20         -------------------- 100,00
77         40         0          0          80                 2,00               40             1,00                     40         40         2.0               20         -------------------- 100,00
78         40         0          0          80                 2,00               40             1,00                     40         40         2.0               20         -------------------- 100,00
81         0          0          0          0                  NaN                0              NaN                      0          0          0.0               20         NaN                        
82         0          0          0          0                  NaN                0              NaN                      0          0          0.0               20         NaN                        
83         0          0          0          0                  NaN                0              NaN                      0          0          0.0               20         NaN                        
84         0          0          0          0                  NaN                0              NaN                      0          0          0.0               20         NaN                        
85         0          0          40         60                 1,50               40             1,00                     40         40         2.0               20          0,00                      
86         0          0          40         60                 1,50               40             1,00                     40         40         2.0               20          0,00                      
87         40         0          0          80                 2,00               40             1,00                     40         40         2.0               20         -------------------- 100,00
