aggregate data per location for random rate = 0.005 and with Perturbator = 1
Exploration Plus One
73 perturbation point
PONE : plus one perturbator
100 string of 64 bytes
Generated with 23 as seed
IndexLoc   #Success   #Failure   #Exception #CallAllExecs      AvgCallPerExec     #Perturbations AvgPerturbationPerExec   #Execs     #Tasks     %Success                   
0          495        5          0          2000               4,00               9              0,02                     500        100        -------------------- 99,00 
2          495        5          0          1000               2,00               2              0,00                     500        100        -------------------- 99,00 
3          495        5          0          1000               2,00               2              0,00                     500        100        -------------------- 99,00 
4          495        5          0          1000               2,00               2              0,00                     500        100        -------------------- 99,00 
5          495        5          0          1000               2,00               2              0,00                     500        100        -------------------- 99,00 
6          495        5          0          1000               2,00               2              0,00                     500        100        -------------------- 99,00 
7          495        5          0          1000               2,00               2              0,00                     500        100        -------------------- 99,00 
8          495        5          0          1000               2,00               2              0,00                     500        100        -------------------- 99,00 
9          495        5          0          1000               2,00               2              0,00                     500        100        -------------------- 99,00 
10         495        5          0          1000               2,00               2              0,00                     500        100        -------------------- 99,00 
11         495        5          0          1000               2,00               2              0,00                     500        100        -------------------- 99,00 
12         495        5          0          1000               2,00               2              0,00                     500        100        -------------------- 99,00 
13         495        5          0          1000               2,00               2              0,00                     500        100        -------------------- 99,00 
14         495        5          0          504                1,01               1              0,00                     500        100        -------------------- 99,00 
16         495        5          0          502                1,00               1              0,00                     500        100        -------------------- 99,00 
17         494        5          1          507                1,01               1              0,00                     500        100        -------------------- 98,80 
18         494        5          1          503                1,01               1              0,00                     500        100        -------------------- 98,80 
19         495        5          0          502                1,00               1              0,00                     500        100        -------------------- 99,00 
20         495        5          0          503                1,01               1              0,00                     500        100        -------------------- 99,00 
21         495        5          0          0                  0,00               0              0,00                     500        100        NaN                        
22         495        5          0          0                  0,00               0              0,00                     500        100        NaN                        
23         495        5          0          0                  0,00               0              0,00                     500        100        NaN                        
24         495        5          0          0                  0,00               0              0,00                     500        100        NaN                        
25         495        5          0          0                  0,00               0              0,00                     500        100        NaN                        
26         495        5          0          0                  0,00               0              0,00                     500        100        NaN                        
27         495        5          0          0                  0,00               0              0,00                     500        100        NaN                        
29         494        5          1          500                1,00               1              0,00                     500        100        -------------------- 98,80 
30         495        5          0          500                1,00               1              0,00                     500        100        -------------------- 99,00 
31         495        5          0          500                1,00               1              0,00                     500        100        -------------------- 99,00 
33         495        5          0          148                0,30               1              0,00                     500        100        -------------------- 99,00 
34         494        5          1          153                0,31               1              0,00                     500        100        -------------------- 98,80 
37         494        5          1          137                0,27               1              0,00                     500        100        -------------------- 98,80 
38         494        6          0          143                0,29               1              0,00                     500        100        -------------------- 98,80 
39         494        5          1          147                0,29               1              0,00                     500        100        -------------------- 98,80 
40         494        5          1          139                0,28               1              0,00                     500        100        -------------------- 98,80 
41         494        5          1          143                0,29               1              0,00                     500        100        -------------------- 98,80 
42         494        5          1          151                0,30               1              0,00                     500        100        -------------------- 98,80 
43         495        5          0          332                0,66               1              0,00                     500        100        -------------------- 99,00 
44         495        5          0          351                0,70               1              0,00                     500        100        -------------------- 99,00 
46         495        5          0          2                  0,00               0              0,00                     500        100        NaN                        
47         495        5          0          1                  0,00               0              0,00                     500        100        NaN                        
48         495        5          0          2                  0,00               0              0,00                     500        100        NaN                        
49         495        5          0          4                  0,01               0              0,00                     500        100        NaN                        
50         495        5          0          2                  0,00               0              0,00                     500        100        NaN                        
51         495        5          0          1                  0,00               0              0,00                     500        100        NaN                        
52         495        5          0          500                1,00               1              0,00                     500        100        -------------------- 99,00 
53         495        5          0          500                1,00               1              0,00                     500        100        -------------------- 99,00 
54         495        5          0          500                1,00               1              0,00                     500        100        -------------------- 99,00 
56         494        5          1          285                0,57               1              0,00                     500        100        -------------------- 98,80 
57         494        6          0          285                0,57               1              0,00                     500        100        -------------------- 98,80 
58         494        5          1          285                0,57               1              0,00                     500        100        -------------------- 98,80 
59         494        5          1          285                0,57               1              0,00                     500        100        -------------------- 98,80 
60         494        5          1          285                0,57               1              0,00                     500        100        -------------------- 98,80 
61         494        5          1          285                0,57               1              0,00                     500        100        -------------------- 98,80 
62         495        5          0          1000               2,00               2              0,00                     500        100        -------------------- 99,00 
63         495        5          0          1000               2,00               2              0,00                     500        100        -------------------- 99,00 
64         495        5          0          1000               2,00               2              0,00                     500        100        -------------------- 99,00 
65         495        5          0          1000               2,00               2              0,00                     500        100        -------------------- 99,00 
67         493        5          2          1000               2,00               2              0,00                     500        100        -------------------- 98,60 
68         495        5          0          1000               2,00               2              0,00                     500        100        -------------------- 99,00 
69         495        5          0          1000               2,00               2              0,00                     500        100        -------------------- 99,00 
70         495        5          0          1000               2,00               2              0,00                     500        100        -------------------- 99,00 
74         495        5          0          1000               2,00               2              0,00                     500        100        -------------------- 99,00 
75         495        5          0          1000               2,00               2              0,00                     500        100        -------------------- 99,00 
77         495        5          0          1000               2,00               2              0,00                     500        100        -------------------- 99,00 
78         495        5          0          1000               2,00               2              0,00                     500        100        -------------------- 99,00 
81         495        5          0          0                  0,00               0              0,00                     500        100        NaN                        
82         495        5          0          0                  0,00               0              0,00                     500        100        NaN                        
83         495        5          0          0                  0,00               0              0,00                     500        100        NaN                        
84         495        5          0          0                  0,00               0              0,00                     500        100        NaN                        
85         493        5          2          1000               2,00               2              0,00                     500        100        -------------------- 98,60 
86         493        5          2          1000               2,00               2              0,00                     500        100        -------------------- 98,60 
87         495        5          0          1000               2,00               2              0,00                     500        100        -------------------- 99,00 
