aggregate data per location for random rate = 0.2 and with Perturbator = 1
Exploration Plus One
73 perturbation point
PONE : plus one perturbator
100 string of 64 bytes
Generated with 23 as seed
IndexLoc   #Success   #Failure   #Exception #CallAllExecs      AvgCallPerExec     #Perturbations AvgPerturbationPerExec   #Execs     #Tasks     %Success                   
0          495        5          0          2000               4,00               406            0,81                     500        100        -------------------- 99,00 
2          495        5          0          1000               2,00               215            0,43                     500        100        -------------------- 99,00 
3          495        5          0          1000               2,00               215            0,43                     500        100        -------------------- 99,00 
4          495        5          0          1000               2,00               215            0,43                     500        100        -------------------- 99,00 
5          495        5          0          1000               2,00               215            0,43                     500        100        -------------------- 99,00 
6          495        5          0          1000               2,00               215            0,43                     500        100        -------------------- 99,00 
7          495        5          0          1000               2,00               215            0,43                     500        100        -------------------- 99,00 
8          495        5          0          1000               2,00               215            0,43                     500        100        -------------------- 99,00 
9          495        5          0          1000               2,00               215            0,43                     500        100        -------------------- 99,00 
10         495        5          0          1000               2,00               215            0,43                     500        100        -------------------- 99,00 
11         495        5          0          1000               2,00               215            0,43                     500        100        -------------------- 99,00 
12         398        4          98         902                1,80               198            0,40                     500        100        ---------------- 79,60     
13         495        5          0          1000               2,00               215            0,43                     500        100        -------------------- 99,00 
14         449        5          46         620                1,24               139            0,28                     500        100        ------------------ 89,80   
16         442        4          54         623                1,25               141            0,28                     500        100        ------------------ 88,40   
17         443        4          53         617                1,23               138            0,28                     500        100        ------------------ 88,60   
18         440        5          55         623                1,25               141            0,28                     500        100        ------------------ 88,00   
19         495        5          0          503                1,01               119            0,24                     500        100        -------------------- 99,00 
20         437        5          58         618                1,24               138            0,28                     500        100        ------------------ 87,40   
21         495        5          0          0                  0,00               0              0,00                     500        100        NaN                        
22         495        5          0          0                  0,00               0              0,00                     500        100        NaN                        
23         495        5          0          0                  0,00               0              0,00                     500        100        NaN                        
24         495        5          0          0                  0,00               0              0,00                     500        100        NaN                        
25         495        5          0          0                  0,00               0              0,00                     500        100        NaN                        
26         495        5          0          0                  0,00               0              0,00                     500        100        NaN                        
27         495        5          0          0                  0,00               0              0,00                     500        100        NaN                        
29         461        4          35         500                1,00               119            0,24                     500        100        ------------------- 92,20  
30         454        4          42         500                1,00               119            0,24                     500        100        ------------------- 90,80  
31         458        4          38         500                1,00               119            0,24                     500        100        ------------------- 91,60  
33         495        5          0          151                0,30               35             0,07                     500        100        -------------------- 99,00 
34         460        3          37         168                0,34               38             0,08                     500        100        ------------------- 92,00  
37         458        5          37         159                0,32               37             0,07                     500        100        ------------------- 91,60  
38         461        39         0          149                0,30               34             0,07                     500        100        ------------------- 92,20  
39         460        4          36         156                0,31               36             0,07                     500        100        ------------------- 92,00  
40         460        5          35         152                0,30               35             0,07                     500        100        ------------------- 92,00  
41         463        4          33         146                0,29               33             0,07                     500        100        ------------------- 92,60  
42         461        3          36         156                0,31               36             0,07                     500        100        ------------------- 92,20  
43         495        5          0          354                0,71               79             0,16                     500        100        -------------------- 99,00 
44         495        5          0          326                0,65               70             0,14                     500        100        -------------------- 99,00 
46         495        5          0          0                  0,00               0              0,00                     500        100        NaN                        
47         495        5          0          0                  0,00               0              0,00                     500        100        NaN                        
48         495        5          0          1                  0,00               0              0,00                     500        100        NaN                        
49         495        5          0          4                  0,01               0              0,00                     500        100        NaN                        
50         495        5          0          2                  0,00               0              0,00                     500        100        NaN                        
51         495        5          0          1                  0,00               0              0,00                     500        100        NaN                        
52         425        75         0          500                1,00               119            0,24                     500        100        ----------------- 85,00    
53         425        75         0          500                1,00               119            0,24                     500        100        ----------------- 85,00    
54         425        75         0          500                1,00               119            0,24                     500        100        ----------------- 85,00    
56         437        5          58         285                0,57               58             0,12                     500        100        ------------------ 87,40   
57         437        63         0          285                0,57               58             0,12                     500        100        ------------------ 87,40   
58         437        5          58         285                0,57               58             0,12                     500        100        ------------------ 87,40   
59         437        5          58         285                0,57               58             0,12                     500        100        ------------------ 87,40   
60         437        5          58         285                0,57               58             0,12                     500        100        ------------------ 87,40   
61         437        5          58         285                0,57               58             0,12                     500        100        ------------------ 87,40   
62         495        5          0          1000               2,00               215            0,43                     500        100        -------------------- 99,00 
63         495        5          0          1000               2,00               215            0,43                     500        100        -------------------- 99,00 
64         495        5          0          1000               2,00               215            0,43                     500        100        -------------------- 99,00 
65         495        5          0          1000               2,00               215            0,43                     500        100        -------------------- 99,00 
67         387        4          109        1000               2,00               215            0,43                     500        100        ---------------- 77,40     
68         495        5          0          1000               2,00               215            0,43                     500        100        -------------------- 99,00 
69         495        5          0          1000               2,00               215            0,43                     500        100        -------------------- 99,00 
70         495        5          0          1000               2,00               215            0,43                     500        100        -------------------- 99,00 
74         495        5          0          1000               2,00               215            0,43                     500        100        -------------------- 99,00 
75         495        5          0          1000               2,00               215            0,43                     500        100        -------------------- 99,00 
77         495        5          0          1000               2,00               215            0,43                     500        100        -------------------- 99,00 
78         495        5          0          1000               2,00               215            0,43                     500        100        -------------------- 99,00 
81         495        5          0          0                  0,00               0              0,00                     500        100        NaN                        
82         495        5          0          0                  0,00               0              0,00                     500        100        NaN                        
83         495        5          0          0                  0,00               0              0,00                     500        100        NaN                        
84         495        5          0          0                  0,00               0              0,00                     500        100        NaN                        
85         301        1          198        902                1,80               198            0,40                     500        100        ------------- 60,20        
86         301        1          198        902                1,80               198            0,40                     500        100        ------------- 60,20        
87         495        5          0          1000               2,00               215            0,43                     500        100        -------------------- 99,00 
