aggregate data per location for Perturbator = 1
Exploration Plus One
73 perturbation point
PONE : plus one perturbator
20 string of 64 bytes
Generated with 23 as seed
IndexLoc   #Success   #Failure   #Exception #CallAllExecs      AvgCallPerExec     #Perturbations AvgPerturbationPerExec   #Execs     #ExecsRef  AvgCallRefPerTask #Tasks     %Success                   
0          80         0          0          320                4,00               80             1,00                     80         80         4.0               20         -------------------- 100,00
2          40         0          0          80                 2,00               40             1,00                     40         40         2.0               20         -------------------- 100,00
3          40         0          0          80                 2,00               40             1,00                     40         40         2.0               20         -------------------- 100,00
4          40         0          0          80                 2,00               40             1,00                     40         40         2.0               20         -------------------- 100,00
5          40         0          0          80                 2,00               40             1,00                     40         40         2.0               20         -------------------- 100,00
6          40         0          0          80                 2,00               40             1,00                     40         40         2.0               20         -------------------- 100,00
7          40         0          0          80                 2,00               40             1,00                     40         40         2.0               20         -------------------- 100,00
8          40         0          0          80                 2,00               40             1,00                     40         40         2.0               20         -------------------- 100,00
9          40         0          0          80                 2,00               40             1,00                     40         40         2.0               20         -------------------- 100,00
10         40         0          0          80                 2,00               40             1,00                     40         40         2.0               20         -------------------- 100,00
11         40         0          0          80                 2,00               40             1,00                     40         40         2.0               20         -------------------- 100,00
12         20         0          20         60                 1,50               40             1,00                     40         40         2.0               20         ---------- 50,00           
13         40         0          0          80                 2,00               40             1,00                     40         40         2.0               20         -------------------- 100,00
14         14         0          6          40                 2,00               20             1,00                     20         20         1.0               20         -------------- 70,00       
16         13         0          7          40                 2,00               20             1,00                     20         20         1.0               20         ------------- 65,00        
17         16         0          5          41                 1,95               20             0,95                     21         21         1.05              20         ---------------- 76,19     
18         16         0          4          40                 2,00               20             1,00                     20         20         1.0               20         ---------------- 80,00     
19         20         0          0          20                 1,00               20             1,00                     20         20         1.0               20         -------------------- 100,00
20         15         0          5          40                 2,00               20             1,00                     20         20         1.0               20         --------------- 75,00      
21         0          0          0          0                  NaN                0              NaN                      0          0          0.0               20         NaN                        
22         0          0          0          0                  NaN                0              NaN                      0          0          0.0               20         NaN                        
23         0          0          0          0                  NaN                0              NaN                      0          0          0.0               20         NaN                        
24         0          0          0          0                  NaN                0              NaN                      0          0          0.0               20         NaN                        
25         0          0          0          0                  NaN                0              NaN                      0          0          0.0               20         NaN                        
26         0          0          0          0                  NaN                0              NaN                      0          0          0.0               20         NaN                        
27         0          0          0          0                  NaN                0              NaN                      0          0          0.0               20         NaN                        
29         18         0          2          20                 1,00               20             1,00                     20         20         1.0               20         ------------------ 90,00   
30         13         0          7          20                 1,00               20             1,00                     20         20         1.0               20         ------------- 65,00        
31         12         0          8          20                 1,00               20             1,00                     20         20         1.0               20         ------------ 60,00         
33         5          0          0          0                  0,00               0              0,00                     5          5          0.25              20         NaN                        
34         3          0          3          3                  0,50               3              0,50                     6          6          0.3               20         ---------- 50,00           
37         2          0          2          2                  0,50               2              0,50                     4          4          0.2               20         ---------- 50,00           
38         3          3          0          3                  0,50               3              0,50                     6          6          0.3               20         ---------- 50,00           
39         6          0          3          3                  0,33               3              0,33                     9          9          0.45              20         -------------- 66,67       
40         8          0          1          1                  0,11               1              0,11                     9          9          0.45              20         ------------------ 88,89   
41         6          0          3          3                  0,33               3              0,33                     9          9          0.45              20         -------------- 66,67       
42         4          0          0          0                  0,00               0              0,00                     4          4          0.2               20         NaN                        
43         12         0          0          10                 0,83               10             0,83                     12         12         0.6               20         -------------------- 100,00
44         14         0          0          8                  0,57               8              0,57                     14         14         0.7               20         -------------------- 100,00
46         0          0          0          0                  NaN                0              NaN                      0          0          0.0               20         NaN                        
47         0          0          0          0                  NaN                0              NaN                      0          0          0.0               20         NaN                        
48         0          0          0          0                  NaN                0              NaN                      0          0          0.0               20         NaN                        
49         0          0          0          0                  NaN                0              NaN                      0          0          0.0               20         NaN                        
50         0          0          0          0                  NaN                0              NaN                      0          0          0.0               20         NaN                        
51         0          0          0          0                  NaN                0              NaN                      0          0          0.0               20         NaN                        
52         9          11         0          20                 1,00               20             1,00                     20         20         1.0               20         --------- 45,00            
53         9          11         0          20                 1,00               20             1,00                     20         20         1.0               20         --------- 45,00            
54         9          11         0          20                 1,00               20             1,00                     20         20         1.0               20         --------- 45,00            
56         0          0          11         11                 1,00               11             1,00                     11         11         0.55              20          0,00                      
57         0          11         0          11                 1,00               11             1,00                     11         11         0.55              20          0,00                      
58         0          0          11         11                 1,00               11             1,00                     11         11         0.55              20          0,00                      
59         0          0          11         11                 1,00               11             1,00                     11         11         0.55              20          0,00                      
60         0          0          11         11                 1,00               11             1,00                     11         11         0.55              20          0,00                      
61         0          0          11         11                 1,00               11             1,00                     11         11         0.55              20          0,00                      
62         40         0          0          80                 2,00               40             1,00                     40         40         2.0               20         -------------------- 100,00
63         40         0          0          80                 2,00               40             1,00                     40         40         2.0               20         -------------------- 100,00
64         40         0          0          80                 2,00               40             1,00                     40         40         2.0               20         -------------------- 100,00
65         40         0          0          80                 2,00               40             1,00                     40         40         2.0               20         -------------------- 100,00
67         20         0          20         80                 2,00               40             1,00                     40         40         2.0               20         ---------- 50,00           
68         40         0          0          80                 2,00               40             1,00                     40         40         2.0               20         -------------------- 100,00
69         40         0          0          80                 2,00               40             1,00                     40         40         2.0               20         -------------------- 100,00
70         40         0          0          80                 2,00               40             1,00                     40         40         2.0               20         -------------------- 100,00
74         40         0          0          80                 2,00               40             1,00                     40         40         2.0               20         -------------------- 100,00
75         40         0          0          80                 2,00               40             1,00                     40         40         2.0               20         -------------------- 100,00
77         40         0          0          80                 2,00               40             1,00                     40         40         2.0               20         -------------------- 100,00
78         40         0          0          80                 2,00               40             1,00                     40         40         2.0               20         -------------------- 100,00
81         0          0          0          0                  NaN                0              NaN                      0          0          0.0               20         NaN                        
82         0          0          0          0                  NaN                0              NaN                      0          0          0.0               20         NaN                        
83         0          0          0          0                  NaN                0              NaN                      0          0          0.0               20         NaN                        
84         0          0          0          0                  NaN                0              NaN                      0          0          0.0               20         NaN                        
85         0          0          40         60                 1,50               40             1,00                     40         40         2.0               20          0,00                      
86         0          0          40         60                 1,50               40             1,00                     40         40         2.0               20          0,00                      
87         40         0          0          80                 2,00               40             1,00                     40         40         2.0               20         -------------------- 100,00
