Contains data to explore the number of task required for saturation
Task Number Exploration (TNE)
Number Task : 1 2 5 10 25 50 100 
73 perturbation point
N Execution Enactor
PONE : Numerical Perturbator
Each task is an arrays of 100
Seed used for generate task is 23
#Tasks     IndexLoc   #Success   #Failure   #Exception #CallAllExecs      AvgCallPerExec     #Perturbations AvgPerturbationPerExec   #Execs     #CallRef   %Success                   
1          0          4          0          0          16                 4,00               4              1,00                     4          4          -------------------- 100,00
2          0          8          0          0          32                 4,00               8              1,00                     8          8          -------------------- 100,00
5          0          20         0          0          80                 4,00               20             1,00                     20         20         -------------------- 100,00
10         0          40         0          0          160                4,00               40             1,00                     40         40         -------------------- 100,00
25         0          100        0          0          400                4,00               100            1,00                     100        100        -------------------- 100,00
50         0          196        4          0          800                4,00               200            1,00                     200        200        -------------------- 98,00 
100        0          396        4          0          1600               4,00               400            1,00                     400        400        -------------------- 99,00 
1          2          2          0          0          4                  2,00               2              1,00                     2          2          -------------------- 100,00
2          2          4          0          0          8                  2,00               4              1,00                     4          4          -------------------- 100,00
5          2          10         0          0          20                 2,00               10             1,00                     10         10         -------------------- 100,00
10         2          20         0          0          40                 2,00               20             1,00                     20         20         -------------------- 100,00
25         2          50         0          0          100                2,00               50             1,00                     50         50         -------------------- 100,00
50         2          98         2          0          200                2,00               100            1,00                     100        100        -------------------- 98,00 
100        2          198        2          0          400                2,00               200            1,00                     200        200        -------------------- 99,00 
1          3          2          0          0          4                  2,00               2              1,00                     2          2          -------------------- 100,00
2          3          4          0          0          8                  2,00               4              1,00                     4          4          -------------------- 100,00
5          3          10         0          0          20                 2,00               10             1,00                     10         10         -------------------- 100,00
10         3          20         0          0          40                 2,00               20             1,00                     20         20         -------------------- 100,00
25         3          50         0          0          100                2,00               50             1,00                     50         50         -------------------- 100,00
50         3          98         2          0          200                2,00               100            1,00                     100        100        -------------------- 98,00 
100        3          198        2          0          400                2,00               200            1,00                     200        200        -------------------- 99,00 
1          4          2          0          0          4                  2,00               2              1,00                     2          2          -------------------- 100,00
2          4          4          0          0          8                  2,00               4              1,00                     4          4          -------------------- 100,00
5          4          10         0          0          20                 2,00               10             1,00                     10         10         -------------------- 100,00
10         4          20         0          0          40                 2,00               20             1,00                     20         20         -------------------- 100,00
25         4          50         0          0          100                2,00               50             1,00                     50         50         -------------------- 100,00
50         4          98         2          0          200                2,00               100            1,00                     100        100        -------------------- 98,00 
100        4          198        2          0          400                2,00               200            1,00                     200        200        -------------------- 99,00 
1          5          2          0          0          4                  2,00               2              1,00                     2          2          -------------------- 100,00
2          5          4          0          0          8                  2,00               4              1,00                     4          4          -------------------- 100,00
5          5          10         0          0          20                 2,00               10             1,00                     10         10         -------------------- 100,00
10         5          20         0          0          40                 2,00               20             1,00                     20         20         -------------------- 100,00
25         5          50         0          0          100                2,00               50             1,00                     50         50         -------------------- 100,00
50         5          98         2          0          200                2,00               100            1,00                     100        100        -------------------- 98,00 
100        5          198        2          0          400                2,00               200            1,00                     200        200        -------------------- 99,00 
1          6          2          0          0          4                  2,00               2              1,00                     2          2          -------------------- 100,00
2          6          4          0          0          8                  2,00               4              1,00                     4          4          -------------------- 100,00
5          6          10         0          0          20                 2,00               10             1,00                     10         10         -------------------- 100,00
10         6          20         0          0          40                 2,00               20             1,00                     20         20         -------------------- 100,00
25         6          50         0          0          100                2,00               50             1,00                     50         50         -------------------- 100,00
50         6          98         2          0          200                2,00               100            1,00                     100        100        -------------------- 98,00 
100        6          198        2          0          400                2,00               200            1,00                     200        200        -------------------- 99,00 
1          7          2          0          0          4                  2,00               2              1,00                     2          2          -------------------- 100,00
2          7          4          0          0          8                  2,00               4              1,00                     4          4          -------------------- 100,00
5          7          10         0          0          20                 2,00               10             1,00                     10         10         -------------------- 100,00
10         7          20         0          0          40                 2,00               20             1,00                     20         20         -------------------- 100,00
25         7          50         0          0          100                2,00               50             1,00                     50         50         -------------------- 100,00
50         7          98         2          0          200                2,00               100            1,00                     100        100        -------------------- 98,00 
100        7          198        2          0          400                2,00               200            1,00                     200        200        -------------------- 99,00 
1          8          2          0          0          4                  2,00               2              1,00                     2          2          -------------------- 100,00
2          8          4          0          0          8                  2,00               4              1,00                     4          4          -------------------- 100,00
5          8          10         0          0          20                 2,00               10             1,00                     10         10         -------------------- 100,00
10         8          20         0          0          40                 2,00               20             1,00                     20         20         -------------------- 100,00
25         8          50         0          0          100                2,00               50             1,00                     50         50         -------------------- 100,00
50         8          98         2          0          200                2,00               100            1,00                     100        100        -------------------- 98,00 
100        8          198        2          0          400                2,00               200            1,00                     200        200        -------------------- 99,00 
1          9          2          0          0          4                  2,00               2              1,00                     2          2          -------------------- 100,00
2          9          4          0          0          8                  2,00               4              1,00                     4          4          -------------------- 100,00
5          9          10         0          0          20                 2,00               10             1,00                     10         10         -------------------- 100,00
10         9          20         0          0          40                 2,00               20             1,00                     20         20         -------------------- 100,00
25         9          50         0          0          100                2,00               50             1,00                     50         50         -------------------- 100,00
50         9          98         2          0          200                2,00               100            1,00                     100        100        -------------------- 98,00 
100        9          198        2          0          400                2,00               200            1,00                     200        200        -------------------- 99,00 
1          10         2          0          0          4                  2,00               2              1,00                     2          2          -------------------- 100,00
2          10         4          0          0          8                  2,00               4              1,00                     4          4          -------------------- 100,00
5          10         10         0          0          20                 2,00               10             1,00                     10         10         -------------------- 100,00
10         10         20         0          0          40                 2,00               20             1,00                     20         20         -------------------- 100,00
25         10         50         0          0          100                2,00               50             1,00                     50         50         -------------------- 100,00
50         10         98         2          0          200                2,00               100            1,00                     100        100        -------------------- 98,00 
100        10         198        2          0          400                2,00               200            1,00                     200        200        -------------------- 99,00 
1          11         2          0          0          4                  2,00               2              1,00                     2          2          -------------------- 100,00
2          11         4          0          0          8                  2,00               4              1,00                     4          4          -------------------- 100,00
5          11         10         0          0          20                 2,00               10             1,00                     10         10         -------------------- 100,00
10         11         20         0          0          40                 2,00               20             1,00                     20         20         -------------------- 100,00
25         11         50         0          0          100                2,00               50             1,00                     50         50         -------------------- 100,00
50         11         98         2          0          200                2,00               100            1,00                     100        100        -------------------- 98,00 
100        11         198        2          0          400                2,00               200            1,00                     200        200        -------------------- 99,00 
1          12         1          0          1          3                  1,50               2              1,00                     2          2          ---------- 50,00           
2          12         2          0          2          6                  1,50               4              1,00                     4          4          ---------- 50,00           
5          12         5          0          5          15                 1,50               10             1,00                     10         10         ---------- 50,00           
10         12         10         0          10         30                 1,50               20             1,00                     20         20         ---------- 50,00           
25         12         25         0          25         75                 1,50               50             1,00                     50         50         ---------- 50,00           
50         12         49         1          50         150                1,50               100            1,00                     100        100        ---------- 49,00           
100        12         99         1          100        300                1,50               200            1,00                     200        200        ---------- 49,50           
1          13         2          0          0          4                  2,00               2              1,00                     2          2          -------------------- 100,00
2          13         4          0          0          8                  2,00               4              1,00                     4          4          -------------------- 100,00
5          13         10         0          0          20                 2,00               10             1,00                     10         10         -------------------- 100,00
10         13         20         0          0          40                 2,00               20             1,00                     20         20         -------------------- 100,00
25         13         50         0          0          100                2,00               50             1,00                     50         50         -------------------- 100,00
50         13         98         2          0          200                2,00               100            1,00                     100        100        -------------------- 98,00 
100        13         198        2          0          400                2,00               200            1,00                     200        200        -------------------- 99,00 
1          14         0          0          1          2                  2,00               1              1,00                     1          1           0,00                      
2          14         1          0          1          4                  2,00               2              1,00                     2          2          ---------- 50,00           
5          14         4          0          1          10                 2,00               5              1,00                     5          5          ---------------- 80,00     
10         14         8          0          2          20                 2,00               10             1,00                     10         10         ---------------- 80,00     
25         14         15         0          12         52                 1,93               25             0,93                     27         27         ------------ 55,56         
50         14         35         1          14         100                2,00               50             1,00                     50         50         -------------- 70,00       
100        14         62         1          37         200                2,00               100            1,00                     100        100        ------------- 62,00        
1          16         0          0          1          2                  2,00               1              1,00                     1          1           0,00                      
2          16         2          0          0          4                  2,00               2              1,00                     2          2          -------------------- 100,00
5          16         4          0          1          10                 2,00               5              1,00                     5          5          ---------------- 80,00     
10         16         10         0          0          20                 2,00               10             1,00                     10         10         -------------------- 100,00
25         16         21         0          4          50                 2,00               25             1,00                     25         25         ----------------- 84,00    
50         16         29         0          21         100                2,00               50             1,00                     50         50         ------------ 58,00         
100        16         68         1          31         200                2,00               100            1,00                     100        100        -------------- 68,00       
1          17         0          0          1          2                  2,00               1              1,00                     1          1           0,00                      
2          17         2          0          0          4                  2,00               2              1,00                     2          2          -------------------- 100,00
5          17         3          0          2          10                 2,00               5              1,00                     5          5          ------------ 60,00         
10         17         5          0          5          20                 2,00               10             1,00                     10         10         ---------- 50,00           
25         17         21         0          4          50                 2,00               25             1,00                     25         25         ----------------- 84,00    
50         17         36         0          14         100                2,00               50             1,00                     50         50         --------------- 72,00      
100        17         63         1          38         202                1,98               100            0,98                     102        102        ------------- 61,76        
1          18         1          0          0          2                  2,00               1              1,00                     1          1          -------------------- 100,00
2          18         0          0          2          4                  2,00               2              1,00                     2          2           0,00                      
5          18         6          0          0          11                 1,83               5              0,83                     6          6          -------------------- 100,00
10         18         6          0          4          20                 2,00               10             1,00                     10         10         ------------ 60,00         
25         18         11         0          14         50                 2,00               25             1,00                     25         25         --------- 44,00            
50         18         39         0          12         101                1,98               50             0,98                     51         51         ---------------- 76,47     
100        18         67         1          32         200                2,00               100            1,00                     100        100        -------------- 67,00       
1          19         1          0          0          1                  1,00               1              1,00                     1          1          -------------------- 100,00
2          19         2          0          0          2                  1,00               2              1,00                     2          2          -------------------- 100,00
5          19         5          0          0          5                  1,00               5              1,00                     5          5          -------------------- 100,00
10         19         10         0          0          10                 1,00               10             1,00                     10         10         -------------------- 100,00
25         19         25         0          0          25                 1,00               25             1,00                     25         25         -------------------- 100,00
50         19         49         1          0          50                 1,00               50             1,00                     50         50         -------------------- 98,00 
100        19         100        1          0          101                1,00               100            0,99                     101        101        -------------------- 99,01 
1          20         1          0          0          2                  2,00               1              1,00                     1          1          -------------------- 100,00
2          20         2          0          0          4                  2,00               2              1,00                     2          2          -------------------- 100,00
5          20         4          0          1          10                 2,00               5              1,00                     5          5          ---------------- 80,00     
10         20         7          0          4          21                 1,91               10             0,91                     11         11         ------------- 63,64        
25         20         16         0          9          50                 2,00               25             1,00                     25         25         ------------- 64,00        
50         20         30         1          20         101                1,98               50             0,98                     51         51         ------------ 58,82         
100        20         64         0          36         200                2,00               100            1,00                     100        100        ------------- 64,00        
1          21         0          0          0          0                  NaN                0              NaN                      0          0          NaN                        
2          21         0          0          0          0                  NaN                0              NaN                      0          0          NaN                        
5          21         0          0          0          0                  NaN                0              NaN                      0          0          NaN                        
10         21         0          0          0          0                  NaN                0              NaN                      0          0          NaN                        
25         21         0          0          0          0                  NaN                0              NaN                      0          0          NaN                        
50         21         0          0          0          0                  NaN                0              NaN                      0          0          NaN                        
100        21         0          0          0          0                  NaN                0              NaN                      0          0          NaN                        
1          22         0          0          0          0                  NaN                0              NaN                      0          0          NaN                        
2          22         0          0          0          0                  NaN                0              NaN                      0          0          NaN                        
5          22         0          0          0          0                  NaN                0              NaN                      0          0          NaN                        
10         22         0          0          0          0                  NaN                0              NaN                      0          0          NaN                        
25         22         0          0          0          0                  NaN                0              NaN                      0          0          NaN                        
50         22         0          0          0          0                  NaN                0              NaN                      0          0          NaN                        
100        22         0          0          0          0                  NaN                0              NaN                      0          0          NaN                        
1          23         0          0          0          0                  NaN                0              NaN                      0          0          NaN                        
2          23         0          0          0          0                  NaN                0              NaN                      0          0          NaN                        
5          23         0          0          0          0                  NaN                0              NaN                      0          0          NaN                        
10         23         0          0          0          0                  NaN                0              NaN                      0          0          NaN                        
25         23         0          0          0          0                  NaN                0              NaN                      0          0          NaN                        
50         23         0          0          0          0                  NaN                0              NaN                      0          0          NaN                        
100        23         0          0          0          0                  NaN                0              NaN                      0          0          NaN                        
1          24         0          0          0          0                  NaN                0              NaN                      0          0          NaN                        
2          24         0          0          0          0                  NaN                0              NaN                      0          0          NaN                        
5          24         0          0          0          0                  NaN                0              NaN                      0          0          NaN                        
10         24         0          0          0          0                  NaN                0              NaN                      0          0          NaN                        
25         24         0          0          0          0                  NaN                0              NaN                      0          0          NaN                        
50         24         0          0          0          0                  NaN                0              NaN                      0          0          NaN                        
100        24         0          0          0          0                  NaN                0              NaN                      0          0          NaN                        
1          25         0          0          0          0                  NaN                0              NaN                      0          0          NaN                        
2          25         0          0          0          0                  NaN                0              NaN                      0          0          NaN                        
5          25         0          0          0          0                  NaN                0              NaN                      0          0          NaN                        
10         25         0          0          0          0                  NaN                0              NaN                      0          0          NaN                        
25         25         0          0          0          0                  NaN                0              NaN                      0          0          NaN                        
50         25         0          0          0          0                  NaN                0              NaN                      0          0          NaN                        
100        25         0          0          0          0                  NaN                0              NaN                      0          0          NaN                        
1          26         0          0          0          0                  NaN                0              NaN                      0          0          NaN                        
2          26         0          0          0          0                  NaN                0              NaN                      0          0          NaN                        
5          26         0          0          0          0                  NaN                0              NaN                      0          0          NaN                        
10         26         0          0          0          0                  NaN                0              NaN                      0          0          NaN                        
25         26         0          0          0          0                  NaN                0              NaN                      0          0          NaN                        
50         26         0          0          0          0                  NaN                0              NaN                      0          0          NaN                        
100        26         0          0          0          0                  NaN                0              NaN                      0          0          NaN                        
1          27         0          0          0          0                  NaN                0              NaN                      0          0          NaN                        
2          27         0          0          0          0                  NaN                0              NaN                      0          0          NaN                        
5          27         0          0          0          0                  NaN                0              NaN                      0          0          NaN                        
10         27         0          0          0          0                  NaN                0              NaN                      0          0          NaN                        
25         27         0          0          0          0                  NaN                0              NaN                      0          0          NaN                        
50         27         0          0          0          0                  NaN                0              NaN                      0          0          NaN                        
100        27         0          0          0          0                  NaN                0              NaN                      0          0          NaN                        
1          29         1          0          0          1                  1,00               1              1,00                     1          1          -------------------- 100,00
2          29         2          0          0          2                  1,00               2              1,00                     2          2          -------------------- 100,00
5          29         2          0          3          5                  1,00               5              1,00                     5          5          -------- 40,00             
10         29         7          0          3          10                 1,00               10             1,00                     10         10         -------------- 70,00       
25         29         15         0          10         25                 1,00               25             1,00                     25         25         ------------ 60,00         
50         29         35         1          14         50                 1,00               50             1,00                     50         50         -------------- 70,00       
100        29         69         1          30         100                1,00               100            1,00                     100        100        -------------- 69,00       
1          30         1          0          0          1                  1,00               1              1,00                     1          1          -------------------- 100,00
2          30         0          0          2          2                  1,00               2              1,00                     2          2           0,00                      
5          30         1          0          4          5                  1,00               5              1,00                     5          5          ---- 20,00                 
10         30         5          0          5          10                 1,00               10             1,00                     10         10         ---------- 50,00           
25         30         22         0          3          25                 1,00               25             1,00                     25         25         ------------------ 88,00   
50         30         34         0          16         50                 1,00               50             1,00                     50         50         -------------- 68,00       
100        30         72         1          27         100                1,00               100            1,00                     100        100        --------------- 72,00      
1          31         1          0          0          1                  1,00               1              1,00                     1          1          -------------------- 100,00
2          31         2          0          0          2                  1,00               2              1,00                     2          2          -------------------- 100,00
5          31         3          0          2          5                  1,00               5              1,00                     5          5          ------------ 60,00         
10         31         7          0          3          10                 1,00               10             1,00                     10         10         -------------- 70,00       
25         31         18         0          7          25                 1,00               25             1,00                     25         25         --------------- 72,00      
50         31         36         1          13         50                 1,00               50             1,00                     50         50         --------------- 72,00      
100        31         64         0          36         100                1,00               100            1,00                     100        100        ------------- 64,00        
1          33         1          0          0          1                  1,00               1              1,00                     1          1          -------------------- 100,00
2          33         1          0          0          0                  0,00               0              0,00                     1          1          NaN                        
5          33         3          0          0          0                  0,00               0              0,00                     3          3          NaN                        
10         33         1          0          0          1                  1,00               1              1,00                     1          1          -------------------- 100,00
25         33         10         0          0          4                  0,40               4              0,40                     10         10         -------------------- 100,00
50         33         14         1          0          7                  0,47               7              0,47                     15         15         ------------------- 93,33  
100        33         36         1          0          12                 0,32               12             0,32                     37         37         -------------------- 97,30 
1          34         1          0          0          0                  0,00               0              0,00                     1          1          NaN                        
2          34         0          0          0          0                  NaN                0              NaN                      0          0          NaN                        
5          34         2          0          1          1                  0,33               1              0,33                     3          3          -------------- 66,67       
10         34         5          0          0          0                  0,00               0              0,00                     5          5          NaN                        
25         34         3          0          4          4                  0,57               4              0,57                     7          7          --------- 42,86            
50         34         10         0          5          5                  0,33               5              0,33                     15         15         -------------- 66,67       
100        34         18         0          12         12                 0,40               12             0,40                     30         30         ------------ 60,00         
1          37         0          0          0          0                  NaN                0              NaN                      0          0          NaN                        
2          37         1          0          0          0                  0,00               0              0,00                     1          1          NaN                        
5          37         1          0          0          0                  0,00               0              0,00                     1          1          NaN                        
10         37         1          0          1          1                  0,50               1              0,50                     2          2          ---------- 50,00           
25         37         4          0          4          4                  0,50               4              0,50                     8          8          ---------- 50,00           
50         37         10         0          4          4                  0,29               4              0,29                     14         14         --------------- 71,43      
100        37         22         0          10         10                 0,31               10             0,31                     32         32         -------------- 68,75       
1          38         0          1          0          1                  1,00               1              1,00                     1          1           0,00                      
2          38         0          0          0          0                  NaN                0              NaN                      0          0          NaN                        
5          38         0          2          0          2                  1,00               2              1,00                     2          2           0,00                      
10         38         3          1          0          1                  0,25               1              0,25                     4          4          --------------- 75,00      
25         38         6          2          0          2                  0,25               2              0,25                     8          8          --------------- 75,00      
50         38         7          6          0          6                  0,46               6              0,46                     13         13         ----------- 53,85          
100        38         27         9          0          8                  0,22               8              0,22                     36         36         --------------- 75,00      
1          39         1          0          0          0                  0,00               0              0,00                     1          1          NaN                        
2          39         0          0          0          0                  NaN                0              NaN                      0          0          NaN                        
5          39         1          0          1          1                  0,50               1              0,50                     2          2          ---------- 50,00           
10         39         2          0          0          0                  0,00               0              0,00                     2          2          NaN                        
25         39         7          0          1          1                  0,13               1              0,13                     8          8          ------------------ 87,50   
50         39         11         0          2          2                  0,15               2              0,15                     13         13         ----------------- 84,62    
100        39         18         0          9          9                  0,33               9              0,33                     27         27         -------------- 66,67       
1          40         0          0          0          0                  NaN                0              NaN                      0          0          NaN                        
2          40         1          0          0          0                  0,00               0              0,00                     1          1          NaN                        
5          40         1          0          1          1                  0,50               1              0,50                     2          2          ---------- 50,00           
10         40         2          0          2          2                  0,50               2              0,50                     4          4          ---------- 50,00           
25         40         8          0          5          5                  0,38               5              0,38                     13         13         ------------- 61,54        
50         40         9          0          3          3                  0,25               3              0,25                     12         12         --------------- 75,00      
100        40         22         0          12         12                 0,35               12             0,35                     34         34         ------------- 64,71        
1          41         0          0          0          0                  NaN                0              NaN                      0          0          NaN                        
2          41         1          0          0          0                  0,00               0              0,00                     1          1          NaN                        
5          41         0          0          0          0                  NaN                0              NaN                      0          0          NaN                        
10         41         6          0          1          1                  0,14               1              0,14                     7          7          ------------------ 85,71   
25         41         8          0          2          2                  0,20               2              0,20                     10         10         ---------------- 80,00     
50         41         8          0          8          8                  0,50               8              0,50                     16         16         ---------- 50,00           
100        41         22         0          8          8                  0,27               8              0,27                     30         30         --------------- 73,33      
1          42         0          0          0          0                  NaN                0              NaN                      0          0          NaN                        
2          42         0          0          0          0                  NaN                0              NaN                      0          0          NaN                        
5          42         0          0          0          0                  NaN                0              NaN                      0          0          NaN                        
10         42         2          0          0          0                  0,00               0              0,00                     2          2          NaN                        
25         42         0          0          3          3                  1,00               3              1,00                     3          3           0,00                      
50         42         12         0          8          8                  0,40               8              0,40                     20         20         ------------ 60,00         
100        42         24         0          9          9                  0,27               9              0,27                     33         33         --------------- 72,73      
1          43         1          0          0          1                  1,00               1              1,00                     1          1          -------------------- 100,00
2          43         2          0          0          1                  0,50               1              0,50                     2          2          -------------------- 100,00
5          43         4          0          0          3                  0,75               3              0,75                     4          4          -------------------- 100,00
10         43         6          0          0          4                  0,67               4              0,67                     6          6          -------------------- 100,00
25         43         19         0          0          16                 0,84               16             0,84                     19         19         -------------------- 100,00
50         43         33         1          0          24                 0,71               24             0,71                     34         34         -------------------- 97,06 
100        43         66         1          0          49                 0,73               49             0,73                     67         67         -------------------- 98,51 
1          44         1          0          0          1                  1,00               1              1,00                     1          1          -------------------- 100,00
2          44         1          0          0          1                  1,00               1              1,00                     1          1          -------------------- 100,00
5          44         5          0          0          2                  0,40               2              0,40                     5          5          -------------------- 100,00
10         44         4          0          0          2                  0,50               2              0,50                     4          4          -------------------- 100,00
25         44         20         0          0          15                 0,75               15             0,75                     20         20         -------------------- 100,00
50         44         28         1          0          21                 0,72               21             0,72                     29         29         -------------------- 96,55 
100        44         67         1          0          47                 0,69               47             0,69                     68         68         -------------------- 98,53 
1          46         0          0          0          0                  NaN                0              NaN                      0          0          NaN                        
2          46         0          0          0          0                  NaN                0              NaN                      0          0          NaN                        
5          46         0          0          0          0                  NaN                0              NaN                      0          0          NaN                        
10         46         0          0          0          0                  NaN                0              NaN                      0          0          NaN                        
25         46         0          0          0          0                  NaN                0              NaN                      0          0          NaN                        
50         46         0          0          0          0                  NaN                0              NaN                      0          0          NaN                        
100        46         1          0          0          0                  0,00               0              0,00                     1          1          NaN                        
1          47         0          0          0          0                  NaN                0              NaN                      0          0          NaN                        
2          47         0          0          0          0                  NaN                0              NaN                      0          0          NaN                        
5          47         1          0          0          0                  0,00               0              0,00                     1          1          NaN                        
10         47         0          0          0          0                  NaN                0              NaN                      0          0          NaN                        
25         47         0          0          0          0                  NaN                0              NaN                      0          0          NaN                        
50         47         0          0          0          0                  NaN                0              NaN                      0          0          NaN                        
100        47         0          0          0          0                  NaN                0              NaN                      0          0          NaN                        
1          48         0          0          0          0                  NaN                0              NaN                      0          0          NaN                        
2          48         0          0          0          0                  NaN                0              NaN                      0          0          NaN                        
5          48         0          0          0          0                  NaN                0              NaN                      0          0          NaN                        
10         48         0          0          0          0                  NaN                0              NaN                      0          0          NaN                        
25         48         0          0          0          0                  NaN                0              NaN                      0          0          NaN                        
50         48         0          0          0          0                  NaN                0              NaN                      0          0          NaN                        
100        48         1          0          0          0                  0,00               0              0,00                     1          1          NaN                        
1          49         0          0          0          0                  NaN                0              NaN                      0          0          NaN                        
2          49         0          0          0          0                  NaN                0              NaN                      0          0          NaN                        
5          49         0          0          0          0                  NaN                0              NaN                      0          0          NaN                        
10         49         0          0          0          0                  NaN                0              NaN                      0          0          NaN                        
25         49         1          0          0          0                  0,00               0              0,00                     1          1          NaN                        
50         49         0          0          0          0                  NaN                0              NaN                      0          0          NaN                        
100        49         0          0          0          0                  NaN                0              NaN                      0          0          NaN                        
1          50         0          0          0          0                  NaN                0              NaN                      0          0          NaN                        
2          50         0          0          0          0                  NaN                0              NaN                      0          0          NaN                        
5          50         0          0          0          0                  NaN                0              NaN                      0          0          NaN                        
10         50         0          0          0          0                  NaN                0              NaN                      0          0          NaN                        
25         50         0          0          0          0                  NaN                0              NaN                      0          0          NaN                        
50         50         0          0          0          0                  NaN                0              NaN                      0          0          NaN                        
100        50         0          0          0          0                  NaN                0              NaN                      0          0          NaN                        
1          51         0          0          0          0                  NaN                0              NaN                      0          0          NaN                        
2          51         0          0          0          0                  NaN                0              NaN                      0          0          NaN                        
5          51         0          0          0          0                  NaN                0              NaN                      0          0          NaN                        
10         51         0          0          0          0                  NaN                0              NaN                      0          0          NaN                        
25         51         0          0          0          0                  NaN                0              NaN                      0          0          NaN                        
50         51         0          0          0          0                  NaN                0              NaN                      0          0          NaN                        
100        51         0          0          0          0                  NaN                0              NaN                      0          0          NaN                        
1          52         1          0          0          1                  1,00               1              1,00                     1          1          -------------------- 100,00
2          52         1          1          0          2                  1,00               2              1,00                     2          2          ---------- 50,00           
5          52         2          3          0          5                  1,00               5              1,00                     5          5          -------- 40,00             
10         52         5          5          0          10                 1,00               10             1,00                     10         10         ---------- 50,00           
25         52         11         14         0          25                 1,00               25             1,00                     25         25         --------- 44,00            
50         52         20         30         0          50                 1,00               50             1,00                     50         50         -------- 40,00             
100        52         44         56         0          100                1,00               100            1,00                     100        100        --------- 44,00            
1          53         1          0          0          1                  1,00               1              1,00                     1          1          -------------------- 100,00
2          53         1          1          0          2                  1,00               2              1,00                     2          2          ---------- 50,00           
5          53         2          3          0          5                  1,00               5              1,00                     5          5          -------- 40,00             
10         53         5          5          0          10                 1,00               10             1,00                     10         10         ---------- 50,00           
25         53         11         14         0          25                 1,00               25             1,00                     25         25         --------- 44,00            
50         53         20         30         0          50                 1,00               50             1,00                     50         50         -------- 40,00             
100        53         44         56         0          100                1,00               100            1,00                     100        100        --------- 44,00            
1          54         1          0          0          1                  1,00               1              1,00                     1          1          -------------------- 100,00
2          54         1          1          0          2                  1,00               2              1,00                     2          2          ---------- 50,00           
5          54         2          3          0          5                  1,00               5              1,00                     5          5          -------- 40,00             
10         54         5          5          0          10                 1,00               10             1,00                     10         10         ---------- 50,00           
25         54         11         14         0          25                 1,00               25             1,00                     25         25         --------- 44,00            
50         54         20         30         0          50                 1,00               50             1,00                     50         50         -------- 40,00             
100        54         44         56         0          100                1,00               100            1,00                     100        100        --------- 44,00            
1          56         0          0          0          0                  NaN                0              NaN                      0          0          NaN                        
2          56         0          0          1          1                  1,00               1              1,00                     1          1           0,00                      
5          56         0          0          3          3                  1,00               3              1,00                     3          3           0,00                      
10         56         0          0          5          5                  1,00               5              1,00                     5          5           0,00                      
25         56         0          0          14         14                 1,00               14             1,00                     14         14          0,00                      
50         56         0          0          31         31                 1,00               31             1,00                     31         31          0,00                      
100        56         0          0          57         57                 1,00               57             1,00                     57         57          0,00                      
1          57         0          0          0          0                  NaN                0              NaN                      0          0          NaN                        
2          57         0          1          0          1                  1,00               1              1,00                     1          1           0,00                      
5          57         0          3          0          3                  1,00               3              1,00                     3          3           0,00                      
10         57         0          5          0          5                  1,00               5              1,00                     5          5           0,00                      
25         57         0          14         0          14                 1,00               14             1,00                     14         14          0,00                      
50         57         0          31         0          31                 1,00               31             1,00                     31         31          0,00                      
100        57         0          57         0          57                 1,00               57             1,00                     57         57          0,00                      
1          58         0          0          0          0                  NaN                0              NaN                      0          0          NaN                        
2          58         0          0          1          1                  1,00               1              1,00                     1          1           0,00                      
5          58         0          0          3          3                  1,00               3              1,00                     3          3           0,00                      
10         58         0          0          5          5                  1,00               5              1,00                     5          5           0,00                      
25         58         0          0          14         14                 1,00               14             1,00                     14         14          0,00                      
50         58         0          0          31         31                 1,00               31             1,00                     31         31          0,00                      
100        58         0          0          57         57                 1,00               57             1,00                     57         57          0,00                      
1          59         0          0          0          0                  NaN                0              NaN                      0          0          NaN                        
2          59         0          0          1          1                  1,00               1              1,00                     1          1           0,00                      
5          59         0          0          3          3                  1,00               3              1,00                     3          3           0,00                      
10         59         0          0          5          5                  1,00               5              1,00                     5          5           0,00                      
25         59         0          0          14         14                 1,00               14             1,00                     14         14          0,00                      
50         59         0          0          31         31                 1,00               31             1,00                     31         31          0,00                      
100        59         0          0          57         57                 1,00               57             1,00                     57         57          0,00                      
1          60         0          0          0          0                  NaN                0              NaN                      0          0          NaN                        
2          60         0          0          1          1                  1,00               1              1,00                     1          1           0,00                      
5          60         0          0          3          3                  1,00               3              1,00                     3          3           0,00                      
10         60         0          0          5          5                  1,00               5              1,00                     5          5           0,00                      
25         60         0          0          14         14                 1,00               14             1,00                     14         14          0,00                      
50         60         0          0          31         31                 1,00               31             1,00                     31         31          0,00                      
100        60         0          0          57         57                 1,00               57             1,00                     57         57          0,00                      
1          61         0          0          0          0                  NaN                0              NaN                      0          0          NaN                        
2          61         0          0          1          1                  1,00               1              1,00                     1          1           0,00                      
5          61         0          0          3          3                  1,00               3              1,00                     3          3           0,00                      
10         61         0          0          5          5                  1,00               5              1,00                     5          5           0,00                      
25         61         0          0          14         14                 1,00               14             1,00                     14         14          0,00                      
50         61         0          0          31         31                 1,00               31             1,00                     31         31          0,00                      
100        61         0          0          57         57                 1,00               57             1,00                     57         57          0,00                      
1          62         2          0          0          4                  2,00               2              1,00                     2          2          -------------------- 100,00
2          62         4          0          0          8                  2,00               4              1,00                     4          4          -------------------- 100,00
5          62         10         0          0          20                 2,00               10             1,00                     10         10         -------------------- 100,00
10         62         20         0          0          40                 2,00               20             1,00                     20         20         -------------------- 100,00
25         62         50         0          0          100                2,00               50             1,00                     50         50         -------------------- 100,00
50         62         98         2          0          200                2,00               100            1,00                     100        100        -------------------- 98,00 
100        62         198        2          0          400                2,00               200            1,00                     200        200        -------------------- 99,00 
1          63         2          0          0          4                  2,00               2              1,00                     2          2          -------------------- 100,00
2          63         4          0          0          8                  2,00               4              1,00                     4          4          -------------------- 100,00
5          63         10         0          0          20                 2,00               10             1,00                     10         10         -------------------- 100,00
10         63         20         0          0          40                 2,00               20             1,00                     20         20         -------------------- 100,00
25         63         50         0          0          100                2,00               50             1,00                     50         50         -------------------- 100,00
50         63         98         2          0          200                2,00               100            1,00                     100        100        -------------------- 98,00 
100        63         198        2          0          400                2,00               200            1,00                     200        200        -------------------- 99,00 
1          64         2          0          0          4                  2,00               2              1,00                     2          2          -------------------- 100,00
2          64         4          0          0          8                  2,00               4              1,00                     4          4          -------------------- 100,00
5          64         10         0          0          20                 2,00               10             1,00                     10         10         -------------------- 100,00
10         64         20         0          0          40                 2,00               20             1,00                     20         20         -------------------- 100,00
25         64         50         0          0          100                2,00               50             1,00                     50         50         -------------------- 100,00
50         64         98         2          0          200                2,00               100            1,00                     100        100        -------------------- 98,00 
100        64         198        2          0          400                2,00               200            1,00                     200        200        -------------------- 99,00 
1          65         2          0          0          4                  2,00               2              1,00                     2          2          -------------------- 100,00
2          65         4          0          0          8                  2,00               4              1,00                     4          4          -------------------- 100,00
5          65         10         0          0          20                 2,00               10             1,00                     10         10         -------------------- 100,00
10         65         20         0          0          40                 2,00               20             1,00                     20         20         -------------------- 100,00
25         65         50         0          0          100                2,00               50             1,00                     50         50         -------------------- 100,00
50         65         98         2          0          200                2,00               100            1,00                     100        100        -------------------- 98,00 
100        65         198        2          0          400                2,00               200            1,00                     200        200        -------------------- 99,00 
1          67         1          0          1          4                  2,00               2              1,00                     2          2          ---------- 50,00           
2          67         2          0          2          8                  2,00               4              1,00                     4          4          ---------- 50,00           
5          67         5          0          5          20                 2,00               10             1,00                     10         10         ---------- 50,00           
10         67         10         0          10         40                 2,00               20             1,00                     20         20         ---------- 50,00           
25         67         25         0          25         100                2,00               50             1,00                     50         50         ---------- 50,00           
50         67         49         1          50         200                2,00               100            1,00                     100        100        ---------- 49,00           
100        67         99         1          100        400                2,00               200            1,00                     200        200        ---------- 49,50           
1          68         2          0          0          4                  2,00               2              1,00                     2          2          -------------------- 100,00
2          68         4          0          0          8                  2,00               4              1,00                     4          4          -------------------- 100,00
5          68         10         0          0          20                 2,00               10             1,00                     10         10         -------------------- 100,00
10         68         20         0          0          40                 2,00               20             1,00                     20         20         -------------------- 100,00
25         68         50         0          0          100                2,00               50             1,00                     50         50         -------------------- 100,00
50         68         98         2          0          200                2,00               100            1,00                     100        100        -------------------- 98,00 
100        68         198        2          0          400                2,00               200            1,00                     200        200        -------------------- 99,00 
1          69         2          0          0          4                  2,00               2              1,00                     2          2          -------------------- 100,00
2          69         4          0          0          8                  2,00               4              1,00                     4          4          -------------------- 100,00
5          69         10         0          0          20                 2,00               10             1,00                     10         10         -------------------- 100,00
10         69         20         0          0          40                 2,00               20             1,00                     20         20         -------------------- 100,00
25         69         50         0          0          100                2,00               50             1,00                     50         50         -------------------- 100,00
50         69         98         2          0          200                2,00               100            1,00                     100        100        -------------------- 98,00 
100        69         198        2          0          400                2,00               200            1,00                     200        200        -------------------- 99,00 
1          70         2          0          0          4                  2,00               2              1,00                     2          2          -------------------- 100,00
2          70         4          0          0          8                  2,00               4              1,00                     4          4          -------------------- 100,00
5          70         10         0          0          20                 2,00               10             1,00                     10         10         -------------------- 100,00
10         70         20         0          0          40                 2,00               20             1,00                     20         20         -------------------- 100,00
25         70         50         0          0          100                2,00               50             1,00                     50         50         -------------------- 100,00
50         70         98         2          0          200                2,00               100            1,00                     100        100        -------------------- 98,00 
100        70         198        2          0          400                2,00               200            1,00                     200        200        -------------------- 99,00 
1          74         2          0          0          4                  2,00               2              1,00                     2          2          -------------------- 100,00
2          74         4          0          0          8                  2,00               4              1,00                     4          4          -------------------- 100,00
5          74         10         0          0          20                 2,00               10             1,00                     10         10         -------------------- 100,00
10         74         20         0          0          40                 2,00               20             1,00                     20         20         -------------------- 100,00
25         74         50         0          0          100                2,00               50             1,00                     50         50         -------------------- 100,00
50         74         98         2          0          200                2,00               100            1,00                     100        100        -------------------- 98,00 
100        74         198        2          0          400                2,00               200            1,00                     200        200        -------------------- 99,00 
1          75         2          0          0          4                  2,00               2              1,00                     2          2          -------------------- 100,00
2          75         4          0          0          8                  2,00               4              1,00                     4          4          -------------------- 100,00
5          75         10         0          0          20                 2,00               10             1,00                     10         10         -------------------- 100,00
10         75         20         0          0          40                 2,00               20             1,00                     20         20         -------------------- 100,00
25         75         50         0          0          100                2,00               50             1,00                     50         50         -------------------- 100,00
50         75         98         2          0          200                2,00               100            1,00                     100        100        -------------------- 98,00 
100        75         198        2          0          400                2,00               200            1,00                     200        200        -------------------- 99,00 
1          77         2          0          0          4                  2,00               2              1,00                     2          2          -------------------- 100,00
2          77         4          0          0          8                  2,00               4              1,00                     4          4          -------------------- 100,00
5          77         10         0          0          20                 2,00               10             1,00                     10         10         -------------------- 100,00
10         77         20         0          0          40                 2,00               20             1,00                     20         20         -------------------- 100,00
25         77         50         0          0          100                2,00               50             1,00                     50         50         -------------------- 100,00
50         77         98         2          0          200                2,00               100            1,00                     100        100        -------------------- 98,00 
100        77         198        2          0          400                2,00               200            1,00                     200        200        -------------------- 99,00 
1          78         2          0          0          4                  2,00               2              1,00                     2          2          -------------------- 100,00
2          78         4          0          0          8                  2,00               4              1,00                     4          4          -------------------- 100,00
5          78         10         0          0          20                 2,00               10             1,00                     10         10         -------------------- 100,00
10         78         20         0          0          40                 2,00               20             1,00                     20         20         -------------------- 100,00
25         78         50         0          0          100                2,00               50             1,00                     50         50         -------------------- 100,00
50         78         98         2          0          200                2,00               100            1,00                     100        100        -------------------- 98,00 
100        78         198        2          0          400                2,00               200            1,00                     200        200        -------------------- 99,00 
1          81         0          0          0          0                  NaN                0              NaN                      0          0          NaN                        
2          81         0          0          0          0                  NaN                0              NaN                      0          0          NaN                        
5          81         0          0          0          0                  NaN                0              NaN                      0          0          NaN                        
10         81         0          0          0          0                  NaN                0              NaN                      0          0          NaN                        
25         81         0          0          0          0                  NaN                0              NaN                      0          0          NaN                        
50         81         0          0          0          0                  NaN                0              NaN                      0          0          NaN                        
100        81         0          0          0          0                  NaN                0              NaN                      0          0          NaN                        
1          82         0          0          0          0                  NaN                0              NaN                      0          0          NaN                        
2          82         0          0          0          0                  NaN                0              NaN                      0          0          NaN                        
5          82         0          0          0          0                  NaN                0              NaN                      0          0          NaN                        
10         82         0          0          0          0                  NaN                0              NaN                      0          0          NaN                        
25         82         0          0          0          0                  NaN                0              NaN                      0          0          NaN                        
50         82         0          0          0          0                  NaN                0              NaN                      0          0          NaN                        
100        82         0          0          0          0                  NaN                0              NaN                      0          0          NaN                        
1          83         0          0          0          0                  NaN                0              NaN                      0          0          NaN                        
2          83         0          0          0          0                  NaN                0              NaN                      0          0          NaN                        
5          83         0          0          0          0                  NaN                0              NaN                      0          0          NaN                        
10         83         0          0          0          0                  NaN                0              NaN                      0          0          NaN                        
25         83         0          0          0          0                  NaN                0              NaN                      0          0          NaN                        
50         83         0          0          0          0                  NaN                0              NaN                      0          0          NaN                        
100        83         0          0          0          0                  NaN                0              NaN                      0          0          NaN                        
1          84         0          0          0          0                  NaN                0              NaN                      0          0          NaN                        
2          84         0          0          0          0                  NaN                0              NaN                      0          0          NaN                        
5          84         0          0          0          0                  NaN                0              NaN                      0          0          NaN                        
10         84         0          0          0          0                  NaN                0              NaN                      0          0          NaN                        
25         84         0          0          0          0                  NaN                0              NaN                      0          0          NaN                        
50         84         0          0          0          0                  NaN                0              NaN                      0          0          NaN                        
100        84         0          0          0          0                  NaN                0              NaN                      0          0          NaN                        
1          85         0          0          2          3                  1,50               2              1,00                     2          2           0,00                      
2          85         0          0          4          6                  1,50               4              1,00                     4          4           0,00                      
5          85         0          0          10         15                 1,50               10             1,00                     10         10          0,00                      
10         85         0          0          20         30                 1,50               20             1,00                     20         20          0,00                      
25         85         0          0          50         75                 1,50               50             1,00                     50         50          0,00                      
50         85         0          0          100        150                1,50               100            1,00                     100        100         0,00                      
100        85         0          0          200        300                1,50               200            1,00                     200        200         0,00                      
1          86         0          0          2          3                  1,50               2              1,00                     2          2           0,00                      
2          86         0          0          4          6                  1,50               4              1,00                     4          4           0,00                      
5          86         0          0          10         15                 1,50               10             1,00                     10         10          0,00                      
10         86         0          0          20         30                 1,50               20             1,00                     20         20          0,00                      
25         86         0          0          50         75                 1,50               50             1,00                     50         50          0,00                      
50         86         0          0          100        150                1,50               100            1,00                     100        100         0,00                      
100        86         0          0          200        300                1,50               200            1,00                     200        200         0,00                      
1          87         2          0          0          4                  2,00               2              1,00                     2          2          -------------------- 100,00
2          87         4          0          0          8                  2,00               4              1,00                     4          4          -------------------- 100,00
5          87         10         0          0          20                 2,00               10             1,00                     10         10         -------------------- 100,00
10         87         20         0          0          40                 2,00               20             1,00                     20         20         -------------------- 100,00
25         87         50         0          0          100                2,00               50             1,00                     50         50         -------------------- 100,00
50         87         98         2          0          200                2,00               100            1,00                     100        100        -------------------- 98,00 
100        87         198        2          0          400                2,00               200            1,00                     200        200        -------------------- 99,00 
