Contains data to explore the size of task required for saturation
Size Task Exploration (STE)
Size Task : 5 10 20 50 250 
73 perturbation point
N Execution Enactor
PONE : Numerical Perturbator
One task of different size
Seed used for generate task is 23
#Tasks     IndexLoc   #Success   #Failure   #Exception #CallAllExecs      AvgCallPerExec     #Perturbations AvgPerturbationPerExec   #Execs     #CallRef   %Success                   
5          0          80         0          0          320                4,00               80             1,00                     0          80         -------------------- 100,00
10         0          80         0          0          320                4,00               80             1,00                     0          80         -------------------- 100,00
20         0          80         0          0          320                4,00               80             1,00                     0          80         -------------------- 100,00
50         0          80         0          0          320                4,00               80             1,00                     0          80         -------------------- 100,00
250        0          60         0          12         272                3,78               72             1,00                     0          72         ----------------- 83,33    
5          2          40         0          0          80                 2,00               40             1,00                     0          40         -------------------- 100,00
10         2          40         0          0          80                 2,00               40             1,00                     0          40         -------------------- 100,00
20         2          40         0          0          80                 2,00               40             1,00                     0          40         -------------------- 100,00
50         2          40         0          0          80                 2,00               40             1,00                     0          40         -------------------- 100,00
250        2          30         0          10         80                 2,00               40             1,00                     0          40         --------------- 75,00      
5          3          40         0          0          80                 2,00               40             1,00                     0          40         -------------------- 100,00
10         3          40         0          0          80                 2,00               40             1,00                     0          40         -------------------- 100,00
20         3          40         0          0          80                 2,00               40             1,00                     0          40         -------------------- 100,00
50         3          40         0          0          80                 2,00               40             1,00                     0          40         -------------------- 100,00
250        3          30         0          10         80                 2,00               40             1,00                     0          40         --------------- 75,00      
5          4          40         0          0          80                 2,00               40             1,00                     0          40         -------------------- 100,00
10         4          40         0          0          80                 2,00               40             1,00                     0          40         -------------------- 100,00
20         4          40         0          0          80                 2,00               40             1,00                     0          40         -------------------- 100,00
50         4          40         0          0          80                 2,00               40             1,00                     0          40         -------------------- 100,00
250        4          30         0          10         80                 2,00               40             1,00                     0          40         --------------- 75,00      
5          5          40         0          0          80                 2,00               40             1,00                     0          40         -------------------- 100,00
10         5          40         0          0          80                 2,00               40             1,00                     0          40         -------------------- 100,00
20         5          40         0          0          80                 2,00               40             1,00                     0          40         -------------------- 100,00
50         5          40         0          0          80                 2,00               40             1,00                     0          40         -------------------- 100,00
250        5          15         0          25         60                 1,50               40             1,00                     0          40         -------- 37,50             
5          6          40         0          0          80                 2,00               40             1,00                     0          40         -------------------- 100,00
10         6          40         0          0          80                 2,00               40             1,00                     0          40         -------------------- 100,00
20         6          40         0          0          80                 2,00               40             1,00                     0          40         -------------------- 100,00
50         6          40         0          0          80                 2,00               40             1,00                     0          40         -------------------- 100,00
250        6          30         0          10         80                 2,00               40             1,00                     0          40         --------------- 75,00      
5          7          40         0          0          80                 2,00               40             1,00                     0          40         -------------------- 100,00
10         7          40         0          0          80                 2,00               40             1,00                     0          40         -------------------- 100,00
20         7          40         0          0          80                 2,00               40             1,00                     0          40         -------------------- 100,00
50         7          40         0          0          80                 2,00               40             1,00                     0          40         -------------------- 100,00
250        7          15         0          25         60                 1,50               40             1,00                     0          40         -------- 37,50             
5          8          40         0          0          80                 2,00               40             1,00                     0          40         -------------------- 100,00
10         8          40         0          0          80                 2,00               40             1,00                     0          40         -------------------- 100,00
20         8          40         0          0          80                 2,00               40             1,00                     0          40         -------------------- 100,00
50         8          40         0          0          80                 2,00               40             1,00                     0          40         -------------------- 100,00
250        8          30         0          10         80                 2,00               40             1,00                     0          40         --------------- 75,00      
5          9          40         0          0          80                 2,00               40             1,00                     0          40         -------------------- 100,00
10         9          40         0          0          80                 2,00               40             1,00                     0          40         -------------------- 100,00
20         9          40         0          0          80                 2,00               40             1,00                     0          40         -------------------- 100,00
50         9          40         0          0          80                 2,00               40             1,00                     0          40         -------------------- 100,00
250        9          30         0          2          64                 2,00               32             1,00                     0          32         ------------------- 93,75  
5          10         40         0          0          80                 2,00               40             1,00                     0          40         -------------------- 100,00
10         10         40         0          0          80                 2,00               40             1,00                     0          40         -------------------- 100,00
20         10         40         0          0          80                 2,00               40             1,00                     0          40         -------------------- 100,00
50         10         40         0          0          80                 2,00               40             1,00                     0          40         -------------------- 100,00
250        10         30         0          2          64                 2,00               32             1,00                     0          32         ------------------- 93,75  
5          11         40         0          0          80                 2,00               40             1,00                     0          40         -------------------- 100,00
10         11         40         0          0          80                 2,00               40             1,00                     0          40         -------------------- 100,00
20         11         40         0          0          80                 2,00               40             1,00                     0          40         -------------------- 100,00
50         11         40         0          0          80                 2,00               40             1,00                     0          40         -------------------- 100,00
250        11         30         0          2          64                 2,00               32             1,00                     0          32         ------------------- 93,75  
5          12         20         0          20         60                 1,50               40             1,00                     0          40         ---------- 50,00           
10         12         20         0          20         60                 1,50               40             1,00                     0          40         ---------- 50,00           
20         12         20         0          20         60                 1,50               40             1,00                     0          40         ---------- 50,00           
50         12         20         0          20         60                 1,50               40             1,00                     0          40         ---------- 50,00           
250        12         15         0          17         48                 1,50               32             1,00                     0          32         ---------- 46,88           
5          13         40         0          0          80                 2,00               40             1,00                     0          40         -------------------- 100,00
10         13         40         0          0          80                 2,00               40             1,00                     0          40         -------------------- 100,00
20         13         40         0          0          80                 2,00               40             1,00                     0          40         -------------------- 100,00
50         13         40         0          0          80                 2,00               40             1,00                     0          40         -------------------- 100,00
250        13         30         0          2          64                 2,00               32             1,00                     0          32         ------------------- 93,75  
5          14         10         0          10         40                 2,00               20             1,00                     0          20         ---------- 50,00           
10         14         17         0          4          43                 2,05               21             1,00                     0          21         ----------------- 80,95    
20         14         16         0          4          40                 2,00               20             1,00                     0          20         ---------------- 80,00     
50         14         11         0          9          40                 2,00               20             1,00                     0          20         ------------ 55,00         
250        14         12         0          4          32                 2,00               16             1,00                     0          16         --------------- 75,00      
5          16         10         0          10         40                 2,00               20             1,00                     0          20         ---------- 50,00           
10         16         17         0          4          43                 2,05               21             1,00                     0          21         ----------------- 80,95    
20         16         16         0          4          40                 2,00               20             1,00                     0          20         ---------------- 80,00     
50         16         11         0          9          40                 2,00               20             1,00                     0          20         ------------ 55,00         
250        16         12         0          4          32                 2,00               16             1,00                     0          16         --------------- 75,00      
5          17         10         0          10         40                 2,00               20             1,00                     0          20         ---------- 50,00           
10         17         17         0          4          43                 2,05               21             1,00                     0          21         ----------------- 80,95    
20         17         16         0          4          40                 2,00               20             1,00                     0          20         ---------------- 80,00     
50         17         11         0          9          40                 2,00               20             1,00                     0          20         ------------ 55,00         
250        17         12         0          4          32                 2,00               16             1,00                     0          16         --------------- 75,00      
5          18         10         0          10         40                 2,00               20             1,00                     0          20         ---------- 50,00           
10         18         17         0          4          43                 2,05               21             1,00                     0          21         ----------------- 80,95    
20         18         16         0          4          40                 2,00               20             1,00                     0          20         ---------------- 80,00     
50         18         11         0          9          40                 2,00               20             1,00                     0          20         ------------ 55,00         
250        18         12         0          4          32                 2,00               16             1,00                     0          16         --------------- 75,00      
5          19         20         0          0          20                 1,00               20             1,00                     0          20         -------------------- 100,00
10         19         21         0          0          22                 1,05               21             1,00                     0          21         -------------------- 100,00
20         19         20         0          0          20                 1,00               20             1,00                     0          20         -------------------- 100,00
50         19         20         0          0          20                 1,00               20             1,00                     0          20         -------------------- 100,00
250        19         15         0          1          16                 1,00               16             1,00                     0          16         ------------------- 93,75  
5          20         10         0          10         40                 2,00               20             1,00                     0          20         ---------- 50,00           
10         20         17         0          4          43                 2,05               21             1,00                     0          21         ----------------- 80,95    
20         20         16         0          4          40                 2,00               20             1,00                     0          20         ---------------- 80,00     
50         20         11         0          9          40                 2,00               20             1,00                     0          20         ------------ 55,00         
250        20         12         0          4          32                 2,00               16             1,00                     0          16         --------------- 75,00      
5          21         0          0          0          0                  NaN                0              NaN                      0          0          NaN                        
10         21         0          0          0          0                  NaN                0              NaN                      0          0          NaN                        
20         21         0          0          0          0                  NaN                0              NaN                      0          0          NaN                        
50         21         0          0          0          0                  NaN                0              NaN                      0          0          NaN                        
250        21         0          0          0          0                  NaN                0              NaN                      0          0          NaN                        
5          22         0          0          0          0                  NaN                0              NaN                      0          0          NaN                        
10         22         0          0          0          0                  NaN                0              NaN                      0          0          NaN                        
20         22         0          0          0          0                  NaN                0              NaN                      0          0          NaN                        
50         22         0          0          0          0                  NaN                0              NaN                      0          0          NaN                        
250        22         0          0          0          0                  NaN                0              NaN                      0          0          NaN                        
5          23         0          0          0          0                  NaN                0              NaN                      0          0          NaN                        
10         23         0          0          0          0                  NaN                0              NaN                      0          0          NaN                        
20         23         0          0          0          0                  NaN                0              NaN                      0          0          NaN                        
50         23         0          0          0          0                  NaN                0              NaN                      0          0          NaN                        
250        23         0          0          0          0                  NaN                0              NaN                      0          0          NaN                        
5          24         0          0          0          0                  NaN                0              NaN                      0          0          NaN                        
10         24         0          0          0          0                  NaN                0              NaN                      0          0          NaN                        
20         24         0          0          0          0                  NaN                0              NaN                      0          0          NaN                        
50         24         0          0          0          0                  NaN                0              NaN                      0          0          NaN                        
250        24         0          0          0          0                  NaN                0              NaN                      0          0          NaN                        
5          25         0          0          0          0                  NaN                0              NaN                      0          0          NaN                        
10         25         0          0          0          0                  NaN                0              NaN                      0          0          NaN                        
20         25         0          0          0          0                  NaN                0              NaN                      0          0          NaN                        
50         25         0          0          0          0                  NaN                0              NaN                      0          0          NaN                        
250        25         0          0          0          0                  NaN                0              NaN                      0          0          NaN                        
5          26         0          0          0          0                  NaN                0              NaN                      0          0          NaN                        
10         26         0          0          0          0                  NaN                0              NaN                      0          0          NaN                        
20         26         0          0          0          0                  NaN                0              NaN                      0          0          NaN                        
50         26         0          0          0          0                  NaN                0              NaN                      0          0          NaN                        
250        26         0          0          0          0                  NaN                0              NaN                      0          0          NaN                        
5          27         0          0          0          0                  NaN                0              NaN                      0          0          NaN                        
10         27         0          0          0          0                  NaN                0              NaN                      0          0          NaN                        
20         27         0          0          0          0                  NaN                0              NaN                      0          0          NaN                        
50         27         0          0          0          0                  NaN                0              NaN                      0          0          NaN                        
250        27         0          0          0          0                  NaN                0              NaN                      0          0          NaN                        
5          29         10         0          10         20                 1,00               20             1,00                     0          20         ---------- 50,00           
10         29         16         0          4          20                 1,00               20             1,00                     0          20         ---------------- 80,00     
20         29         16         0          4          20                 1,00               20             1,00                     0          20         ---------------- 80,00     
50         29         11         0          9          20                 1,00               20             1,00                     0          20         ------------ 55,00         
250        29         12         0          4          16                 1,00               16             1,00                     0          16         --------------- 75,00      
5          30         10         0          10         20                 1,00               20             1,00                     0          20         ---------- 50,00           
10         30         16         0          4          20                 1,00               20             1,00                     0          20         ---------------- 80,00     
20         30         16         0          4          20                 1,00               20             1,00                     0          20         ---------------- 80,00     
50         30         11         0          9          20                 1,00               20             1,00                     0          20         ------------ 55,00         
250        30         12         0          4          16                 1,00               16             1,00                     0          16         --------------- 75,00      
5          31         10         0          10         20                 1,00               20             1,00                     0          20         ---------- 50,00           
10         31         16         0          4          20                 1,00               20             1,00                     0          20         ---------------- 80,00     
20         31         16         0          4          20                 1,00               20             1,00                     0          20         ---------------- 80,00     
50         31         11         0          9          20                 1,00               20             1,00                     0          20         ------------ 55,00         
250        31         12         0          4          16                 1,00               16             1,00                     0          16         --------------- 75,00      
5          33         10         0          0          10                 1,00               10             1,00                     0          10         -------------------- 100,00
10         33         5          0          0          5                  1,00               5              1,00                     0          5          -------------------- 100,00
20         33         4          0          0          4                  1,00               4              1,00                     0          4          -------------------- 100,00
50         33         9          0          0          9                  1,00               9              1,00                     0          9          -------------------- 100,00
250        33         3          0          0          3                  1,00               3              1,00                     0          3          -------------------- 100,00
5          34         0          0          10         10                 1,00               10             1,00                     0          10          0,00                      
10         34         1          0          4          5                  1,00               5              1,00                     0          5          ---- 20,00                 
20         34         0          0          4          4                  1,00               4              1,00                     0          4           0,00                      
50         34         0          0          9          9                  1,00               9              1,00                     0          9           0,00                      
250        34         0          0          3          3                  1,00               3              1,00                     0          3           0,00                      
5          37         0          0          10         10                 1,00               10             1,00                     0          10          0,00                      
10         37         0          0          4          4                  1,00               4              1,00                     0          4           0,00                      
20         37         0          0          4          4                  1,00               4              1,00                     0          4           0,00                      
50         37         0          0          9          9                  1,00               9              1,00                     0          9           0,00                      
250        37         0          0          3          3                  1,00               3              1,00                     0          3           0,00                      
5          38         0          10         0          10                 1,00               10             1,00                     0          10          0,00                      
10         38         0          4          0          4                  1,00               4              1,00                     0          4           0,00                      
20         38         0          4          0          4                  1,00               4              1,00                     0          4           0,00                      
50         38         0          9          0          9                  1,00               9              1,00                     0          9           0,00                      
250        38         0          3          0          3                  1,00               3              1,00                     0          3           0,00                      
5          39         0          0          10         10                 1,00               10             1,00                     0          10          0,00                      
10         39         0          0          4          4                  1,00               4              1,00                     0          4           0,00                      
20         39         0          0          4          4                  1,00               4              1,00                     0          4           0,00                      
50         39         0          0          9          9                  1,00               9              1,00                     0          9           0,00                      
250        39         0          0          3          3                  1,00               3              1,00                     0          3           0,00                      
5          40         0          0          10         10                 1,00               10             1,00                     0          10          0,00                      
10         40         0          0          4          4                  1,00               4              1,00                     0          4           0,00                      
20         40         0          0          4          4                  1,00               4              1,00                     0          4           0,00                      
50         40         0          0          9          9                  1,00               9              1,00                     0          9           0,00                      
250        40         0          0          3          3                  1,00               3              1,00                     0          3           0,00                      
5          41         0          0          10         10                 1,00               10             1,00                     0          10          0,00                      
10         41         0          0          4          4                  1,00               4              1,00                     0          4           0,00                      
20         41         0          0          4          4                  1,00               4              1,00                     0          4           0,00                      
50         41         0          0          9          9                  1,00               9              1,00                     0          9           0,00                      
250        41         0          0          3          3                  1,00               3              1,00                     0          3           0,00                      
5          42         0          0          10         10                 1,00               10             1,00                     0          10          0,00                      
10         42         0          0          4          4                  1,00               4              1,00                     0          4           0,00                      
20         42         0          0          4          4                  1,00               4              1,00                     0          4           0,00                      
50         42         0          0          9          9                  1,00               9              1,00                     0          9           0,00                      
250        42         0          0          3          3                  1,00               3              1,00                     0          3           0,00                      
5          43         10         0          0          10                 1,00               10             1,00                     0          10         -------------------- 100,00
10         43         16         0          0          16                 1,00               16             1,00                     0          16         -------------------- 100,00
20         43         16         0          0          16                 1,00               16             1,00                     0          16         -------------------- 100,00
50         43         11         0          0          11                 1,00               11             1,00                     0          11         -------------------- 100,00
250        43         12         0          1          13                 1,00               13             1,00                     0          13         ------------------- 92,31  
5          44         10         0          0          10                 1,00               10             1,00                     0          10         -------------------- 100,00
10         44         16         0          0          16                 1,00               16             1,00                     0          16         -------------------- 100,00
20         44         16         0          0          16                 1,00               16             1,00                     0          16         -------------------- 100,00
50         44         11         0          0          11                 1,00               11             1,00                     0          11         -------------------- 100,00
250        44         12         0          1          13                 1,00               13             1,00                     0          13         ------------------- 92,31  
5          46         0          0          0          0                  NaN                0              NaN                      0          0          NaN                        
10         46         0          0          0          0                  NaN                0              NaN                      0          0          NaN                        
20         46         0          0          0          0                  NaN                0              NaN                      0          0          NaN                        
50         46         0          0          0          0                  NaN                0              NaN                      0          0          NaN                        
250        46         0          0          0          0                  NaN                0              NaN                      0          0          NaN                        
5          47         0          0          0          0                  NaN                0              NaN                      0          0          NaN                        
10         47         0          0          0          0                  NaN                0              NaN                      0          0          NaN                        
20         47         0          0          0          0                  NaN                0              NaN                      0          0          NaN                        
50         47         0          0          0          0                  NaN                0              NaN                      0          0          NaN                        
250        47         0          0          0          0                  NaN                0              NaN                      0          0          NaN                        
5          48         0          0          0          0                  NaN                0              NaN                      0          0          NaN                        
10         48         0          0          0          0                  NaN                0              NaN                      0          0          NaN                        
20         48         0          0          0          0                  NaN                0              NaN                      0          0          NaN                        
50         48         0          0          0          0                  NaN                0              NaN                      0          0          NaN                        
250        48         0          0          0          0                  NaN                0              NaN                      0          0          NaN                        
5          49         0          0          0          0                  NaN                0              NaN                      0          0          NaN                        
10         49         0          0          0          0                  NaN                0              NaN                      0          0          NaN                        
20         49         0          0          0          0                  NaN                0              NaN                      0          0          NaN                        
50         49         0          0          0          0                  NaN                0              NaN                      0          0          NaN                        
250        49         0          0          0          0                  NaN                0              NaN                      0          0          NaN                        
5          50         0          0          0          0                  NaN                0              NaN                      0          0          NaN                        
10         50         0          0          0          0                  NaN                0              NaN                      0          0          NaN                        
20         50         0          0          0          0                  NaN                0              NaN                      0          0          NaN                        
50         50         0          0          0          0                  NaN                0              NaN                      0          0          NaN                        
250        50         0          0          0          0                  NaN                0              NaN                      0          0          NaN                        
5          51         0          0          0          0                  NaN                0              NaN                      0          0          NaN                        
10         51         0          0          0          0                  NaN                0              NaN                      0          0          NaN                        
20         51         0          0          0          0                  NaN                0              NaN                      0          0          NaN                        
50         51         0          0          0          0                  NaN                0              NaN                      0          0          NaN                        
250        51         0          0          0          0                  NaN                0              NaN                      0          0          NaN                        
5          52         13         7          0          20                 1,00               20             1,00                     0          20         ------------- 65,00        
10         52         10         10         0          20                 1,00               20             1,00                     0          20         ---------- 50,00           
20         52         12         8          0          20                 1,00               20             1,00                     0          20         ------------ 60,00         
50         52         11         9          0          20                 1,00               20             1,00                     0          20         ------------ 55,00         
250        52         12         3          1          16                 1,00               16             1,00                     0          16         --------------- 75,00      
5          53         13         7          0          20                 1,00               20             1,00                     0          20         ------------- 65,00        
10         53         10         10         0          20                 1,00               20             1,00                     0          20         ---------- 50,00           
20         53         12         8          0          20                 1,00               20             1,00                     0          20         ------------ 60,00         
50         53         11         9          0          20                 1,00               20             1,00                     0          20         ------------ 55,00         
250        53         12         3          1          16                 1,00               16             1,00                     0          16         --------------- 75,00      
5          54         13         7          0          20                 1,00               20             1,00                     0          20         ------------- 65,00        
10         54         10         10         0          20                 1,00               20             1,00                     0          20         ---------- 50,00           
20         54         12         8          0          20                 1,00               20             1,00                     0          20         ------------ 60,00         
50         54         11         9          0          20                 1,00               20             1,00                     0          20         ------------ 55,00         
250        54         12         3          1          16                 1,00               16             1,00                     0          16         --------------- 75,00      
5          56         0          0          7          7                  1,00               7              1,00                     0          7           0,00                      
10         56         0          0          10         10                 1,00               10             1,00                     0          10          0,00                      
20         56         0          0          8          8                  1,00               8              1,00                     0          8           0,00                      
50         56         0          0          9          9                  1,00               9              1,00                     0          9           0,00                      
250        56         0          0          3          3                  1,00               3              1,00                     0          3           0,00                      
5          57         0          7          0          7                  1,00               7              1,00                     0          7           0,00                      
10         57         0          10         0          10                 1,00               10             1,00                     0          10          0,00                      
20         57         0          8          0          8                  1,00               8              1,00                     0          8           0,00                      
50         57         0          9          0          9                  1,00               9              1,00                     0          9           0,00                      
250        57         0          0          3          3                  1,00               3              1,00                     0          3           0,00                      
5          58         0          0          7          7                  1,00               7              1,00                     0          7           0,00                      
10         58         0          0          10         10                 1,00               10             1,00                     0          10          0,00                      
20         58         0          0          8          8                  1,00               8              1,00                     0          8           0,00                      
50         58         0          0          9          9                  1,00               9              1,00                     0          9           0,00                      
250        58         0          0          3          3                  1,00               3              1,00                     0          3           0,00                      
5          59         0          0          7          7                  1,00               7              1,00                     0          7           0,00                      
10         59         0          0          10         10                 1,00               10             1,00                     0          10          0,00                      
20         59         0          0          8          8                  1,00               8              1,00                     0          8           0,00                      
50         59         0          0          9          9                  1,00               9              1,00                     0          9           0,00                      
250        59         0          0          3          3                  1,00               3              1,00                     0          3           0,00                      
5          60         0          0          7          7                  1,00               7              1,00                     0          7           0,00                      
10         60         0          0          10         10                 1,00               10             1,00                     0          10          0,00                      
20         60         0          0          8          8                  1,00               8              1,00                     0          8           0,00                      
50         60         0          0          9          9                  1,00               9              1,00                     0          9           0,00                      
250        60         0          0          3          3                  1,00               3              1,00                     0          3           0,00                      
5          61         0          0          7          7                  1,00               7              1,00                     0          7           0,00                      
10         61         0          0          10         10                 1,00               10             1,00                     0          10          0,00                      
20         61         0          0          8          8                  1,00               8              1,00                     0          8           0,00                      
50         61         0          0          9          9                  1,00               9              1,00                     0          9           0,00                      
250        61         0          0          3          3                  1,00               3              1,00                     0          3           0,00                      
5          62         40         0          0          80                 2,00               40             1,00                     0          40         -------------------- 100,00
10         62         40         0          0          80                 2,00               40             1,00                     0          40         -------------------- 100,00
20         62         40         0          0          80                 2,00               40             1,00                     0          40         -------------------- 100,00
50         62         40         0          0          80                 2,00               40             1,00                     0          40         -------------------- 100,00
250        62         15         0          21         52                 1,44               36             1,00                     0          36         --------- 41,67            
5          63         40         0          0          80                 2,00               40             1,00                     0          40         -------------------- 100,00
10         63         40         0          0          80                 2,00               40             1,00                     0          40         -------------------- 100,00
20         63         40         0          0          80                 2,00               40             1,00                     0          40         -------------------- 100,00
50         63         40         0          0          80                 2,00               40             1,00                     0          40         -------------------- 100,00
250        63         30         0          6          68                 1,89               36             1,00                     0          36         ----------------- 83,33    
5          64         40         0          0          80                 2,00               40             1,00                     0          40         -------------------- 100,00
10         64         40         0          0          80                 2,00               40             1,00                     0          40         -------------------- 100,00
20         64         40         0          0          80                 2,00               40             1,00                     0          40         -------------------- 100,00
50         64         40         0          0          80                 2,00               40             1,00                     0          40         -------------------- 100,00
250        64         30         0          6          68                 1,89               36             1,00                     0          36         ----------------- 83,33    
5          65         40         0          0          80                 2,00               40             1,00                     0          40         -------------------- 100,00
10         65         40         0          0          80                 2,00               40             1,00                     0          40         -------------------- 100,00
20         65         40         0          0          80                 2,00               40             1,00                     0          40         -------------------- 100,00
50         65         40         0          0          80                 2,00               40             1,00                     0          40         -------------------- 100,00
250        65         30         0          6          68                 1,89               36             1,00                     0          36         ----------------- 83,33    
5          67         20         0          20         80                 2,00               40             1,00                     0          40         ---------- 50,00           
10         67         20         0          20         80                 2,00               40             1,00                     0          40         ---------- 50,00           
20         67         20         0          20         80                 2,00               40             1,00                     0          40         ---------- 50,00           
50         67         20         0          20         80                 2,00               40             1,00                     0          40         ---------- 50,00           
250        67         15         0          21         68                 1,89               36             1,00                     0          36         --------- 41,67            
5          68         40         0          0          80                 2,00               40             1,00                     0          40         -------------------- 100,00
10         68         40         0          0          80                 2,00               40             1,00                     0          40         -------------------- 100,00
20         68         40         0          0          80                 2,00               40             1,00                     0          40         -------------------- 100,00
50         68         40         0          0          80                 2,00               40             1,00                     0          40         -------------------- 100,00
250        68         30         0          6          68                 1,89               36             1,00                     0          36         ----------------- 83,33    
5          69         40         0          0          80                 2,00               40             1,00                     0          40         -------------------- 100,00
10         69         40         0          0          80                 2,00               40             1,00                     0          40         -------------------- 100,00
20         69         40         0          0          80                 2,00               40             1,00                     0          40         -------------------- 100,00
50         69         40         0          0          80                 2,00               40             1,00                     0          40         -------------------- 100,00
250        69         30         0          6          68                 1,89               36             1,00                     0          36         ----------------- 83,33    
5          70         40         0          0          80                 2,00               40             1,00                     0          40         -------------------- 100,00
10         70         40         0          0          80                 2,00               40             1,00                     0          40         -------------------- 100,00
20         70         40         0          0          80                 2,00               40             1,00                     0          40         -------------------- 100,00
50         70         40         0          0          80                 2,00               40             1,00                     0          40         -------------------- 100,00
250        70         30         0          6          68                 1,89               36             1,00                     0          36         ----------------- 83,33    
5          74         40         0          0          80                 2,00               40             1,00                     0          40         -------------------- 100,00
10         74         40         0          0          80                 2,00               40             1,00                     0          40         -------------------- 100,00
20         74         40         0          0          80                 2,00               40             1,00                     0          40         -------------------- 100,00
50         74         40         0          0          80                 2,00               40             1,00                     0          40         -------------------- 100,00
250        74         30         0          6          68                 1,89               36             1,00                     0          36         ----------------- 83,33    
5          75         40         0          0          80                 2,00               40             1,00                     0          40         -------------------- 100,00
10         75         40         0          0          80                 2,00               40             1,00                     0          40         -------------------- 100,00
20         75         40         0          0          80                 2,00               40             1,00                     0          40         -------------------- 100,00
50         75         40         0          0          80                 2,00               40             1,00                     0          40         -------------------- 100,00
250        75         30         0          6          68                 1,89               36             1,00                     0          36         ----------------- 83,33    
5          77         40         0          0          80                 2,00               40             1,00                     0          40         -------------------- 100,00
10         77         40         0          0          80                 2,00               40             1,00                     0          40         -------------------- 100,00
20         77         40         0          0          80                 2,00               40             1,00                     0          40         -------------------- 100,00
50         77         40         0          0          80                 2,00               40             1,00                     0          40         -------------------- 100,00
250        77         30         0          6          68                 1,89               36             1,00                     0          36         ----------------- 83,33    
5          78         40         0          0          80                 2,00               40             1,00                     0          40         -------------------- 100,00
10         78         40         0          0          80                 2,00               40             1,00                     0          40         -------------------- 100,00
20         78         40         0          0          80                 2,00               40             1,00                     0          40         -------------------- 100,00
50         78         40         0          0          80                 2,00               40             1,00                     0          40         -------------------- 100,00
250        78         30         0          6          68                 1,89               36             1,00                     0          36         ----------------- 83,33    
5          81         0          0          0          0                  NaN                0              NaN                      0          0          NaN                        
10         81         0          0          0          0                  NaN                0              NaN                      0          0          NaN                        
20         81         0          0          0          0                  NaN                0              NaN                      0          0          NaN                        
50         81         0          0          0          0                  NaN                0              NaN                      0          0          NaN                        
250        81         0          1          19         20                 1,00               20             1,00                     0          20          0,00                      
5          82         0          0          0          0                  NaN                0              NaN                      0          0          NaN                        
10         82         0          0          0          0                  NaN                0              NaN                      0          0          NaN                        
20         82         0          0          0          0                  NaN                0              NaN                      0          0          NaN                        
50         82         0          0          0          0                  NaN                0              NaN                      0          0          NaN                        
250        82         0          16         4          20                 1,00               20             1,00                     0          20          0,00                      
5          83         0          0          0          0                  NaN                0              NaN                      0          0          NaN                        
10         83         0          0          0          0                  NaN                0              NaN                      0          0          NaN                        
20         83         0          0          0          0                  NaN                0              NaN                      0          0          NaN                        
50         83         0          0          0          0                  NaN                0              NaN                      0          0          NaN                        
250        83         0          0          20         20                 1,00               20             1,00                     0          20          0,00                      
5          84         0          0          0          0                  NaN                0              NaN                      0          0          NaN                        
10         84         0          0          0          0                  NaN                0              NaN                      0          0          NaN                        
20         84         0          0          0          0                  NaN                0              NaN                      0          0          NaN                        
50         84         0          0          0          0                  NaN                0              NaN                      0          0          NaN                        
250        84         0          0          20         20                 1,00               20             1,00                     0          20          0,00                      
5          85         0          0          40         60                 1,50               40             1,00                     0          40          0,00                      
10         85         0          0          40         60                 1,50               40             1,00                     0          40          0,00                      
20         85         0          0          40         60                 1,50               40             1,00                     0          40          0,00                      
50         85         0          0          40         60                 1,50               40             1,00                     0          40          0,00                      
250        85         0          0          36         52                 1,44               36             1,00                     0          36          0,00                      
5          86         0          0          40         60                 1,50               40             1,00                     0          40          0,00                      
10         86         0          0          40         60                 1,50               40             1,00                     0          40          0,00                      
20         86         0          0          40         60                 1,50               40             1,00                     0          40          0,00                      
50         86         0          0          40         60                 1,50               40             1,00                     0          40          0,00                      
250        86         0          0          36         52                 1,44               36             1,00                     0          36          0,00                      
5          87         40         0          0          80                 2,00               40             1,00                     0          40         -------------------- 100,00
10         87         40         0          0          80                 2,00               40             1,00                     0          40         -------------------- 100,00
20         87         40         0          0          80                 2,00               40             1,00                     0          40         -------------------- 100,00
50         87         40         0          0          80                 2,00               40             1,00                     0          40         -------------------- 100,00
250        87         30         0          6          68                 1,89               36             1,00                     0          36         ----------------- 83,33    
