aggregate data per location for Perturbator = NEGB
Exploration Boolean Negation
35 perturbation point.
NEGB : negation of boolean value.
5 random tx between 3 bitcoin nodes
Random integer generated with 23 as seed
IndexLoc   #Success   #Failure   #Exception #CallAllExecs      AvgCallPerExec     #Perturbations AvgPerturbationPerExec   #Execs     #ExecsRef  AvgCallRefPerTask #Tasks     %Success                   
2287       210        649        2          663778             770,94             448            0,52                     861        861        172.2             5          ----- 24,39                
2288       414        3538       0          452149             114,41             431            0,11                     3952       3952       790.4             5          --- 10,48                  
2291       0          0          0          0                  NaN                0              NaN                      0          0          0.0               5          NaN                        
2292       0          0          0          0                  NaN                0              NaN                      0          0          0.0               5          NaN                        
2293       0          0          0          0                  NaN                0              NaN                      0          0          0.0               5          NaN                        
2294       0          0          0          0                  NaN                0              NaN                      0          0          0.0               5          NaN                        
2297       0          11         0          10                 0,91               1              0,09                     11         11         2.2               5           0,00                      
2301       0          0          0          0                  NaN                0              NaN                      0          0          0.0               5          NaN                        
2302       0          0          0          0                  NaN                0              NaN                      0          0          0.0               5          NaN                        
2307       0          1          0          1                  1,00               1              1,00                     1          1          0.2               5           0,00                      
2317       0          11         0          101                9,18               6              0,55                     11         11         2.2               5           0,00                      
2323       0          28         5          76533              2319,18            19             0,58                     33         33         6.6               5           0,00                      
2326       0          0          0          0                  NaN                0              NaN                      0          0          0.0               5          NaN                        
2329       0          0          0          0                  NaN                0              NaN                      0          0          0.0               5          NaN                        
2330       0          0          0          0                  NaN                0              NaN                      0          0          0.0               5          NaN                        
2337       77         101        0          14351              80,62              124            0,70                     178        178        35.6              5          --------- 43,26            
2343       118        89         0          13718              66,27              134            0,65                     207        207        41.4              5          ------------ 57,00         
2348       0          0          0          0                  NaN                0              NaN                      0          0          0.0               5          NaN                        
2371       14         4          0          200                11,11              18             1,00                     18         18         3.6               5          ---------------- 77,78     
2374       13         4          1          181                10,06              18             1,00                     18         18         3.6               5          --------------- 72,22      
2379       14         4          0          200                11,11              18             1,00                     18         18         3.6               5          ---------------- 77,78     
2382       11         0          0          121                11,00              11             1,00                     11         11         2.2               5          -------------------- 100,00
2390       1          20         19         9629               240,73             22             0,55                     40         40         8.0               5          - 2,50                     
2393       0          0          0          0                  NaN                0              NaN                      0          0          0.0               5          NaN                        
2394       0          2          8          6059               605,90             10             1,00                     10         10         2.0               5           0,00                      
2397       0          0          0          0                  NaN                0              NaN                      0          0          0.0               5          NaN                        
2398       467        10636      0          4206667            378,88             521            0,05                     11103      11103      2220.6            5          - 4,21                     
2399       0          0          0          0                  NaN                0              NaN                      0          0          0.0               5          NaN                        
2400       9          670        16         859221             1236,29            134            0,19                     695        695        139.0             5          - 1,29                     
2401       0          0          0          0                  NaN                0              NaN                      0          0          0.0               5          NaN                        
2402       0          0          0          0                  NaN                0              NaN                      0          0          0.0               5          NaN                        
2403       0          0          0          0                  NaN                0              NaN                      0          0          0.0               5          NaN                        
2412       0          0          0          0                  NaN                0              NaN                      0          0          0.0               5          NaN                        
2415       44         1338       0          81179              58,74              158            0,11                     1382       1382       276.4             5          - 3,18                     
2416       0          158        0          3061               19,37              42             0,27                     158        158        31.6              5           0,00                      
