contains the data for build a graph for analysis.
Exploration Plus One
260 perturbation point
PONE : plus one perturbator
5 random tx between 3 bitcoin nodes
Random integer generated with 23 as seed
Perturbator IndexLoc   #Success   #Failure   #Exception #Call      #Perturtions   %Success                   
1           1588       24         0          0          663        21             -------------------- 100,00
1           1589       122        4          0          4987       47             -------------------- 96,83 
1           6751       6          24         9          45096      15             ---- 15,38                 
1           6752       12         0          0          423        12             -------------------- 100,00
1           6753       36         0          0          1185       24             -------------------- 100,00
1           6755       193        617        0          609951     193            ----- 23,83                
1           2286       0          25         0          1494       18              0,00                      
1           2295       0          135        0          7423       57              0,00                      
1           2296       0          50         0          3878       40              0,00                      
1           2298       9          58         0          18650      51             --- 13,43                  
1           2309       113        331        0          53397      123            ------ 25,45               
1           2310       0          8          8          69482      12              0,00                      
1           2311       5          483        12         93182      40             - 1,00                     
1           2312       112        174        9          104992     136            -------- 37,97             
1           2315       351        2601       0          1434745    679            --- 11,89                  
1           1648       121        1776       0          353818     121            -- 6,38                    
1           1648       121        1776       0          353818     121            -- 6,38                    
1           3677       2          15072      0          18581887   795            - 0,01                     
1           3678       0          2775       0          277592     69              0,00                      
1           12816      0          0          0          0          0              NaN                        
