detail per task and per random rate.
SERN
random Rates : 0.001 0.002 0.005 0.009 0.01 0.02 0.05 0.09 0.1 0.2 0.5 0.9 
5 perturbation point
5 repetition of each point of each task
PONE : Numerical Perturbator, Random Enactor, seed :32
1 random tx between 3 bitcoin nodes
Random integer generated with 23 as seed
Task       RandomRate IndexLoc   #Success   #Failure   #Exception #Call      #Perturbation  %Success                   
0          0.001      1588       5          0          0          35         0              NaN                        
0          0.002      1588       5          0          0          35         0              NaN                        
0          0.005      1588       5          0          0          32         0              NaN                        
0          0.009      1588       5          0          0          35         0              NaN                        
0          0.01       1588       5          0          0          36         0              NaN                        
0          0.02       1588       5          0          0          34         0              NaN                        
0          0.05       1588       5          0          0          35         0              NaN                        
0          0.09       1588       5          0          0          34         2              -------------------- 100,00
0          0.1        1588       5          0          0          36         2              -------------------- 100,00
0          0.2        1588       5          0          0          31         6              -------------------- 100,00
0          0.5        1588       5          0          0          35         14             -------------------- 100,00
0          0.9        1588       5          0          0          35         33             -------------------- 100,00
0          0.001      1589       5          0          0          35         0              NaN                        
0          0.002      1589       5          0          0          34         0              NaN                        
0          0.005      1589       5          0          0          36         0              NaN                        
0          0.009      1589       5          0          0          36         0              NaN                        
0          0.01       1589       5          0          0          35         0              NaN                        
0          0.02       1589       5          0          0          35         0              NaN                        
0          0.05       1589       5          0          0          36         0              NaN                        
0          0.09       1589       5          0          0          35         2              -------------------- 100,00
0          0.1        1589       5          0          0          36         2              -------------------- 100,00
0          0.2        1589       5          0          0          35         6              -------------------- 100,00
0          0.5        1589       5          0          0          36         14             -------------------- 100,00
0          0.9        1589       5          0          0          36         33             -------------------- 100,00
0          0.001      1601       5          0          0          0          0              NaN                        
0          0.002      1601       5          0          0          0          0              NaN                        
0          0.005      1601       5          0          0          0          0              NaN                        
0          0.009      1601       5          0          0          0          0              NaN                        
0          0.01       1601       5          0          0          0          0              NaN                        
0          0.02       1601       5          0          0          0          0              NaN                        
0          0.05       1601       5          0          0          0          0              NaN                        
0          0.09       1601       5          0          0          0          0              NaN                        
0          0.1        1601       5          0          0          0          0              NaN                        
0          0.2        1601       5          0          0          0          0              NaN                        
0          0.5        1601       5          0          0          0          0              NaN                        
0          0.9        1601       5          0          0          0          0              NaN                        
0          0.001      1602       5          0          0          0          0              NaN                        
0          0.002      1602       5          0          0          0          0              NaN                        
0          0.005      1602       5          0          0          0          0              NaN                        
0          0.009      1602       5          0          0          0          0              NaN                        
0          0.01       1602       5          0          0          0          0              NaN                        
0          0.02       1602       5          0          0          0          0              NaN                        
0          0.05       1602       5          0          0          0          0              NaN                        
0          0.09       1602       5          0          0          0          0              NaN                        
0          0.1        1602       5          0          0          0          0              NaN                        
0          0.2        1602       5          0          0          0          0              NaN                        
0          0.5        1602       5          0          0          0          0              NaN                        
0          0.9        1602       5          0          0          0          0              NaN                        
0          0.001      1605       5          0          0          0          0              NaN                        
0          0.002      1605       5          0          0          0          0              NaN                        
0          0.005      1605       0          5          0          0          0              NaN                        
0          0.009      1605       0          5          0          0          0              NaN                        
0          0.01       1605       0          5          0          0          0              NaN                        
0          0.02       1605       0          5          0          0          0              NaN                        
0          0.05       1605       0          5          0          0          0              NaN                        
0          0.09       1605       0          5          0          0          0              NaN                        
0          0.1        1605       0          5          0          0          0              NaN                        
0          0.2        1605       0          5          0          0          0              NaN                        
0          0.5        1605       0          5          0          0          0              NaN                        
0          0.9        1605       0          5          0          0          0              NaN                        
