aggregate data per location for magnitude = 50
SEPM
19 perturbation point
N Execution Enactor
PMAG : Numerical Perturbator
20 string of 100 char
Random char generated with 23 as seed
IndexLoc   #Success   #Failure   #Exception #Call      #Perturbation  #Task      AvgPerturbationPerTask %Success                   
303        20         0          0          20         20             20         1,00                   -------------------- 100,00
304        0          0          20         20         20             20         1,00                    0,00                      
305        4176       0          964        1295480    5140           5140       1,00                   ----------------- 81,25    
306        5140       0          0          1321000    5140           5140       1,00                   -------------------- 100,00
308        3488       0          1632       1310720    5120           5120       1,00                   -------------- 68,13       
309        0          20         0          20         20             20         1,00                    0,00                      
310        1865       0          115        186545     1980           1980       1,00                   ------------------- 94,19  
312        0          1865       115        186545     1980           1980       1,00                    0,00                      
313        0          0          0          0          0              0          NaN                     NaN                       
314        0          0          0          0          0              0          NaN                     NaN                       
316        0          0          0          0          0              0          NaN                     NaN                       
317        0          0          1980       99000      1980           1980       1,00                    0,00                      
318        20         0          0          20         20             20         1,00                   -------------------- 100,00
319        0          0          20         20         20             20         1,00                    0,00                      
320        4176       0          964        1295480    5140           5140       1,00                   ----------------- 81,25    
321        5140       0          0          1321000    5140           5140       1,00                   -------------------- 100,00
323        3475       1542       103        1310720    5120           5120       1,00                   -------------- 67,87       
325        0          1870       110        196020     1980           1980       1,00                    0,00                      
327        0          20         0          20         20             20         1,00                    0,00                      
