aggregate data per location for magnitude = 2
SEPM
19 perturbation point
N Execution Enactor
PMAG : Numerical Perturbator
20 string of 100 char
Random char generated with 23 as seed
IndexLoc   #Success   #Failure   #Exception #call_all_execs    avg_call_per_execs #Perturbations AvgPerturbationPerExecs  #Execs     #Tasks     %Success                   
0          20         0          0          20                 1                  20             1,00                     20         20         -------------------- 100,00
1          7          0          13         20                 1                  20             1,00                     20         20         ------- 35,00              
2          5121       0          19         5140               257                5140           1,00                     1320920    20         -------------------- 99,63 
3          5140       0          0          5140               257                5140           1,00                     1321000    20         -------------------- 100,00
5          3488       0          1632       5120               256                5120           1,00                     1310720    20         -------------- 68,13       
6          0          20         0          20                 1                  20             1,00                     20         20          0,00                      
7          1980       0          0          1980               99                 1980           1,00                     196020     20         -------------------- 100,00
9          0          1980       0          1980               99                 1980           1,00                     196020     20          0,00                      
10         0          0          0          0                  0                  0              NaN                      0          20         NaN                        
11         0          0          0          0                  0                  0              NaN                      0          20         NaN                        
13         0          0          0          0                  0                  0              NaN                      0          20         NaN                        
14         0          0          1980       1980               99                 1980           1,00                     99000      20          0,00                      
15         20         0          0          20                 1                  20             1,00                     20         20         -------------------- 100,00
16         7          0          13         20                 1                  20             1,00                     20         20         ------- 35,00              
17         5121       0          19         5140               257                5140           1,00                     1320920    20         -------------------- 99,63 
18         5140       0          0          5140               257                5140           1,00                     1321000    20         -------------------- 100,00
20         3475       1645       0          5120               256                5120           1,00                     1310720    20         -------------- 67,87       
22         0          1980       0          1980               99                 1980           1,00                     196020     20          0,00                      
24         0          20         0          20                 1                  20             1,00                     20         20          0,00                      
