aggregate data per location for magnitude = 20
SEPM
19 perturbation point
N Execution Enactor
PMAG : Numerical Perturbator
100 string of 200 char
Random char generated with 23 as seed
IndexLoc   #Success   #Failure   #Exception #CallAllExecs      AvgCallPerExec     #Perturbations AvgPerturbationPerExec   #Execs     #ExecsRef  #Tasks     %Success                   
0          70         23         7          100                1.00               100            1.00                     100        100        100        -------------- 70.00       
1          0          0          100        100                1.00               100            1.00                     100        100        100         0.00                      
2          23758      0          1942       6583900            256.18             25700          1.00                     25700      25700      100        ------------------- 92.44  
3          25700      0          0          6605000            257.00             25700          1.00                     25700      25700      100        -------------------- 100.00
5          11774      0          13826      6553600            256.00             25600          1.00                     25600      25600      100        ---------- 45.99           
6          0          100        0          100                1.00               100            1.00                     100        100        100         0.00                      
7          19781      0          87         3931370            197.87             19868          1.00                     19868      19868      100        -------------------- 99.56 
9          0          19781      87         3931370            197.87             19868          1.00                     19868      19868      100         0.00                      
10         0          0          0          0                  NaN                0              NaN                      0          0          100        NaN                        
11         0          0          0          0                  NaN                0              NaN                      0          0          100        NaN                        
13         0          0          0          0                  NaN                0              NaN                      0          0          100        NaN                        
14         0          0          19868      1983634            99.84              19868          1.00                     19868      19868      100         0.00                      
15         70         23         7          100                1.00               100            1.00                     100        100        100        -------------- 70.00       
16         0          0          100        100                1.00               100            1.00                     100        100        100         0.00                      
17         23758      0          1942       6583900            256.18             25700          1.00                     25700      25700      100        ------------------- 92.44  
18         25700      0          0          6605000            257.00             25700          1.00                     25700      25700      100        -------------------- 100.00
20         11730      13801      69         6553600            256.00             25600          1.00                     25600      25600      100        ---------- 45.82           
22         0          19787      81         3947400            198.68             19868          1.00                     19868      19868      100         0.00                      
24         0          100        0          100                1.00               100            1.00                     100        100        100         0.00                      
