SEPM
magnitudes : 1 2 5 10 20 50 
19 perturbation point
N Excecution Enactor
PMAG : Numerical Perturbator
100 string of 150 char
Random integer generated with 23 as seed
IndexLoc   #Success #Failure #Error   %Success                   
14         510      71       19       ----------------- 85,00    
15         88       0        512      --- 14,67                  
16         145897   0        8303     ------------------- 94,62  
17         154200   0        0        -------------------- 100,00
19         85788    0        67812    ------------ 55,85         
20         3        597      0        - 0,50                     
21         88657    0        653      -------------------- 99,27 
23         0        88657    653       0,00                      
24         0        0        0         NaN                       
25         0        0        0         NaN                       
27         0        0        0         NaN                       
28         15       0        89295    - 0,02                     
29         510      70       20       ----------------- 85,00    
30         88       0        512      --- 14,67                  
31         145897   0        8303     ------------------- 94,62  
32         154200   0        0        -------------------- 100,00
34         85464    67577    559      ------------ 55,64         
36         0        88694    616       0,00                      
38         0        600      0         0,00                      
