SEPM
magnitudes value : 1 2 5 10 20 50 
19 perturbation point
N Excecution Enactor
PMAG : Numerical Perturbator
20 string of 100 char
Random char generated with 23 as seed
sum of result per magnitudes
N        IndexLoc #Success #Failure #Error   #Calls   #Enactions %Success                   
1        276      20       0        0        20       20         -------------------- 100,00
2        276      20       0        0        20       20         -------------------- 100,00
5        276      20       0        0        20       20         -------------------- 100,00
10       276      20       0        0        20       20         -------------------- 100,00
20       276      20       0        0        20       20         -------------------- 100,00
50       276      20       0        0        20       20         -------------------- 100,00
1        277      11       0        9        20       20         ------------ 55,00         
2        277      7        0        13       20       20         ------- 35,00              
5        277      3        0        17       20       20         --- 15,00                  
10       277      0        0        20       20       20          0,00                      
20       277      0        0        20       20       20          0,00                      
50       277      0        0        20       20       20          0,00                      
1        278      5134     0        6        1320960  5140       -------------------- 99,88 
2        278      5121     0        19       1320920  5140       -------------------- 99,63 
5        278      5073     0        67       1320680  5140       -------------------- 98,70 
10       278      4976     0        164      1319880  5140       -------------------- 96,81 
20       278      4776     0        364      1316780  5140       ------------------- 92,92  
50       278      4176     0        964      1295480  5140       ----------------- 81,25    
1        279      5140     0        0        1321000  5140       -------------------- 100,00
2        279      5140     0        0        1321000  5140       -------------------- 100,00
5        279      5140     0        0        1321000  5140       -------------------- 100,00
10       279      5140     0        0        1321000  5140       -------------------- 100,00
20       279      5140     0        0        1321000  5140       -------------------- 100,00
50       279      5140     0        0        1321000  5140       -------------------- 100,00
1        280      3488     0        1632     1310720  5120       -------------- 68,13       
2        280      3488     0        1632     1310720  5120       -------------- 68,13       
5        280      3488     0        1632     1310720  5120       -------------- 68,13       
10       280      3488     0        1632     1310720  5120       -------------- 68,13       
20       280      3488     0        1632     1310720  5120       -------------- 68,13       
50       280      3488     0        1632     1310720  5120       -------------- 68,13       
1        281      0        20       0        20       20          0,00                      
2        281      0        20       0        20       20          0,00                      
5        281      0        20       0        20       20          0,00                      
10       281      0        20       0        20       20          0,00                      
20       281      0        20       0        20       20          0,00                      
50       281      0        20       0        20       20          0,00                      
1        282      1980     0        0        196020   1980       -------------------- 100,00
2        282      1980     0        0        196020   1980       -------------------- 100,00
5        282      1979     0        1        195925   1980       -------------------- 99,95 
10       282      1976     0        4        195641   1980       -------------------- 99,80 
20       282      1955     0        25       193762   1980       -------------------- 98,74 
50       282      1865     0        115      186545   1980       ------------------- 94,19  
1        283      0        1980     0        196020   1980        0,00                      
2        283      0        1980     0        196020   1980        0,00                      
5        283      0        1979     1        195925   1980        0,00                      
10       283      0        1976     4        195641   1980        0,00                      
20       283      0        1955     25       193762   1980        0,00                      
50       283      0        1865     115      186545   1980        0,00                      
1        284      0        0        0        0        0           NaN                       
2        284      0        0        0        0        0           NaN                       
5        284      0        0        0        0        0           NaN                       
10       284      0        0        0        0        0           NaN                       
20       284      0        0        0        0        0           NaN                       
50       284      0        0        0        0        0           NaN                       
1        285      0        0        0        0        0           NaN                       
2        285      0        0        0        0        0           NaN                       
5        285      0        0        0        0        0           NaN                       
10       285      0        0        0        0        0           NaN                       
20       285      0        0        0        0        0           NaN                       
50       285      0        0        0        0        0           NaN                       
1        286      0        0        0        0        0           NaN                       
2        286      0        0        0        0        0           NaN                       
5        286      0        0        0        0        0           NaN                       
10       286      0        0        0        0        0           NaN                       
20       286      0        0        0        0        0           NaN                       
50       286      0        0        0        0        0           NaN                       
1        287      0        0        1980     99000    1980        0,00                      
2        287      0        0        1980     99000    1980        0,00                      
5        287      0        0        1980     99000    1980        0,00                      
10       287      0        0        1980     99000    1980        0,00                      
20       287      0        0        1980     99000    1980        0,00                      
50       287      0        0        1980     99000    1980        0,00                      
1        288      20       0        0        20       20         -------------------- 100,00
2        288      20       0        0        20       20         -------------------- 100,00
5        288      20       0        0        20       20         -------------------- 100,00
10       288      20       0        0        20       20         -------------------- 100,00
20       288      20       0        0        20       20         -------------------- 100,00
50       288      20       0        0        20       20         -------------------- 100,00
1        289      11       0        9        20       20         ------------ 55,00         
2        289      7        0        13       20       20         ------- 35,00              
5        289      3        0        17       20       20         --- 15,00                  
10       289      0        0        20       20       20          0,00                      
20       289      0        0        20       20       20          0,00                      
50       289      0        0        20       20       20          0,00                      
1        290      5134     0        6        1320960  5140       -------------------- 99,88 
2        290      5121     0        19       1320920  5140       -------------------- 99,63 
5        290      5073     0        67       1320680  5140       -------------------- 98,70 
10       290      4976     0        164      1319880  5140       -------------------- 96,81 
20       290      4776     0        364      1316780  5140       ------------------- 92,92  
50       290      4176     0        964      1295480  5140       ----------------- 81,25    
1        291      5140     0        0        1321000  5140       -------------------- 100,00
2        291      5140     0        0        1321000  5140       -------------------- 100,00
5        291      5140     0        0        1321000  5140       -------------------- 100,00
10       291      5140     0        0        1321000  5140       -------------------- 100,00
20       291      5140     0        0        1321000  5140       -------------------- 100,00
50       291      5140     0        0        1321000  5140       -------------------- 100,00
1        292      3475     1645     0        1310720  5120       -------------- 67,87       
2        292      3475     1645     0        1310720  5120       -------------- 67,87       
5        292      3475     1644     1        1310720  5120       -------------- 67,87       
10       292      3475     1642     3        1310720  5120       -------------- 67,87       
20       292      3475     1624     21       1310720  5120       -------------- 67,87       
50       292      3475     1542     103      1310720  5120       -------------- 67,87       
1        293      0        1980     0        196020   1980        0,00                      
2        293      0        1980     0        196020   1980        0,00                      
5        293      0        1979     1        196020   1980        0,00                      
10       293      0        1977     3        196020   1980        0,00                      
20       293      0        1957     23       196020   1980        0,00                      
50       293      0        1870     110      196020   1980        0,00                      
1        294      0        20       0        20       20          0,00                      
2        294      0        20       0        20       20          0,00                      
5        294      0        20       0        20       20          0,00                      
10       294      0        20       0        20       20          0,00                      
20       294      0        20       0        20       20          0,00                      
50       294      0        20       0        20       20          0,00                      
