SEPM
magnitudes : 1 2 5 10 20 50 
19 perturbation point
N Excecution Enactor
PMAG : Numerical Perturbator
100 string of 150 char
Random integer generated with 23 as seed
N     IndexLoc   #Success #Failure #Error   %Success                   
1     0          85       15       0        ----------------- 85,00    
2     0          85       15       0        ----------------- 85,00    
5     0          85       14       1        ----------------- 85,00    
10    0          85       12       3        ----------------- 85,00    
20    0          85       11       4        ----------------- 85,00    
50    0          85       4        11       ----------------- 85,00    
1     1          47       0        53       ---------- 47,00           
2     1          32       0        68       ------- 32,00              
5     1          9        0        91       -- 9,00                    
10    1          0        0        100       0,00                      
20    1          0        0        100       0,00                      
50    1          0        0        100       0,00                      
1     2          25649    0        51       -------------------- 99,80 
2     2          25570    0        130      -------------------- 99,49 
5     2          25293    0        407      -------------------- 98,42 
10    2          24795    0        905      -------------------- 96,48 
20    2          23795    0        1905     ------------------- 92,59  
50    2          20795    0        4905     ----------------- 80,91    
1     3          25700    0        0        -------------------- 100,00
2     3          25700    0        0        -------------------- 100,00
5     3          25700    0        0        -------------------- 100,00
10    3          25700    0        0        -------------------- 100,00
20    3          25700    0        0        -------------------- 100,00
50    3          25700    0        0        -------------------- 100,00
1     5          14298    0        11302    ------------ 55,85         
2     5          14298    0        11302    ------------ 55,85         
5     5          14298    0        11302    ------------ 55,85         
10    5          14298    0        11302    ------------ 55,85         
20    5          14298    0        11302    ------------ 55,85         
50    5          14298    0        11302    ------------ 55,85         
1     6          3        97       0        - 3,00                     
2     6          0        100      0         0,00                      
5     6          0        100      0         0,00                      
10    6          0        100      0         0,00                      
20    6          0        100      0         0,00                      
50    6          0        100      0         0,00                      
1     7          14883    0        2        -------------------- 99,99 
2     7          14877    0        8        -------------------- 99,95 
5     7          14870    0        15       -------------------- 99,90 
10    7          14850    0        35       -------------------- 99,76 
20    7          14792    0        93       -------------------- 99,38 
50    7          14385    0        500      -------------------- 96,64 
1     9          0        14883    2         0,00                      
2     9          0        14877    8         0,00                      
5     9          0        14870    15        0,00                      
10    9          0        14850    35        0,00                      
20    9          0        14792    93        0,00                      
50    9          0        14385    500       0,00                      
1     10         0        0        0         NaN                       
2     10         0        0        0         NaN                       
5     10         0        0        0         NaN                       
10    10         0        0        0         NaN                       
20    10         0        0        0         NaN                       
50    10         0        0        0         NaN                       
1     11         0        0        0         NaN                       
2     11         0        0        0         NaN                       
5     11         0        0        0         NaN                       
10    11         0        0        0         NaN                       
20    11         0        0        0         NaN                       
50    11         0        0        0         NaN                       
1     13         0        0        0         NaN                       
2     13         0        0        0         NaN                       
5     13         0        0        0         NaN                       
10    13         0        0        0         NaN                       
20    13         0        0        0         NaN                       
50    13         0        0        0         NaN                       
1     14         15       0        14870    - 0,10                     
2     14         0        0        14885     0,00                      
5     14         0        0        14885     0,00                      
10    14         0        0        14885     0,00                      
20    14         0        0        14885     0,00                      
50    14         0        0        14885     0,00                      
1     15         85       15       0        ----------------- 85,00    
2     15         85       14       1        ----------------- 85,00    
5     15         85       12       3        ----------------- 85,00    
10    15         85       11       4        ----------------- 85,00    
20    15         85       10       5        ----------------- 85,00    
50    15         85       8        7        ----------------- 85,00    
1     16         47       0        53       ---------- 47,00           
2     16         32       0        68       ------- 32,00              
5     16         9        0        91       -- 9,00                    
10    16         0        0        100       0,00                      
20    16         0        0        100       0,00                      
50    16         0        0        100       0,00                      
1     17         25649    0        51       -------------------- 99,80 
2     17         25570    0        130      -------------------- 99,49 
5     17         25293    0        407      -------------------- 98,42 
10    17         24795    0        905      -------------------- 96,48 
20    17         23795    0        1905     ------------------- 92,59  
50    17         20795    0        4905     ----------------- 80,91    
1     18         25700    0        0        -------------------- 100,00
2     18         25700    0        0        -------------------- 100,00
5     18         25700    0        0        -------------------- 100,00
10    18         25700    0        0        -------------------- 100,00
20    18         25700    0        0        -------------------- 100,00
50    18         25700    0        0        -------------------- 100,00
1     20         14244    11356    0        ------------ 55,64         
2     20         14244    11355    1        ------------ 55,64         
5     20         14244    11348    8        ------------ 55,64         
10    20         14244    11331    25       ------------ 55,64         
20    20         14244    11278    78       ------------ 55,64         
50    20         14244    10909    447      ------------ 55,64         
1     22         0        14885    0         0,00                      
2     22         0        14883    2         0,00                      
5     22         0        14874    11        0,00                      
10    22         0        14855    30        0,00                      
20    22         0        14798    87        0,00                      
50    22         0        14399    486       0,00                      
1     24         0        100      0         0,00                      
2     24         0        100      0         0,00                      
5     24         0        100      0         0,00                      
10    24         0        100      0         0,00                      
20    24         0        100      0         0,00                      
50    24         0        100      0         0,00                      
