SEPM
magnitudes value : 1 2 5 10 20 50 
19 perturbation point
N Excecution Enactor
PMAG : Numerical Perturbator
20 string of 100 char
Random char generated with 23 as seed
sum of result per Perturbation point
IndexLoc #Success #Failure #Error   #Calls   #Enactions %Success                   
276      120      0        0        120      120        -------------------- 100,00
277      21       0        99       120      120        ---- 17,50                 
278      29256    0        1584     7894700  30840      ------------------- 94,86  
279      30840    0        0        7926000  30840      -------------------- 100,00
280      20928    0        9792     7864320  30720      -------------- 68,13       
281      0        120      0        120      120         0,00                      
282      11735    0        145      1163913  11880      -------------------- 98,78 
283      0        11735    145      1163913  11880       0,00                      
284      0        0        0        0        0           NaN                       
285      0        0        0        0        0           NaN                       
286      0        0        0        0        0           NaN                       
287      0        0        11880    594000   11880       0,00                      
288      120      0        0        120      120        -------------------- 100,00
289      21       0        99       120      120        ---- 17,50                 
290      29256    0        1584     7894700  30840      ------------------- 94,86  
291      30840    0        0        7926000  30840      -------------------- 100,00
292      20850    9742     128      7864320  30720      -------------- 67,87       
293      0        11743    137      1176120  11880       0,00                      
294      0        120      0        120      120         0,00                      
