SEP1
N Excecution Enactor
PONE : Numerical Perturbator
100 string of 150 char
Random integer generated with 23 as seed
IndexLoc   #Success #Failure #Error   %Success                   
0          85       15       0        ----------------- 85,00    
1          47       0        53       ---------- 47,00           
2          25649    0        51       -------------------- 99,80 
3          25700    0        0        -------------------- 100,00
5          14298    0        11302    ------------ 55,85         
6          3        97       0        - 3,00                     
7          14883    0        2        -------------------- 99,99 
9          0        14883    2         0,00                      
10         0        0        0         NaN                       
11         0        0        0         NaN                       
13         0        0        0         NaN                       
14         15       0        14870    - 0,10                     
15         85       15       0        ----------------- 85,00    
16         47       0        53       ---------- 47,00           
17         25649    0        51       -------------------- 99,80 
18         25700    0        0        -------------------- 100,00
20         14244    11356    0        ------------ 55,64         
22         0        14885    0         0,00                      
24         0        100      0         0,00                      
