All Result : detail per task
SEP1
19 perturbation point
N Excecution Enactor
PONE : Numerical Perturbator
20 string of 100 char
Random char generated with 23 as seed
Task       IndexLoc   #Success   #Failure   #Exception TotalCall  AvgCall    #Call_Ref  #Perturbations %Success                   
0          0          1          0          0          1          1          1          1              -------------------- 100.00
0          1          0          0          1          1          1          1          1               0.00                      
0          2          257        0          0          66048      256        257        257            -------------------- 100.00
0          3          257        0          0          66050      257        257        257            -------------------- 100.00
0          5          178        0          78         65536      256        256        256            -------------- 69.53       
0          6          0          1          0          1          1          1          1               0.00                      
0          7          99         0          0          9801       99         99         99             -------------------- 100.00
0          9          0          99         0          9801       99         99         99              0.00                      
0          14         0          0          99         4950       50         99         99              0.00                      
0          15         1          0          0          1          1          1          1              -------------------- 100.00
0          16         0          0          1          1          1          1          1               0.00                      
0          17         257        0          0          66048      256        257        257            -------------------- 100.00
0          18         257        0          0          66050      257        257        257            -------------------- 100.00
0          20         177        79         0          65536      256        256        256            -------------- 69.14       
0          22         0          99         0          9801       99         99         99              0.00                      
0          24         0          1          0          1          1          1          1               0.00                      
1          0          1          0          0          1          1          1          1              -------------------- 100.00
1          1          0          0          1          1          1          1          1               0.00                      
1          2          256        0          1          66048      256        257        257            -------------------- 99.61 
1          3          257        0          0          66050      257        257        257            -------------------- 100.00
1          5          177        0          79         65536      256        256        256            -------------- 69.14       
1          6          0          1          0          1          1          1          1               0.00                      
1          7          99         0          0          9801       99         99         99             -------------------- 100.00
1          9          0          99         0          9801       99         99         99              0.00                      
1          14         0          0          99         4950       50         99         99              0.00                      
1          15         1          0          0          1          1          1          1              -------------------- 100.00
1          16         0          0          1          1          1          1          1               0.00                      
1          17         256        0          1          66048      256        257        257            -------------------- 99.61 
1          18         257        0          0          66050      257        257        257            -------------------- 100.00
1          20         176        80         0          65536      256        256        256            -------------- 68.75       
1          22         0          99         0          9801       99         99         99              0.00                      
1          24         0          1          0          1          1          1          1               0.00                      
2          0          1          0          0          1          1          1          1              -------------------- 100.00
2          1          0          0          1          1          1          1          1               0.00                      
2          2          257        0          0          66048      256        257        257            -------------------- 100.00
2          3          257        0          0          66050      257        257        257            -------------------- 100.00
2          5          171        0          85         65536      256        256        256            -------------- 66.80       
2          6          0          1          0          1          1          1          1               0.00                      
2          7          99         0          0          9801       99         99         99             -------------------- 100.00
2          9          0          99         0          9801       99         99         99              0.00                      
2          14         0          0          99         4950       50         99         99              0.00                      
2          15         1          0          0          1          1          1          1              -------------------- 100.00
2          16         0          0          1          1          1          1          1               0.00                      
2          17         257        0          0          66048      256        257        257            -------------------- 100.00
2          18         257        0          0          66050      257        257        257            -------------------- 100.00
2          20         170        86         0          65536      256        256        256            -------------- 66.41       
2          22         0          99         0          9801       99         99         99              0.00                      
2          24         0          1          0          1          1          1          1               0.00                      
3          0          1          0          0          1          1          1          1              -------------------- 100.00
3          1          1          0          0          1          1          1          1              -------------------- 100.00
3          2          257        0          0          66048      256        257        257            -------------------- 100.00
3          3          257        0          0          66050      257        257        257            -------------------- 100.00
3          5          174        0          82         65536      256        256        256            -------------- 67.97       
3          6          0          1          0          1          1          1          1               0.00                      
3          7          99         0          0          9801       99         99         99             -------------------- 100.00
3          9          0          99         0          9801       99         99         99              0.00                      
3          14         0          0          99         4950       50         99         99              0.00                      
3          15         1          0          0          1          1          1          1              -------------------- 100.00
3          16         1          0          0          1          1          1          1              -------------------- 100.00
3          17         257        0          0          66048      256        257        257            -------------------- 100.00
3          18         257        0          0          66050      257        257        257            -------------------- 100.00
3          20         174        82         0          65536      256        256        256            -------------- 67.97       
3          22         0          99         0          9801       99         99         99              0.00                      
3          24         0          1          0          1          1          1          1               0.00                      
4          0          1          0          0          1          1          1          1              -------------------- 100.00
4          1          0          0          1          1          1          1          1               0.00                      
4          2          257        0          0          66048      256        257        257            -------------------- 100.00
4          3          257        0          0          66050      257        257        257            -------------------- 100.00
4          5          175        0          81         65536      256        256        256            -------------- 68.36       
4          6          0          1          0          1          1          1          1               0.00                      
4          7          99         0          0          9801       99         99         99             -------------------- 100.00
4          9          0          99         0          9801       99         99         99              0.00                      
4          14         0          0          99         4950       50         99         99              0.00                      
4          15         1          0          0          1          1          1          1              -------------------- 100.00
4          16         0          0          1          1          1          1          1               0.00                      
4          17         257        0          0          66048      256        257        257            -------------------- 100.00
4          18         257        0          0          66050      257        257        257            -------------------- 100.00
4          20         174        82         0          65536      256        256        256            -------------- 67.97       
4          22         0          99         0          9801       99         99         99              0.00                      
4          24         0          1          0          1          1          1          1               0.00                      
5          0          1          0          0          1          1          1          1              -------------------- 100.00
5          1          0          0          1          1          1          1          1               0.00                      
5          2          256        0          1          66048      256        257        257            -------------------- 99.61 
5          3          257        0          0          66050      257        257        257            -------------------- 100.00
5          5          177        0          79         65536      256        256        256            -------------- 69.14       
5          6          0          1          0          1          1          1          1               0.00                      
5          7          99         0          0          9801       99         99         99             -------------------- 100.00
5          9          0          99         0          9801       99         99         99              0.00                      
5          14         0          0          99         4950       50         99         99              0.00                      
5          15         1          0          0          1          1          1          1              -------------------- 100.00
5          16         0          0          1          1          1          1          1               0.00                      
5          17         256        0          1          66048      256        257        257            -------------------- 99.61 
5          18         257        0          0          66050      257        257        257            -------------------- 100.00
5          20         176        80         0          65536      256        256        256            -------------- 68.75       
5          22         0          99         0          9801       99         99         99              0.00                      
5          24         0          1          0          1          1          1          1               0.00                      
6          0          1          0          0          1          1          1          1              -------------------- 100.00
6          1          1          0          0          1          1          1          1              -------------------- 100.00
6          2          257        0          0          66048      256        257        257            -------------------- 100.00
6          3          257        0          0          66050      257        257        257            -------------------- 100.00
6          5          181        0          75         65536      256        256        256            --------------- 70.70      
6          6          0          1          0          1          1          1          1               0.00                      
6          7          99         0          0          9801       99         99         99             -------------------- 100.00
6          9          0          99         0          9801       99         99         99              0.00                      
6          14         0          0          99         4950       50         99         99              0.00                      
6          15         1          0          0          1          1          1          1              -------------------- 100.00
6          16         1          0          0          1          1          1          1              -------------------- 100.00
6          17         257        0          0          66048      256        257        257            -------------------- 100.00
6          18         257        0          0          66050      257        257        257            -------------------- 100.00
6          20         180        76         0          65536      256        256        256            --------------- 70.31      
6          22         0          99         0          9801       99         99         99              0.00                      
6          24         0          1          0          1          1          1          1               0.00                      
7          0          1          0          0          1          1          1          1              -------------------- 100.00
7          1          1          0          0          1          1          1          1              -------------------- 100.00
7          2          257        0          0          66048      256        257        257            -------------------- 100.00
7          3          257        0          0          66050      257        257        257            -------------------- 100.00
7          5          176        0          80         65536      256        256        256            -------------- 68.75       
7          6          0          1          0          1          1          1          1               0.00                      
7          7          99         0          0          9801       99         99         99             -------------------- 100.00
7          9          0          99         0          9801       99         99         99              0.00                      
7          14         0          0          99         4950       50         99         99              0.00                      
7          15         1          0          0          1          1          1          1              -------------------- 100.00
7          16         1          0          0          1          1          1          1              -------------------- 100.00
7          17         257        0          0          66048      256        257        257            -------------------- 100.00
7          18         257        0          0          66050      257        257        257            -------------------- 100.00
7          20         176        80         0          65536      256        256        256            -------------- 68.75       
7          22         0          99         0          9801       99         99         99              0.00                      
7          24         0          1          0          1          1          1          1               0.00                      
8          0          1          0          0          1          1          1          1              -------------------- 100.00
8          1          0          0          1          1          1          1          1               0.00                      
8          2          257        0          0          66048      256        257        257            -------------------- 100.00
8          3          257        0          0          66050      257        257        257            -------------------- 100.00
8          5          172        0          84         65536      256        256        256            -------------- 67.19       
8          6          0          1          0          1          1          1          1               0.00                      
8          7          99         0          0          9801       99         99         99             -------------------- 100.00
8          9          0          99         0          9801       99         99         99              0.00                      
8          14         0          0          99         4950       50         99         99              0.00                      
8          15         1          0          0          1          1          1          1              -------------------- 100.00
8          16         0          0          1          1          1          1          1               0.00                      
8          17         257        0          0          66048      256        257        257            -------------------- 100.00
8          18         257        0          0          66050      257        257        257            -------------------- 100.00
8          20         172        84         0          65536      256        256        256            -------------- 67.19       
8          22         0          99         0          9801       99         99         99              0.00                      
8          24         0          1          0          1          1          1          1               0.00                      
9          0          1          0          0          1          1          1          1              -------------------- 100.00
9          1          1          0          0          1          1          1          1              -------------------- 100.00
9          2          256        0          1          66048      256        257        257            -------------------- 99.61 
9          3          257        0          0          66050      257        257        257            -------------------- 100.00
9          5          177        0          79         65536      256        256        256            -------------- 69.14       
9          6          0          1          0          1          1          1          1               0.00                      
9          7          99         0          0          9801       99         99         99             -------------------- 100.00
9          9          0          99         0          9801       99         99         99              0.00                      
9          14         0          0          99         4950       50         99         99              0.00                      
9          15         1          0          0          1          1          1          1              -------------------- 100.00
9          16         1          0          0          1          1          1          1              -------------------- 100.00
9          17         256        0          1          66048      256        257        257            -------------------- 99.61 
9          18         257        0          0          66050      257        257        257            -------------------- 100.00
9          20         176        80         0          65536      256        256        256            -------------- 68.75       
9          22         0          99         0          9801       99         99         99              0.00                      
9          24         0          1          0          1          1          1          1               0.00                      
10         0          1          0          0          1          1          1          1              -------------------- 100.00
10         1          1          0          0          1          1          1          1              -------------------- 100.00
10         2          257        0          0          66048      256        257        257            -------------------- 100.00
10         3          257        0          0          66050      257        257        257            -------------------- 100.00
10         5          172        0          84         65536      256        256        256            -------------- 67.19       
10         6          0          1          0          1          1          1          1               0.00                      
10         7          99         0          0          9801       99         99         99             -------------------- 100.00
10         9          0          99         0          9801       99         99         99              0.00                      
10         14         0          0          99         4950       50         99         99              0.00                      
10         15         1          0          0          1          1          1          1              -------------------- 100.00
10         16         1          0          0          1          1          1          1              -------------------- 100.00
10         17         257        0          0          66048      256        257        257            -------------------- 100.00
10         18         257        0          0          66050      257        257        257            -------------------- 100.00
10         20         172        84         0          65536      256        256        256            -------------- 67.19       
10         22         0          99         0          9801       99         99         99              0.00                      
10         24         0          1          0          1          1          1          1               0.00                      
11         0          1          0          0          1          1          1          1              -------------------- 100.00
11         1          1          0          0          1          1          1          1              -------------------- 100.00
11         2          256        0          1          66048      256        257        257            -------------------- 99.61 
11         3          257        0          0          66050      257        257        257            -------------------- 100.00
11         5          174        0          82         65536      256        256        256            -------------- 67.97       
11         6          0          1          0          1          1          1          1               0.00                      
11         7          99         0          0          9801       99         99         99             -------------------- 100.00
11         9          0          99         0          9801       99         99         99              0.00                      
11         14         0          0          99         4950       50         99         99              0.00                      
11         15         1          0          0          1          1          1          1              -------------------- 100.00
11         16         1          0          0          1          1          1          1              -------------------- 100.00
11         17         256        0          1          66048      256        257        257            -------------------- 99.61 
11         18         257        0          0          66050      257        257        257            -------------------- 100.00
11         20         173        83         0          65536      256        256        256            -------------- 67.58       
11         22         0          99         0          9801       99         99         99              0.00                      
11         24         0          1          0          1          1          1          1               0.00                      
12         0          1          0          0          1          1          1          1              -------------------- 100.00
12         1          0          0          1          1          1          1          1               0.00                      
12         2          256        0          1          66048      256        257        257            -------------------- 99.61 
12         3          257        0          0          66050      257        257        257            -------------------- 100.00
12         5          174        0          82         65536      256        256        256            -------------- 67.97       
12         6          0          1          0          1          1          1          1               0.00                      
12         7          99         0          0          9801       99         99         99             -------------------- 100.00
12         9          0          99         0          9801       99         99         99              0.00                      
12         14         0          0          99         4950       50         99         99              0.00                      
12         15         1          0          0          1          1          1          1              -------------------- 100.00
12         16         0          0          1          1          1          1          1               0.00                      
12         17         256        0          1          66048      256        257        257            -------------------- 99.61 
12         18         257        0          0          66050      257        257        257            -------------------- 100.00
12         20         174        82         0          65536      256        256        256            -------------- 67.97       
12         22         0          99         0          9801       99         99         99              0.00                      
12         24         0          1          0          1          1          1          1               0.00                      
13         0          1          0          0          1          1          1          1              -------------------- 100.00
13         1          1          0          0          1          1          1          1              -------------------- 100.00
13         2          257        0          0          66048      256        257        257            -------------------- 100.00
13         3          257        0          0          66050      257        257        257            -------------------- 100.00
13         5          170        0          86         65536      256        256        256            -------------- 66.41       
13         6          0          1          0          1          1          1          1               0.00                      
13         7          99         0          0          9801       99         99         99             -------------------- 100.00
13         9          0          99         0          9801       99         99         99              0.00                      
13         14         0          0          99         4950       50         99         99              0.00                      
13         15         1          0          0          1          1          1          1              -------------------- 100.00
13         16         1          0          0          1          1          1          1              -------------------- 100.00
13         17         257        0          0          66048      256        257        257            -------------------- 100.00
13         18         257        0          0          66050      257        257        257            -------------------- 100.00
13         20         169        87         0          65536      256        256        256            -------------- 66.02       
13         22         0          99         0          9801       99         99         99              0.00                      
13         24         0          1          0          1          1          1          1               0.00                      
14         0          1          0          0          1          1          1          1              -------------------- 100.00
14         1          1          0          0          1          1          1          1              -------------------- 100.00
14         2          257        0          0          66048      256        257        257            -------------------- 100.00
14         3          257        0          0          66050      257        257        257            -------------------- 100.00
14         5          177        0          79         65536      256        256        256            -------------- 69.14       
14         6          0          1          0          1          1          1          1               0.00                      
14         7          99         0          0          9801       99         99         99             -------------------- 100.00
14         9          0          99         0          9801       99         99         99              0.00                      
14         14         0          0          99         4950       50         99         99              0.00                      
14         15         1          0          0          1          1          1          1              -------------------- 100.00
14         16         1          0          0          1          1          1          1              -------------------- 100.00
14         17         257        0          0          66048      256        257        257            -------------------- 100.00
14         18         257        0          0          66050      257        257        257            -------------------- 100.00
14         20         176        80         0          65536      256        256        256            -------------- 68.75       
14         22         0          99         0          9801       99         99         99              0.00                      
14         24         0          1          0          1          1          1          1               0.00                      
15         0          1          0          0          1          1          1          1              -------------------- 100.00
15         1          1          0          0          1          1          1          1              -------------------- 100.00
15         2          256        0          1          66048      256        257        257            -------------------- 99.61 
15         3          257        0          0          66050      257        257        257            -------------------- 100.00
15         5          172        0          84         65536      256        256        256            -------------- 67.19       
15         6          0          1          0          1          1          1          1               0.00                      
15         7          99         0          0          9801       99         99         99             -------------------- 100.00
15         9          0          99         0          9801       99         99         99              0.00                      
15         14         0          0          99         4950       50         99         99              0.00                      
15         15         1          0          0          1          1          1          1              -------------------- 100.00
15         16         1          0          0          1          1          1          1              -------------------- 100.00
15         17         256        0          1          66048      256        257        257            -------------------- 99.61 
15         18         257        0          0          66050      257        257        257            -------------------- 100.00
15         20         172        84         0          65536      256        256        256            -------------- 67.19       
15         22         0          99         0          9801       99         99         99              0.00                      
15         24         0          1          0          1          1          1          1               0.00                      
16         0          1          0          0          1          1          1          1              -------------------- 100.00
16         1          1          0          0          1          1          1          1              -------------------- 100.00
16         2          257        0          0          66048      256        257        257            -------------------- 100.00
16         3          257        0          0          66050      257        257        257            -------------------- 100.00
16         5          170        0          86         65536      256        256        256            -------------- 66.41       
16         6          0          1          0          1          1          1          1               0.00                      
16         7          99         0          0          9801       99         99         99             -------------------- 100.00
16         9          0          99         0          9801       99         99         99              0.00                      
16         14         0          0          99         4950       50         99         99              0.00                      
16         15         1          0          0          1          1          1          1              -------------------- 100.00
16         16         1          0          0          1          1          1          1              -------------------- 100.00
16         17         257        0          0          66048      256        257        257            -------------------- 100.00
16         18         257        0          0          66050      257        257        257            -------------------- 100.00
16         20         170        86         0          65536      256        256        256            -------------- 66.41       
16         22         0          99         0          9801       99         99         99              0.00                      
16         24         0          1          0          1          1          1          1               0.00                      
17         0          1          0          0          1          1          1          1              -------------------- 100.00
17         1          0          0          1          1          1          1          1               0.00                      
17         2          257        0          0          66048      256        257        257            -------------------- 100.00
17         3          257        0          0          66050      257        257        257            -------------------- 100.00
17         5          175        0          81         65536      256        256        256            -------------- 68.36       
17         6          0          1          0          1          1          1          1               0.00                      
17         7          99         0          0          9801       99         99         99             -------------------- 100.00
17         9          0          99         0          9801       99         99         99              0.00                      
17         14         0          0          99         4950       50         99         99              0.00                      
17         15         1          0          0          1          1          1          1              -------------------- 100.00
17         16         0          0          1          1          1          1          1               0.00                      
17         17         257        0          0          66048      256        257        257            -------------------- 100.00
17         18         257        0          0          66050      257        257        257            -------------------- 100.00
17         20         174        82         0          65536      256        256        256            -------------- 67.97       
17         22         0          99         0          9801       99         99         99              0.00                      
17         24         0          1          0          1          1          1          1               0.00                      
18         0          1          0          0          1          1          1          1              -------------------- 100.00
18         1          1          0          0          1          1          1          1              -------------------- 100.00
18         2          257        0          0          66048      256        257        257            -------------------- 100.00
18         3          257        0          0          66050      257        257        257            -------------------- 100.00
18         5          174        0          82         65536      256        256        256            -------------- 67.97       
18         6          0          1          0          1          1          1          1               0.00                      
18         7          99         0          0          9801       99         99         99             -------------------- 100.00
18         9          0          99         0          9801       99         99         99              0.00                      
18         14         0          0          99         4950       50         99         99              0.00                      
18         15         1          0          0          1          1          1          1              -------------------- 100.00
18         16         1          0          0          1          1          1          1              -------------------- 100.00
18         17         257        0          0          66048      256        257        257            -------------------- 100.00
18         18         257        0          0          66050      257        257        257            -------------------- 100.00
18         20         173        83         0          65536      256        256        256            -------------- 67.58       
18         22         0          99         0          9801       99         99         99              0.00                      
18         24         0          1          0          1          1          1          1               0.00                      
19         0          1          0          0          1          1          1          1              -------------------- 100.00
19         1          0          0          1          1          1          1          1               0.00                      
19         2          257        0          0          66048      256        257        257            -------------------- 100.00
19         3          257        0          0          66050      257        257        257            -------------------- 100.00
19         5          172        0          84         65536      256        256        256            -------------- 67.19       
19         6          0          1          0          1          1          1          1               0.00                      
19         7          99         0          0          9801       99         99         99             -------------------- 100.00
19         9          0          99         0          9801       99         99         99              0.00                      
19         14         0          0          99         4950       50         99         99              0.00                      
19         15         1          0          0          1          1          1          1              -------------------- 100.00
19         16         0          0          1          1          1          1          1               0.00                      
19         17         257        0          0          66048      256        257        257            -------------------- 100.00
19         18         257        0          0          66050      257        257        257            -------------------- 100.00
19         20         171        85         0          65536      256        256        256            -------------- 66.80       
19         22         0          99         0          9801       99         99         99              0.00                      
19         24         0          1          0          1          1          1          1               0.00                      
