contains the data for the random rates analysis graph.
SERN
random Rates : 
6 perturbation point
5 repetition of each point of each task
INV : Boolean Perturbator, Random Enactor, seed :32
20 string of 100 char
Random char generated with 23 as seed
RandomRate IndexLoc   #Success   #Failure   #Exception #Call      #Perturbation  %Success                   
0.001      4          76         0          24         21982      24             ---------------- 76.00     
0.002      4          67         0          33         21063      33             -------------- 67.00       
0.005      4          30         0          70         14630      71             ------ 30.00               
0.009      4          8          0          92         9786       92             -- 8.00                    
0.01       4          7          0          93         9106       93             -- 7.00                    
0.02       4          0          0          100        4845       100             0.00                      
0.05       4          0          0          100        2175       100             0.00                      
0.09       4          0          0          100        992        100             0.00                      
0.1        4          0          0          100        859        100             0.00                      
0.2        4          0          0          100        437        100             0.00                      
0.5        4          0          0          100        198        100             0.00                      
0.9        4          0          0          100        107        100             0.00                      
0.001      8          89         0          11         9312       11             ------------------ 89.00   
0.002      8          85         0          15         9213       15             ----------------- 85.00    
0.005      8          64         0          36         8054       36             ------------- 64.00        
0.009      8          40         0          60         6505       60             -------- 40.00             
0.01       8          37         0          63         6192       63             -------- 37.00             
0.02       8          9          0          91         4411       91             -- 9.00                    
0.05       8          0          0          100        2175       100             0.00                      
0.09       8          0          0          100        992        100             0.00                      
0.1        8          0          0          100        859        100             0.00                      
0.2        8          0          0          100        437        100             0.00                      
0.5        8          0          0          100        198        100             0.00                      
0.9        8          0          0          100        107        100             0.00                      
0.001      12         100        0          0          0          0              NaN                        
0.002      12         100        0          0          0          0              NaN                        
0.005      12         100        0          0          0          0              NaN                        
0.009      12         100        0          0          0          0              NaN                        
0.01       12         100        0          0          0          0              NaN                        
0.02       12         100        0          0          0          0              NaN                        
0.05       12         100        0          0          0          0              NaN                        
0.09       12         100        0          0          0          0              NaN                        
0.1        12         100        0          0          0          0              NaN                        
0.2        12         100        0          0          0          0              NaN                        
0.5        12         100        0          0          0          0              NaN                        
0.9        12         100        0          0          0          0              NaN                        
0.001      19         76         0          24         21982      24             ---------------- 76.00     
0.002      19         67         0          33         21063      33             -------------- 67.00       
0.005      19         30         0          70         14630      71             ------ 30.00               
0.009      19         8          0          92         9786       92             -- 8.00                    
0.01       19         7          0          93         9106       93             -- 7.00                    
0.02       19         0          0          100        4845       100             0.00                      
0.05       19         0          0          100        2175       100             0.00                      
0.09       19         0          0          100        992        100             0.00                      
0.1        19         0          0          100        859        100             0.00                      
0.2        19         0          0          100        437        100             0.00                      
0.5        19         0          0          100        198        100             0.00                      
0.9        19         0          0          100        107        100             0.00                      
0.001      21         89         0          11         9414       11             ------------------ 89.00   
0.002      21         85         0          15         9214       15             ----------------- 85.00    
0.005      21         64         0          36         8055       36             ------------- 64.00        
0.009      21         40         0          60         6506       60             -------- 40.00             
0.01       21         37         0          63         6193       63             -------- 37.00             
0.02       21         9          0          91         4412       91             -- 9.00                    
0.05       21         0          0          100        2245       104             0.00                      
0.09       21         0          0          100        1128       111             0.00                      
0.1        21         0          0          100        928        109             0.00                      
0.2        21         0          0          100        485        117             0.00                      
0.5        21         0          0          100        290        145             0.00                      
0.9        21         0          0          100        214        192             0.00                      
0.001      23         100        0          0          100        0              NaN                        
0.002      23         100        0          0          100        0              NaN                        
0.005      23         99         1          0          100        1              -------------------- 99.00 
0.009      23         99         1          0          100        1              -------------------- 99.00 
0.01       23         99         1          0          100        1              -------------------- 99.00 
0.02       23         97         3          0          100        3              -------------------- 97.00 
0.05       23         94         6          0          100        6              ------------------- 94.00  
0.09       23         88         12         0          100        12             ------------------ 88.00   
0.1        23         86         14         0          100        14             ------------------ 86.00   
0.2        23         76         24         0          100        24             ---------------- 76.00     
0.5        23         49         51         0          100        51             ---------- 49.00           
0.9        23         7          93         0          100        93             -- 7.00                    
