aggregate data per location for random rate = 0.05 and with Magnitude = 1
Exploration Plus Magnitude
magnitude value : 1 5 10 25 50 100 
19 perturbation point
PM : Numerical Perturbator
20 string of 100 char
Random char generated with 23 as seed
IndexLoc   #Success   #Failure   #Exception #CallAllExecs      AvgCallPerExec     #Perturbations AvgPerturbationPerExec   #Execs     #Tasks     %Success                   
0          100        0          0          100                1,00               2              0,02                     100        20         -------------------- 100,00
1          99         0          1          100                1,00               2              0,02                     100        20         -------------------- 99,00 
2          100        0          0          25696              256,96             1274           12,74                    100        20         -------------------- 100,00
3          100        0          0          25706              257,06             1268           12,68                    100        20         -------------------- 100,00
5          0          1          99         25600              256,00             1270           12,70                    100        20          0,00                      
6          98         2          0          100                1,00               2              0,02                     100        20         -------------------- 98,00 
7          100        0          0          9900               99,00              501            5,01                     100        20         -------------------- 100,00
9          1          99         0          9900               99,00              501            5,01                     100        20         - 1,00                     
10         100        0          0          0                  0,00               0              0,00                     100        20         NaN                        
11         100        0          0          0                  0,00               0              0,00                     100        20         NaN                        
13         100        0          0          0                  0,00               0              0,00                     100        20         NaN                        
14         1          0          99         1793               17,93              99             0,99                     100        20         - 1,00                     
15         100        0          0          100                1,00               2              0,02                     100        20         -------------------- 100,00
16         99         0          1          100                1,00               2              0,02                     100        20         -------------------- 99,00 
17         100        0          0          25696              256,96             1274           12,74                    100        20         -------------------- 100,00
18         100        0          0          25706              257,06             1268           12,68                    100        20         -------------------- 100,00
20         0          100        0          25600              256,00             1270           12,70                    100        20          0,00                      
22         0          100        0          9900               99,00              484            4,84                     100        20          0,00                      
24         98         2          0          100                1,00               2              0,02                     100        20         -------------------- 98,00 
