aggregate data per location for random rate = 0.9 and with Magnitude = 50
Exploration Plus Magnitude
magnitude value : 1 5 10 25 50 100 
19 perturbation point
PM : Numerical Perturbator
20 string of 100 char
Random char generated with 23 as seed
IndexLoc   #Success   #Failure   #Exception #CallAllExecs      AvgCallPerExec     #Perturbations AvgPerturbationPerExec   #Execs     #Tasks     %Success                   
0          100        0          0          100                1,00               86             0,86                     100        20         -------------------- 100,00
1          14         0          86         100                1,00               86             0,86                     100        20         --- 14,00                  
2          0          0          100        20711              207,11             18669          186,69                   100        20          0,00                      
3          100        0          0          26520              265,20             23926          239,26                   100        20         -------------------- 100,00
5          0          0          100        25600              256,00             23123          231,23                   100        20          0,00                      
6          14         86         0          100                1,00               86             0,86                     100        20         --- 14,00                  
7          0          0          100        477                4,77               429            4,29                     100        20          0,00                      
9          0          0          100        477                4,77               429            4,29                     100        20          0,00                      
10         100        0          0          0                  0,00               0              0,00                     100        20         NaN                        
11         100        0          0          0                  0,00               0              0,00                     100        20         NaN                        
13         100        0          0          0                  0,00               0              0,00                     100        20         NaN                        
14         0          0          100        108                1,08               100            1,00                     100        20          0,00                      
15         100        0          0          100                1,00               86             0,86                     100        20         -------------------- 100,00
16         14         0          86         100                1,00               86             0,86                     100        20         --- 14,00                  
17         0          0          100        20711              207,11             18669          186,69                   100        20          0,00                      
18         100        0          0          26520              265,20             23926          239,26                   100        20         -------------------- 100,00
20         0          0          100        25600              256,00             23123          231,23                   100        20          0,00                      
22         0          0          100        9900               99,00              8933           89,33                    100        20          0,00                      
24         14         86         0          100                1,00               86             0,86                     100        20         --- 14,00                  
