aggregate data per location for random rate = 0.05 and with Perturbator = 1
Exploration Plus One
PONE : plus one perturbator
20 string of 100 char
Random char generated with 23 as seed
19 perturbation points
IndexLoc   #Success   #Failure   #Exception #CallAllExecs      AvgCallPerExec     #Perturbations AvgPerturbationPerExec   #Execs     #Tasks     %Success                   
0          100        0          0          100                1,00               6              0,06                     100        20         -------------------- 100,00
1          98         0          2          100                1,00               6              0,06                     100        20         -------------------- 98,00 
2          100        0          0          25695              256,95             1297           12,97                    100        20         -------------------- 100,00
3          100        0          0          25708              257,08             1297           12,97                    100        20         -------------------- 100,00
5          2          0          98         25600              256,00             1294           12,94                    100        20         - 2,00                     
6          94         6          0          100                1,00               6              0,06                     100        20         ------------------- 94,00  
7          100        0          0          9900               99,00              472            4,72                     100        20         -------------------- 100,00
9          1          99         0          9900               99,00              472            4,72                     100        20         - 1,00                     
10         100        0          0          0                  0,00               0              0,00                     100        20         NaN                        
11         100        0          0          0                  0,00               0              0,00                     100        20         NaN                        
13         100        0          0          0                  0,00               0              0,00                     100        20         NaN                        
14         0          0          100        2175               21,75              100            1,00                     100        20          0,00                      
15         100        0          0          100                1,00               6              0,06                     100        20         -------------------- 100,00
16         98         0          2          100                1,00               6              0,06                     100        20         -------------------- 98,00 
17         100        0          0          25695              256,95             1297           12,97                    100        20         -------------------- 100,00
18         100        0          0          25708              257,08             1297           12,97                    100        20         -------------------- 100,00
20         2          98         0          25600              256,00             1294           12,94                    100        20         - 2,00                     
22         1          99         0          9900               99,00              472            4,72                     100        20         - 1,00                     
24         94         6          0          100                1,00               6              0,06                     100        20         ------------------- 94,00  
