aggregate data per location for random rate = 0.5 and with Magnitude = 50
Exploration Plus Magnitude
magnitude value : 1 5 10 25 50 100 
19 perturbation point
PM : Numerical Perturbator
20 string of 100 char
Random char generated with 23 as seed
IndexLoc   #Success   #Failure   #Exception #CallAllExecs      AvgCallPerExec     #Perturbations AvgPerturbationPerExec   #Execs     #Tasks     %Success                   
0          100        0          0          100                1,00               52             0,52                     100        20         -------------------- 100,00
1          48         0          52         100                1,00               52             0,52                     100        20         ---------- 48,00           
2          0          0          100        20790              207,90             10425          104,25                   100        20          0,00                      
3          100        0          0          25802              258,02             12964          129,64                   100        20         -------------------- 100,00
5          0          0          100        25600              256,00             12839          128,39                   100        20          0,00                      
6          48         52         0          100                1,00               52             0,52                     100        20         ---------- 48,00           
7          5          0          95         1434               14,34              694            6,94                     100        20         - 5,00                     
9          0          5          95         1434               14,34              694            6,94                     100        20          0,00                      
10         100        0          0          0                  0,00               0              0,00                     100        20         NaN                        
11         100        0          0          0                  0,00               0              0,00                     100        20         NaN                        
13         100        0          0          0                  0,00               0              0,00                     100        20         NaN                        
14         0          0          100        179                1,79               100            1,00                     100        20          0,00                      
15         100        0          0          100                1,00               52             0,52                     100        20         -------------------- 100,00
16         48         0          52         100                1,00               52             0,52                     100        20         ---------- 48,00           
17         0          0          100        20790              207,90             10425          104,25                   100        20          0,00                      
18         100        0          0          25802              258,02             12964          129,64                   100        20         -------------------- 100,00
20         0          7          93         25600              256,00             12839          128,39                   100        20          0,00                      
22         0          6          94         9900               99,00              4973           49,73                    100        20          0,00                      
24         48         52         0          100                1,00               52             0,52                     100        20         ---------- 48,00           
