aggregate data per location for random rate = 0.05 and with Magnitude = 5
Exploration Plus Magnitude
magnitude value : 1 5 10 25 50 100 
19 perturbation point
PM : Numerical Perturbator
20 string of 100 char
Random char generated with 23 as seed
IndexLoc   #Success   #Failure   #Exception #CallAllExecs      AvgCallPerExec     #Perturbations AvgPerturbationPerExec   #Execs     #Tasks     %Success                   
0          100        0          0          100                1,00               3              0,03                     100        20         -------------------- 100,00
1          97         0          3          100                1,00               3              0,03                     100        20         -------------------- 97,00 
2          87         0          13         25639              256,39             1277           12,77                    100        20         ------------------ 87,00   
3          100        0          0          25703              257,03             1292           12,92                    100        20         -------------------- 100,00
5          2          0          98         25600              256,00             1251           12,51                    100        20         - 2,00                     
6          97         3          0          100                1,00               3              0,03                     100        20         -------------------- 97,00 
7          100        0          0          9900               99,00              524            5,24                     100        20         -------------------- 100,00
9          0          100        0          9900               99,00              524            5,24                     100        20          0,00                      
10         100        0          0          0                  0,00               0              0,00                     100        20         NaN                        
11         100        0          0          0                  0,00               0              0,00                     100        20         NaN                        
13         100        0          0          0                  0,00               0              0,00                     100        20         NaN                        
14         1          0          99         1864               18,64              99             0,99                     100        20         - 1,00                     
15         100        0          0          100                1,00               3              0,03                     100        20         -------------------- 100,00
16         97         0          3          100                1,00               3              0,03                     100        20         -------------------- 97,00 
17         87         0          13         25639              256,39             1277           12,77                    100        20         ------------------ 87,00   
18         100        0          0          25703              257,03             1292           12,92                    100        20         -------------------- 100,00
20         2          98         0          25600              256,00             1251           12,51                    100        20         - 2,00                     
22         0          100        0          9900               99,00              546            5,46                     100        20          0,00                      
24         97         3          0          100                1,00               3              0,03                     100        20         -------------------- 97,00 
