aggregate data per location for random rate = 0.5 and with Magnitude = 5
Exploration Plus Magnitude
magnitude value : 1 5 10 25 50 100 
19 perturbation point
PM : Numerical Perturbator
20 string of 100 char
Random char generated with 23 as seed
IndexLoc   #Success   #Failure   #Exception #CallAllExecs      AvgCallPerExec     #Perturbations AvgPerturbationPerExec   #Execs     #Tasks     %Success                   
0          100        0          0          100                1,00               51             0,51                     100        20         -------------------- 100,00
1          56         0          44         100                1,00               51             0,51                     100        20         ------------ 56,00         
2          23         0          77         25299              252,99             12672          126,72                   100        20         ----- 23,00                
3          100        0          0          25812              258,12             13076          130,76                   100        20         -------------------- 100,00
5          0          0          100        25600              256,00             12791          127,91                   100        20          0,00                      
6          49         51         0          100                1,00               51             0,51                     100        20         ---------- 49,00           
7          99         0          1          9805               98,05              4877           48,77                    100        20         -------------------- 99,00 
9          0          99         1          9805               98,05              4877           48,77                    100        20          0,00                      
10         100        0          0          0                  0,00               0              0,00                     100        20         NaN                        
11         100        0          0          0                  0,00               0              0,00                     100        20         NaN                        
13         100        0          0          0                  0,00               0              0,00                     100        20         NaN                        
14         0          0          100        171                1,71               100            1,00                     100        20          0,00                      
15         100        0          0          100                1,00               51             0,51                     100        20         -------------------- 100,00
16         56         0          44         100                1,00               51             0,51                     100        20         ------------ 56,00         
17         23         0          77         25299              252,99             12672          126,72                   100        20         ----- 23,00                
18         100        0          0          25812              258,12             13076          130,76                   100        20         -------------------- 100,00
20         0          98         2          25600              256,00             12791          127,91                   100        20          0,00                      
22         0          97         3          9900               99,00              5032           50,32                    100        20          0,00                      
24         49         51         0          100                1,00               51             0,51                     100        20         ---------- 49,00           
