aggregate data per location for magnitude = 0.01
SERN
19 perturbation point
Random Enactor, seed :32
PONE : Numerical Perturbator
5 repetition for each location for each task
100 string of 200 char
Random char generated with 23 as seed
IndexLoc   #Success   #Failure   #Exception #CallAllExecs      AvgCallPerExec     #Perturbations AvgPerturbationPerExec   #Execs     #Tasks     %Success                   
0          500        0          0          500                1.00               2              0.00                     500        100        -------------------- 100.00
1          498        0          2          500                1.00               2              0.00                     500        100        -------------------- 99.60 
2          494        0          6          128490             256.98             1296           2.59                     500        100        -------------------- 98.80 
3          500        0          0          128504             257.01             1296           2.59                     500        100        -------------------- 100.00
5          121        1          378        128000             256.00             1290           2.58                     500        100        ----- 24.20                
6          499        1          0          500                1.00               2              0.00                     500        100        -------------------- 99.80 
7          500        0          0          99340              198.68             997            1.99                     500        100        -------------------- 100.00
9          65         435        0          99340              198.68             997            1.99                     500        100        --- 13.00                  
10         500        0          0          0                  0.00               0              0.00                     500        100        NaN                        
11         500        0          0          0                  0.00               0              0.00                     500        100        NaN                        
13         500        0          0          0                  0.00               0              0.00                     500        100        NaN                        
14         63         0          437        41911              83.82              438            0.88                     500        100        --- 12.60                  
15         500        0          0          500                1.00               2              0.00                     500        100        -------------------- 100.00
16         498        0          2          500                1.00               2              0.00                     500        100        -------------------- 99.60 
17         494        0          6          128490             256.98             1296           2.59                     500        100        -------------------- 98.80 
18         500        0          0          128504             257.01             1296           2.59                     500        100        -------------------- 100.00
20         121        379        0          128000             256.00             1290           2.58                     500        100        ----- 24.20                
22         65         435        0          99340              198.68             997            1.99                     500        100        --- 13.00                  
24         498        2          0          500                1.00               2              0.00                     500        100        -------------------- 99.60 
