aggregate data per location for random rate = 0.01 and with Magnitude = 25
Exploration Plus Magnitude
magnitude value : 1 5 10 25 50 100 
19 perturbation point
PM : Numerical Perturbator
20 string of 100 char
Random char generated with 23 as seed
IndexLoc   #Success   #Failure   #Exception #CallAllExecs      AvgCallPerExec     #Perturbations AvgPerturbationPerExec   #Execs     #Tasks     %Success                   
0          100        0          0          100                1,00               1              0,01                     100        20         -------------------- 100,00
1          99         0          1          100                1,00               1              0,01                     100        20         -------------------- 99,00 
2          82         0          18         25449              254,49             274            2,74                     100        20         ----------------- 82,00    
3          100        0          0          25700              257,00             264            2,64                     100        20         -------------------- 100,00
5          36         1          63         25600              256,00             274            2,74                     100        20         -------- 36,00             
6          99         1          0          100                1,00               1              0,01                     100        20         -------------------- 99,00 
7          98         0          2          9718               97,18              96             0,96                     100        20         -------------------- 98,00 
9          37         61         2          9718               97,18              96             0,96                     100        20         -------- 37,00             
10         100        0          0          0                  0,00               0              0,00                     100        20         NaN                        
11         100        0          0          0                  0,00               0              0,00                     100        20         NaN                        
13         100        0          0          0                  0,00               0              0,00                     100        20         NaN                        
14         40         0          60         6351               63,51              60             0,60                     100        20         -------- 40,00             
15         100        0          0          100                1,00               1              0,01                     100        20         -------------------- 100,00
16         99         0          1          100                1,00               1              0,01                     100        20         -------------------- 99,00 
17         82         0          18         25449              254,49             274            2,74                     100        20         ----------------- 82,00    
18         100        0          0          25700              257,00             264            2,64                     100        20         -------------------- 100,00
20         36         62         2          25600              256,00             274            2,74                     100        20         -------- 36,00             
22         37         61         2          9900               99,00              87             0,87                     100        20         -------- 37,00             
24         99         1          0          100                1,00               1              0,01                     100        20         -------------------- 99,00 
