aggregate data per location for random rate = 0.05 and with Magnitude = 100
Exploration Plus Magnitude
magnitude value : 1 5 10 25 50 100 
19 perturbation point
PM : Numerical Perturbator
20 string of 100 char
Random char generated with 23 as seed
IndexLoc   #Success   #Failure   #Exception #CallAllExecs      AvgCallPerExec     #Perturbations AvgPerturbationPerExec   #Execs     #Tasks     %Success                   
0          100        0          0          100                1,00               7              0,07                     100        20         -------------------- 100,00
1          93         0          7          100                1,00               7              0,07                     100        20         ------------------- 93,00  
2          2          0          98         17667              176,67             878            8,78                     100        20         - 2,00                     
3          100        0          0          25704              257,04             1231           12,31                    100        20         -------------------- 100,00
5          1          0          99         25600              256,00             1248           12,48                    100        20         - 1,00                     
6          93         0          7          100                1,00               7              0,07                     100        20         ------------------- 93,00  
7          33         0          67         5292               52,92              256            2,56                     100        20         ------- 33,00              
9          0          33         67         5292               52,92              256            2,56                     100        20          0,00                      
10         100        0          0          0                  0,00               0              0,00                     100        20         NaN                        
11         100        0          0          0                  0,00               0              0,00                     100        20         NaN                        
13         100        0          0          0                  0,00               0              0,00                     100        20         NaN                        
14         1          0          99         2121               21,21              99             0,99                     100        20         - 1,00                     
15         100        0          0          100                1,00               7              0,07                     100        20         -------------------- 100,00
16         93         0          7          100                1,00               7              0,07                     100        20         ------------------- 93,00  
17         2          0          98         17667              176,67             878            8,78                     100        20         - 2,00                     
18         100        0          0          25704              257,04             1231           12,31                    100        20         -------------------- 100,00
20         1          44         55         25600              256,00             1248           12,48                    100        20         - 1,00                     
22         0          45         55         9900               99,00              502            5,02                     100        20          0,00                      
24         93         7          0          100                1,00               7              0,07                     100        20         ------------------- 93,00  
