aggregate data per location for random rate = 0.1 and with Magnitude = 50
Exploration Plus Magnitude
magnitude value : 1 5 10 25 50 100 
19 perturbation point
PM : Numerical Perturbator
20 string of 100 char
Random char generated with 23 as seed
IndexLoc   #Success   #Failure   #Exception #CallAllExecs      AvgCallPerExec     #Perturbations AvgPerturbationPerExec   #Execs     #Tasks     %Success                   
0          100        0          0          100                1,00               12             0,12                     100        20         -------------------- 100,00
1          88         0          12         100                1,00               12             0,12                     100        20         ------------------ 88,00   
2          0          0          100        21553              215,53             2094           20,94                    100        20          0,00                      
3          100        0          0          25709              257,09             2621           26,21                    100        20         -------------------- 100,00
5          0          0          100        25600              256,00             2577           25,77                    100        20          0,00                      
6          88         12         0          100                1,00               12             0,12                     100        20         ------------------ 88,00   
7          53         0          47         5882               58,82              640            6,40                     100        20         ----------- 53,00          
9          0          53         47         5882               58,82              640            6,40                     100        20          0,00                      
10         100        0          0          0                  0,00               0              0,00                     100        20         NaN                        
11         100        0          0          0                  0,00               0              0,00                     100        20         NaN                        
13         100        0          0          0                  0,00               0              0,00                     100        20         NaN                        
14         0          0          100        1056               10,56              100            1,00                     100        20          0,00                      
15         100        0          0          100                1,00               12             0,12                     100        20         -------------------- 100,00
16         88         0          12         100                1,00               12             0,12                     100        20         ------------------ 88,00   
17         0          0          100        21553              215,53             2094           20,94                    100        20          0,00                      
18         100        0          0          25709              257,09             2621           26,21                    100        20         -------------------- 100,00
20         0          62         38         25600              256,00             2577           25,77                    100        20          0,00                      
22         0          63         37         9900               99,00              1010           10,10                    100        20          0,00                      
24         88         12         0          100                1,00               12             0,12                     100        20         ------------------ 88,00   
