aggregate data per location for random rate = 0.25 and with Perturbator = 1
Exploration Plus One
19 perturbation point
PONE : plus one perturbator
20 string of 100 char
Random char generated with 23 as seed
IndexLoc   #Success   #Failure   #Exception #CallAllExecs      AvgCallPerExec     #Perturbations AvgPerturbationPerExec   #Execs     #Tasks     %Success                   
0          100        0          0          100                1,00               28             0,28                     100        20         -------------------- 100,00
1          88         0          12         100                1,00               28             0,28                     100        20         ------------------ 88,00   
2          90         0          10         25669              256,69             6430           64,30                    100        20         ------------------ 90,00   
3          100        0          0          25727              257,27             6442           64,42                    100        20         -------------------- 100,00
5          0          0          100        25600              256,00             6415           64,15                    100        20          0,00                      
6          72         28         0          100                1,00               28             0,28                     100        20         --------------- 72,00      
7          100        0          0          9900               99,00              2521           25,21                    100        20         -------------------- 100,00
9          0          100        0          9900               99,00              2521           25,21                    100        20          0,00                      
10         100        0          0          0                  0,00               0              0,00                     100        20         NaN                        
11         100        0          0          0                  0,00               0              0,00                     100        20         NaN                        
13         100        0          0          0                  0,00               0              0,00                     100        20         NaN                        
14         0          0          100        390                3,90               100            1,00                     100        20          0,00                      
15         100        0          0          100                1,00               28             0,28                     100        20         -------------------- 100,00
16         88         0          12         100                1,00               28             0,28                     100        20         ------------------ 88,00   
17         90         0          10         25669              256,69             6430           64,30                    100        20         ------------------ 90,00   
18         100        0          0          25727              257,27             6442           64,42                    100        20         -------------------- 100,00
20         0          100        0          25600              256,00             6415           64,15                    100        20          0,00                      
22         0          100        0          9900               99,00              2521           25,21                    100        20          0,00                      
24         72         28         0          100                1,00               28             0,28                     100        20         --------------- 72,00      
