aggregate data per location for random rate = 0.9 and with Magnitude = 1
Exploration Plus Magnitude
magnitude value : 1 5 10 25 50 100 
19 perturbation point
PM : Numerical Perturbator
20 string of 100 char
Random char generated with 23 as seed
IndexLoc   #Success   #Failure   #Exception #CallAllExecs      AvgCallPerExec     #Perturbations AvgPerturbationPerExec   #Execs     #Tasks     %Success                   
0          100        0          0          100                1,00               89             0,89                     100        20         -------------------- 100,00
1          57         0          43         100                1,00               89             0,89                     100        20         ------------ 57,00         
2          71         0          29         25606              256,06             23042          230,42                   100        20         --------------- 71,00      
3          100        0          0          25783              257,83             23184          231,84                   100        20         -------------------- 100,00
5          0          0          100        25600              256,00             23105          231,05                   100        20          0,00                      
6          11         89         0          100                1,00               89             0,89                     100        20         --- 11,00                  
7          100        0          0          9900               99,00              8909           89,09                    100        20         -------------------- 100,00
9          0          100        0          9900               99,00              8909           89,09                    100        20          0,00                      
10         100        0          0          0                  0,00               0              0,00                     100        20         NaN                        
11         100        0          0          0                  0,00               0              0,00                     100        20         NaN                        
13         100        0          0          0                  0,00               0              0,00                     100        20         NaN                        
14         0          0          100        110                1,10               100            1,00                     100        20          0,00                      
15         100        0          0          100                1,00               89             0,89                     100        20         -------------------- 100,00
16         57         0          43         100                1,00               89             0,89                     100        20         ------------ 57,00         
17         71         0          29         25606              256,06             23042          230,42                   100        20         --------------- 71,00      
18         100        0          0          25783              257,83             23184          231,84                   100        20         -------------------- 100,00
20         0          100        0          25600              256,00             23105          231,05                   100        20          0,00                      
22         0          100        0          9900               99,00              8907           89,07                    100        20          0,00                      
24         11         89         0          100                1,00               89             0,89                     100        20         --- 11,00                  
