aggregate data per location for magnitude = 0.005
SERN
19 perturbation point
Random Enactor, seed :32
PONE : Numerical Perturbator
20 string of 100 char
Random char generated with 23 as seed
IndexLoc   #Success   #Failure   #Exception #call_all_execs    avg_call_per_execs #Perturbations AvgPerturbationPerExecs  #Execs     #Tasks     %Success                   
0          100        0          0          20                 1                  1              0,05                     100        20         -------------------- 100,00
1          100        0          0          20                 1                  1              0,05                     100        20         -------------------- 100,00
2          100        0          0          20                 1                  130            6,50                     25698      20         -------------------- 100,00
3          100        0          0          20                 1                  130            6,50                     25700      20         -------------------- 100,00
5          65         0          35         20                 1                  130            6,50                     25600      20         ------------- 65,00        
6          99         1          0          20                 1                  1              0,05                     100        20         -------------------- 99,00 
7          100        0          0          20                 1                  45             2,25                     9900       20         -------------------- 100,00
9          63         37         0          20                 1                  45             2,25                     9900       20         ------------- 63,00        
10         100        0          0          20                 1                  0              0,00                     0          20         NaN                        
11         100        0          0          20                 1                  0              0,00                     0          20         NaN                        
13         100        0          0          20                 1                  0              0,00                     0          20         NaN                        
14         64         0          36         20                 1                  36             1,80                     8054       20         ------------- 64,00        
15         100        0          0          20                 1                  1              0,05                     100        20         -------------------- 100,00
16         100        0          0          20                 1                  1              0,05                     100        20         -------------------- 100,00
17         100        0          0          20                 1                  130            6,50                     25698      20         -------------------- 100,00
18         100        0          0          20                 1                  130            6,50                     25700      20         -------------------- 100,00
20         65         35         0          20                 1                  130            6,50                     25600      20         ------------- 65,00        
22         63         37         0          20                 1                  45             2,25                     9900       20         ------------- 63,00        
24         99         1          0          20                 1                  1              0,05                     100        20         -------------------- 99,00 
