aggregate data per location for random rate = 0.2 and with Perturbator = 1
Exploration Plus One
19 perturbation point
PONE : plus one perturbator
20 string of 100 char
Random char generated with 23 as seed
IndexLoc   #Success   #Failure   #Exception #CallAllExecs      AvgCallPerExec     #Perturbations AvgPerturbationPerExec   #Execs     #Tasks     %Success                   
0          100        0          0          100                1,00               24             0,24                     100        20         -------------------- 100,00
1          91         0          9          100                1,00               24             0,24                     100        20         ------------------- 91,00  
2          91         0          9          25681              256,81             5167           51,67                    100        20         ------------------- 91,00  
3          100        0          0          25721              257,21             5169           51,69                    100        20         -------------------- 100,00
5          0          0          100        25600              256,00             5153           51,53                    100        20          0,00                      
6          76         24         0          100                1,00               24             0,24                     100        20         ---------------- 76,00     
7          100        0          0          9900               99,00              2034           20,34                    100        20         -------------------- 100,00
9          0          100        0          9900               99,00              2034           20,34                    100        20          0,00                      
10         100        0          0          0                  0,00               0              0,00                     100        20         NaN                        
11         100        0          0          0                  0,00               0              0,00                     100        20         NaN                        
13         100        0          0          0                  0,00               0              0,00                     100        20         NaN                        
14         0          0          100        437                4,37               100            1,00                     100        20          0,00                      
15         100        0          0          100                1,00               24             0,24                     100        20         -------------------- 100,00
16         91         0          9          100                1,00               24             0,24                     100        20         ------------------- 91,00  
17         91         0          9          25681              256,81             5167           51,67                    100        20         ------------------- 91,00  
18         100        0          0          25721              257,21             5169           51,69                    100        20         -------------------- 100,00
20         0          100        0          25600              256,00             5153           51,53                    100        20          0,00                      
22         0          100        0          9900               99,00              2034           20,34                    100        20          0,00                      
24         76         24         0          100                1,00               24             0,24                     100        20         ---------------- 76,00     
