aggregate data per location for random rate = 0.5 and with Magnitude = 1
Exploration Plus Magnitude
magnitude value : 1 5 10 25 50 100 
19 perturbation point
PM : Numerical Perturbator
20 string of 100 char
Random char generated with 23 as seed
IndexLoc   #Success   #Failure   #Exception #CallAllExecs      AvgCallPerExec     #Perturbations AvgPerturbationPerExec   #Execs     #Tasks     %Success                   
0          100        0          0          100                1,00               50             0,50                     100        20         -------------------- 100,00
1          79         0          21         100                1,00               50             0,50                     100        20         ---------------- 79,00     
2          83         0          17         25650              256,50             12880          128,80                   100        20         ----------------- 83,00    
3          100        0          0          25745              257,45             12941          129,41                   100        20         -------------------- 100,00
5          0          0          100        25600              256,00             12983          129,83                   100        20          0,00                      
6          50         50         0          100                1,00               50             0,50                     100        20         ---------- 50,00           
7          100        0          0          9900               99,00              4984           49,84                    100        20         -------------------- 100,00
9          0          100        0          9900               99,00              4984           49,84                    100        20          0,00                      
10         100        0          0          0                  0,00               0              0,00                     100        20         NaN                        
11         100        0          0          0                  0,00               0              0,00                     100        20         NaN                        
13         100        0          0          0                  0,00               0              0,00                     100        20         NaN                        
14         0          0          100        211                2,11               100            1,00                     100        20          0,00                      
15         100        0          0          100                1,00               50             0,50                     100        20         -------------------- 100,00
16         79         0          21         100                1,00               50             0,50                     100        20         ---------------- 79,00     
17         83         0          17         25650              256,50             12880          128,80                   100        20         ----------------- 83,00    
18         100        0          0          25745              257,45             12941          129,41                   100        20         -------------------- 100,00
20         0          100        0          25600              256,00             12983          129,83                   100        20          0,00                      
22         0          100        0          9900               99,00              4954           49,54                    100        20          0,00                      
24         50         50         0          100                1,00               50             0,50                     100        20         ---------- 50,00           
