aggregate data per location for random rate = 0.001 and with Perturbator = 1
Exploration Plus One
PONE : plus one perturbator
20 string of 100 char
Random char generated with 23 as seed
19 perturbation points
IndexLoc   #Success   #Failure   #Exception #CallAllExecs      AvgCallPerExec     #Perturbations AvgPerturbationPerExec   #Execs     #Tasks     %Success                   
0          100        0          0          100                5,00               0              0,00                     20         20         NaN                        
1          100        0          0          100                5,00               0              0,00                     20         20         NaN                        
2          100        0          0          25699              1284,95            28             1,40                     20         20         -------------------- 100,00
3          100        0          0          25700              1285,00            28             1,40                     20         20         -------------------- 100,00
5          98         0          2          25600              1280,00            28             1,40                     20         20         -------------------- 98,00 
6          100        0          0          100                5,00               0              0,00                     20         20         NaN                        
7          100        0          0          9900               495,00             11             0,55                     20         20         -------------------- 100,00
9          90         10         0          9900               495,00             11             0,55                     20         20         ------------------ 90,00   
10         100        0          0          0                  0,00               0              0,00                     20         20         NaN                        
11         100        0          0          0                  0,00               0              0,00                     20         20         NaN                        
13         100        0          0          0                  0,00               0              0,00                     20         20         NaN                        
14         89         0          11         9312               465,60             11             0,55                     20         20         ------------------ 89,00   
15         100        0          0          100                5,00               0              0,00                     20         20         NaN                        
16         100        0          0          100                5,00               0              0,00                     20         20         NaN                        
17         100        0          0          25699              1284,95            28             1,40                     20         20         -------------------- 100,00
18         100        0          0          25700              1285,00            28             1,40                     20         20         -------------------- 100,00
20         98         2          0          25600              1280,00            28             1,40                     20         20         -------------------- 98,00 
22         90         10         0          9900               495,00             11             0,55                     20         20         ------------------ 90,00   
24         100        0          0          100                5,00               0              0,00                     20         20         NaN                        
