aggregate data per location for random rate = 0.01 and with Magnitude = 100
Exploration Plus Magnitude
magnitude value : 1 5 10 25 50 100 
19 perturbation point
PM : Numerical Perturbator
20 string of 100 char
Random char generated with 23 as seed
IndexLoc   #Success   #Failure   #Exception #CallAllExecs      AvgCallPerExec     #Perturbations AvgPerturbationPerExec   #Execs     #Tasks     %Success                   
0          100        0          0          100                1,00               1              0,01                     100        20         -------------------- 100,00
1          99         0          1          100                1,00               1              0,01                     100        20         -------------------- 99,00 
2          34         0          66         21656              216,56             221            2,21                     100        20         ------- 34,00              
3          100        0          0          25701              257,01             227            2,27                     100        20         -------------------- 100,00
5          48         0          52         25600              256,00             248            2,48                     100        20         ---------- 48,00           
6          99         0          1          100                1,00               1              0,01                     100        20         -------------------- 99,00 
7          87         0          13         9057               90,57              79             0,79                     100        20         ------------------ 87,00   
9          42         45         13         9057               90,57              79             0,79                     100        20         --------- 42,00            
10         100        0          0          0                  0,00               0              0,00                     100        20         NaN                        
11         100        0          0          0                  0,00               0              0,00                     100        20         NaN                        
13         100        0          0          0                  0,00               0              0,00                     100        20         NaN                        
14         41         0          59         6830               68,30              59             0,59                     100        20         --------- 41,00            
15         100        0          0          100                1,00               1              0,01                     100        20         -------------------- 100,00
16         99         0          1          100                1,00               1              0,01                     100        20         -------------------- 99,00 
17         34         0          66         21656              216,56             221            2,21                     100        20         ------- 34,00              
18         100        0          0          25701              257,01             227            2,27                     100        20         -------------------- 100,00
20         48         39         13         25600              256,00             248            2,48                     100        20         ---------- 48,00           
22         27         58         15         9900               99,00              119            1,19                     100        20         ------ 27,00               
24         99         1          0          100                1,00               1              0,01                     100        20         -------------------- 99,00 
