contains the data for the random rates analysis graph with Magnitude as perturbator.
Exploration Plus Magnitude
magnitude value : 1 5 10 25 50 100 
19 perturbation point
PM : Numerical Perturbator
random rate : 0.01 0.05 0.1 0.5 0.9 
20 string of 100 char
Random char generated with 23 as seed
RandomRate Magnitude IndexLoc   #Success   #Failure   #Exception #Call      #Perturbation  %Success                   
0.01       1         0          100        0          0          100        0              NaN                        
0.01       5         0          200        0          0          200        0              NaN                        
0.01       10        0          300        0          0          300        0              NaN                        
0.01       25        0          400        0          0          400        1              -------------------- 100,00
0.01       50        0          500        0          0          500        1              -------------------- 100,00
0.01       100       0          600        0          0          600        2              -------------------- 100,00
0.05       1         0          100        0          0          100        2              -------------------- 100,00
0.05       5         0          200        0          0          200        5              -------------------- 100,00
0.05       10        0          300        0          0          300        11             -------------------- 100,00
0.05       25        0          400        0          0          400        14             -------------------- 100,00
0.05       50        0          500        0          0          500        19             -------------------- 100,00
0.05       100       0          600        0          0          600        26             -------------------- 100,00
0.1        1         0          100        0          0          100        7              -------------------- 100,00
0.1        5         0          200        0          0          200        15             -------------------- 100,00
0.1        10        0          300        0          0          300        27             -------------------- 100,00
0.1        25        0          400        0          0          400        41             -------------------- 100,00
0.1        50        0          500        0          0          500        53             -------------------- 100,00
0.1        100       0          600        0          0          600        64             -------------------- 100,00
0.5        1         0          100        0          0          100        50             -------------------- 100,00
0.5        5         0          200        0          0          200        101            -------------------- 100,00
0.5        10        0          300        0          0          300        153            -------------------- 100,00
0.5        25        0          400        0          0          400        211            -------------------- 100,00
0.5        50        0          500        0          0          500        263            -------------------- 100,00
0.5        100       0          600        0          0          600        317            -------------------- 100,00
0.9        1         0          100        0          0          100        89             -------------------- 100,00
0.9        5         0          200        0          0          200        182            -------------------- 100,00
0.9        10        0          300        0          0          300        269            -------------------- 100,00
0.9        25        0          400        0          0          400        362            -------------------- 100,00
0.9        50        0          500        0          0          500        448            -------------------- 100,00
0.9        100       0          600        0          0          600        537            -------------------- 100,00
0.01       1         1          100        0          0          100        0              NaN                        
0.01       5         1          200        0          0          200        0              NaN                        
0.01       10        1          300        0          0          300        0              NaN                        
0.01       25        1          399        0          1          400        1              -------------------- 99,75 
0.01       50        1          499        0          1          500        1              -------------------- 99,80 
0.01       100       1          598        0          2          600        2              -------------------- 99,67 
0.05       1         1          99         0          1          100        2              -------------------- 99,00 
0.05       5         1          196        0          4          200        5              -------------------- 98,00 
0.05       10        1          290        0          10         300        11             -------------------- 96,67 
0.05       25        1          387        0          13         400        14             -------------------- 96,75 
0.05       50        1          482        0          18         500        19             -------------------- 96,40 
0.05       100       1          575        0          25         600        26             -------------------- 95,83 
0.1        1         1          97         0          3          100        7              -------------------- 97,00 
0.1        5         1          189        0          11         200        15             ------------------- 94,50  
0.1        10        1          277        0          23         300        27             ------------------- 92,33  
0.1        25        1          363        0          37         400        41             ------------------- 90,75  
0.1        50        1          451        0          49         500        53             ------------------- 90,20  
0.1        100       1          540        0          60         600        64             ------------------ 90,00   
0.5        1         1          79         0          21         100        50             ---------------- 79,00     
0.5        5         1          135        0          65         200        101            -------------- 67,50       
0.5        10        1          183        0          117        300        153            ------------- 61,00        
0.5        25        1          225        0          175        400        211            ------------ 56,25         
0.5        50        1          273        0          227        500        263            ----------- 54,60          
0.5        100       1          319        0          281        600        317            ----------- 53,17          
0.9        1         1          57         0          43         100        89             ------------ 57,00         
0.9        5         1          79         0          121        200        182            -------- 39,50             
0.9        10        1          92         0          208        300        269            ------- 30,67              
0.9        25        1          99         0          301        400        362            ----- 24,75                
0.9        50        1          113        0          387        500        448            ----- 22,60                
0.9        100       1          124        0          476        600        537            ----- 20,67                
0.01       1         2          100        0          0          25699      226            -------------------- 100,00
0.01       5         2          195        0          5          51380      482            -------------------- 97,50 
0.01       10        2          292        0          8          77063      703            -------------------- 97,33 
0.01       25        2          374        0          26         102512     977            ------------------- 93,50  
0.01       50        2          430        0          70         126871     1247           ------------------ 86,00   
0.01       100       2          464        0          136        148527     1468           ---------------- 77,33     
0.05       1         2          100        0          0          25696      1274           -------------------- 100,00
0.05       5         2          187        0          13         51335      2551           ------------------- 93,50  
0.05       10        2          245        0          55         76769      3845           ----------------- 81,67    
0.05       25        2          276        0          124        101401     5095           -------------- 69,00       
0.05       50        2          288        0          212        124194     6156           ------------ 57,60         
0.05       100       2          290        0          310        141861     7034           ---------- 48,33           
0.1        1         2          95         0          5          25683      2529           ------------------- 95,00  
0.1        5         2          169        0          31         51259      5115           ----------------- 84,50    
0.1        10        2          216        0          84         76526      7671           --------------- 72,00      
0.1        25        2          223        0          177        100590     10158          ------------ 55,75         
0.1        50        2          223        0          277        122143     12252          --------- 44,60            
0.1        100       2          223        0          377        138729     13847          -------- 37,17             
0.5        1         2          83         0          17         25650      12880          ----------------- 83,00    
0.5        5         2          106        0          94         50949      25552          ----------- 53,00          
0.5        10        2          110        0          190        75746      38045          -------- 36,67             
0.5        25        2          110        0          290        99048      49925          ------ 27,50               
0.5        50        2          110        0          390        119838     60350          ----- 22,00                
0.5        100       2          110        0          490        135629     68285          ---- 18,33                 
0.9        1         2          71         0          29         25606      23042          --------------- 71,00      
0.9        5         2          83         0          117        50815      45768          --------- 41,50            
0.9        10        2          83         0          217        75528      68078          ------ 27,67               
0.9        25        2          83         0          317        98742      89044          ----- 20,75                
0.9        50        2          83         0          417        119453     107713         ---- 16,60                 
0.9        100       2          83         0          517        135162     121848         --- 13,83                  
0.01       1         3          100        0          0          25701      264            -------------------- 100,00
0.01       5         3          200        0          0          51402      533            -------------------- 100,00
0.01       10        3          300        0          0          77103      798            -------------------- 100,00
0.01       25        3          400        0          0          102803     1062           -------------------- 100,00
0.01       50        3          500        0          0          128503     1295           -------------------- 100,00
0.01       100       3          600        0          0          154204     1522           -------------------- 100,00
0.05       1         3          100        0          0          25706      1268           -------------------- 100,00
0.05       5         3          200        0          0          51409      2560           -------------------- 100,00
0.05       10        3          300        0          0          77114      3874           -------------------- 100,00
0.05       25        3          400        0          0          102819     5116           -------------------- 100,00
0.05       50        3          500        0          0          128528     6430           -------------------- 100,00
0.05       100       3          600        0          0          154232     7661           -------------------- 100,00
0.1        1         3          100        0          0          25709      2584           -------------------- 100,00
0.1        5         3          200        0          0          51416      5131           -------------------- 100,00
0.1        10        3          300        0          0          77126      7684           -------------------- 100,00
0.1        25        3          400        0          0          102835     10229          -------------------- 100,00
0.1        50        3          500        0          0          128544     12850          -------------------- 100,00
0.1        100       3          600        0          0          154258     15410          -------------------- 100,00
0.5        1         3          100        0          0          25745      12941          -------------------- 100,00
0.5        5         3          200        0          0          51557      26017          -------------------- 100,00
0.5        10        3          300        0          0          77358      39030          -------------------- 100,00
0.5        25        3          400        0          0          103143     51929          -------------------- 100,00
0.5        50        3          500        0          0          128945     64893          -------------------- 100,00
0.5        100       3          600        0          0          154733     77867          -------------------- 100,00
0.9        1         3          100        0          0          25783      23184          -------------------- 100,00
0.9        5         3          200        0          0          51833      46690          -------------------- 100,00
0.9        10        3          300        0          0          78191      70446          -------------------- 100,00
0.9        25        3          400        0          0          104709     94345          -------------------- 100,00
0.9        50        3          500        0          0          131229     118271         -------------------- 100,00
0.9        100       3          600        0          0          157897     142324         -------------------- 100,00
0.01       1         5          39         2          59         25600      258            -------- 39,00             
0.01       5         5          83         2          115        51200      507            --------- 41,50            
0.01       10        5          126        2          172        76800      780            --------- 42,00            
0.01       25        5          162        3          235        102400     1054           --------- 40,50            
0.01       50        5          214        3          283        128000     1270           --------- 42,80            
0.01       100       5          262        3          335        153600     1518           --------- 43,67            
0.05       1         5          0          1          99         25600      1270            0,00                      
0.05       5         5          2          1          197        51200      2521           - 1,00                     
0.05       10        5          2          1          297        76800      3838           - 0,67                     
0.05       25        5          4          2          394        102400     5085           - 1,00                     
0.05       50        5          6          2          492        128000     6383           - 1,20                     
0.05       100       5          7          2          591        153600     7631           - 1,17                     
0.1        1         5          0          0          100        25600      2591            0,00                      
0.1        5         5          0          0          200        51200      5124            0,00                      
0.1        10        5          0          0          300        76800      7669            0,00                      
0.1        25        5          0          0          400        102400     10194           0,00                      
0.1        50        5          0          0          500        128000     12771           0,00                      
0.1        100       5          0          0          600        153600     15341           0,00                      
0.5        1         5          0          0          100        25600      12983           0,00                      
0.5        5         5          0          0          200        51200      25774           0,00                      
0.5        10        5          0          0          300        76800      38805           0,00                      
0.5        25        5          0          0          400        102400     51607           0,00                      
0.5        50        5          0          0          500        128000     64446           0,00                      
0.5        100       5          0          0          600        153600     77311           0,00                      
0.9        1         5          0          0          100        25600      23105           0,00                      
0.9        5         5          0          0          200        51200      46168           0,00                      
0.9        10        5          0          0          300        76800      69269           0,00                      
0.9        25        5          0          0          400        102400     92328           0,00                      
0.9        50        5          0          0          500        128000     115451          0,00                      
0.9        100       5          0          0          600        153600     138460          0,00                      
0.01       1         6          100        0          0          100        0              NaN                        
0.01       5         6          200        0          0          200        0              NaN                        
0.01       10        6          300        0          0          300        0              NaN                        
0.01       25        6          399        1          0          400        1              -------------------- 99,75 
0.01       50        6          499        1          0          500        1              -------------------- 99,80 
0.01       100       6          598        1          1          600        2              -------------------- 99,67 
0.05       1         6          98         2          0          100        2              -------------------- 98,00 
0.05       5         6          195        5          0          200        5              -------------------- 97,50 
0.05       10        6          289        11         0          300        11             -------------------- 96,33 
0.05       25        6          386        14         0          400        14             -------------------- 96,50 
0.05       50        6          481        19         0          500        19             -------------------- 96,20 
0.05       100       6          574        19         7          600        26             -------------------- 95,67 
0.1        1         6          93         7          0          100        7              ------------------- 93,00  
0.1        5         6          185        15         0          200        15             ------------------- 92,50  
0.1        10        6          273        27         0          300        27             ------------------- 91,00  
0.1        25        6          359        41         0          400        41             ------------------ 89,75   
0.1        50        6          447        53         0          500        53             ------------------ 89,40   
0.1        100       6          536        53         11         600        64             ------------------ 89,33   
0.5        1         6          50         50         0          100        50             ---------- 50,00           
0.5        5         6          99         101        0          200        101            ---------- 49,50           
0.5        10        6          147        153        0          300        153            ---------- 49,00           
0.5        25        6          189        211        0          400        211            ---------- 47,25           
0.5        50        6          237        263        0          500        263            ---------- 47,40           
0.5        100       6          283        263        54         600        317            ---------- 47,17           
0.9        1         6          11         89         0          100        89             --- 11,00                  
0.9        5         6          18         182        0          200        182            -- 9,00                    
0.9        10        6          31         269        0          300        269            --- 10,33                  
0.9        25        6          38         362        0          400        362            -- 9,50                    
0.9        50        6          52         448        0          500        448            --- 10,40                  
0.9        100       6          63         448        89         600        537            --- 10,50                  
0.01       1         7          100        0          0          9900       100            -------------------- 100,00
0.01       5         7          200        0          0          19800      199            -------------------- 100,00
0.01       10        7          300        0          0          29700      306            -------------------- 100,00
0.01       25        7          398        0          2          39418      402            -------------------- 99,50 
0.01       50        7          490        0          10         48675      507            -------------------- 98,00 
0.01       100       7          577        0          23         57732      586            -------------------- 96,17 
0.05       1         7          100        0          0          9900       501            -------------------- 100,00
0.05       5         7          200        0          0          19800      1025           -------------------- 100,00
0.05       10        7          298        0          2          29509      1511           -------------------- 99,33 
0.05       25        7          388        0          12         38498      1962           -------------------- 97,00 
0.05       50        7          465        0          35         46369      2346           ------------------- 93,00  
0.05       100       7          498        0          102        51661      2602           ----------------- 83,00    
0.1        1         7          100        0          0          9900       968            -------------------- 100,00
0.1        5         7          198        0          2          19610      1962           -------------------- 99,00 
0.1        10        7          293        0          7          29035      2907           -------------------- 97,67 
0.1        25        7          378        0          22         37537      3720           ------------------- 94,50  
0.1        50        7          431        0          69         43419      4360           ------------------ 86,20   
0.1        100       7          443        0          157        46415      4647           --------------- 73,83      
0.5        1         7          100        0          0          9900       4984           -------------------- 100,00
0.5        5         7          199        0          1          19705      9861           -------------------- 99,50 
0.5        10        7          291        0          9          28852      14515          -------------------- 97,00 
0.5        25        7          334        0          66         33589      16824          ----------------- 83,50    
0.5        50        7          339        0          161        35023      17518          -------------- 67,80       
0.5        100       7          339        0          261        35619      17805          ------------ 56,50         
0.9        1         7          100        0          0          9900       8909           -------------------- 100,00
0.9        5         7          195        0          5          19325      17394          -------------------- 97,50 
0.9        10        7          275        0          25         27330      24617          ------------------- 91,67  
0.9        25        7          296        0          104        29935      26986          --------------- 74,00      
0.9        50        7          296        0          204        30412      27415          ------------ 59,20         
0.9        100       7          296        0          304        30687      27667          ---------- 49,33           
0.01       1         9          35         65         0          9900       100            ------- 35,00              
0.01       5         9          72         128        0          19800      199            -------- 36,00             
0.01       10        9          106        194        0          29700      306            -------- 35,33             
0.01       25        9          143        255        2          39418      402            -------- 35,75             
0.01       50        9          173        317        10         48675      507            ------- 34,60              
0.01       100       9          215        362        23         57732      586            -------- 35,83             
0.05       1         9          1          99         0          9900       501            - 1,00                     
0.05       5         9          1          199        0          19800      1025           - 0,50                     
0.05       10        9          1          297        2          29509      1511           - 0,33                     
0.05       25        9          2          386        12         38498      1962           - 0,50                     
0.05       50        9          2          463        35         46369      2346           - 0,40                     
0.05       100       9          2          496        102        51661      2602           - 0,33                     
0.1        1         9          0          100        0          9900       968             0,00                      
0.1        5         9          0          198        2          19610      1962            0,00                      
0.1        10        9          0          293        7          29035      2907            0,00                      
0.1        25        9          0          378        22         37537      3720            0,00                      
0.1        50        9          0          431        69         43419      4360            0,00                      
0.1        100       9          0          443        157        46415      4647            0,00                      
0.5        1         9          0          100        0          9900       4984            0,00                      
0.5        5         9          0          199        1          19705      9861            0,00                      
0.5        10        9          0          291        9          28852      14515           0,00                      
0.5        25        9          0          334        66         33589      16824           0,00                      
0.5        50        9          0          339        161        35023      17518           0,00                      
0.5        100       9          0          339        261        35619      17805           0,00                      
0.9        1         9          0          100        0          9900       8909            0,00                      
0.9        5         9          0          195        5          19325      17394           0,00                      
0.9        10        9          0          275        25         27330      24617           0,00                      
0.9        25        9          0          296        104        29935      26986           0,00                      
0.9        50        9          0          296        204        30412      27415           0,00                      
0.9        100       9          0          296        304        30687      27667           0,00                      
0.01       1         10         100        0          0          0          0              NaN                        
0.01       5         10         200        0          0          0          0              NaN                        
0.01       10        10         300        0          0          0          0              NaN                        
0.01       25        10         400        0          0          0          0              NaN                        
0.01       50        10         500        0          0          0          0              NaN                        
0.01       100       10         600        0          0          0          0              NaN                        
0.05       1         10         100        0          0          0          0              NaN                        
0.05       5         10         200        0          0          0          0              NaN                        
0.05       10        10         300        0          0          0          0              NaN                        
0.05       25        10         400        0          0          0          0              NaN                        
0.05       50        10         500        0          0          0          0              NaN                        
0.05       100       10         600        0          0          0          0              NaN                        
0.1        1         10         100        0          0          0          0              NaN                        
0.1        5         10         200        0          0          0          0              NaN                        
0.1        10        10         300        0          0          0          0              NaN                        
0.1        25        10         400        0          0          0          0              NaN                        
0.1        50        10         500        0          0          0          0              NaN                        
0.1        100       10         600        0          0          0          0              NaN                        
0.5        1         10         100        0          0          0          0              NaN                        
0.5        5         10         200        0          0          0          0              NaN                        
0.5        10        10         300        0          0          0          0              NaN                        
0.5        25        10         400        0          0          0          0              NaN                        
0.5        50        10         500        0          0          0          0              NaN                        
0.5        100       10         600        0          0          0          0              NaN                        
0.9        1         10         100        0          0          0          0              NaN                        
0.9        5         10         200        0          0          0          0              NaN                        
0.9        10        10         300        0          0          0          0              NaN                        
0.9        25        10         400        0          0          0          0              NaN                        
0.9        50        10         500        0          0          0          0              NaN                        
0.9        100       10         600        0          0          0          0              NaN                        
0.01       1         11         100        0          0          0          0              NaN                        
0.01       5         11         200        0          0          0          0              NaN                        
0.01       10        11         300        0          0          0          0              NaN                        
0.01       25        11         400        0          0          0          0              NaN                        
0.01       50        11         500        0          0          0          0              NaN                        
0.01       100       11         600        0          0          0          0              NaN                        
0.05       1         11         100        0          0          0          0              NaN                        
0.05       5         11         200        0          0          0          0              NaN                        
0.05       10        11         300        0          0          0          0              NaN                        
0.05       25        11         400        0          0          0          0              NaN                        
0.05       50        11         500        0          0          0          0              NaN                        
0.05       100       11         600        0          0          0          0              NaN                        
0.1        1         11         100        0          0          0          0              NaN                        
0.1        5         11         200        0          0          0          0              NaN                        
0.1        10        11         300        0          0          0          0              NaN                        
0.1        25        11         400        0          0          0          0              NaN                        
0.1        50        11         500        0          0          0          0              NaN                        
0.1        100       11         600        0          0          0          0              NaN                        
0.5        1         11         100        0          0          0          0              NaN                        
0.5        5         11         200        0          0          0          0              NaN                        
0.5        10        11         300        0          0          0          0              NaN                        
0.5        25        11         400        0          0          0          0              NaN                        
0.5        50        11         500        0          0          0          0              NaN                        
0.5        100       11         600        0          0          0          0              NaN                        
0.9        1         11         100        0          0          0          0              NaN                        
0.9        5         11         200        0          0          0          0              NaN                        
0.9        10        11         300        0          0          0          0              NaN                        
0.9        25        11         400        0          0          0          0              NaN                        
0.9        50        11         500        0          0          0          0              NaN                        
0.9        100       11         600        0          0          0          0              NaN                        
0.01       1         13         100        0          0          0          0              NaN                        
0.01       5         13         200        0          0          0          0              NaN                        
0.01       10        13         300        0          0          0          0              NaN                        
0.01       25        13         400        0          0          0          0              NaN                        
0.01       50        13         500        0          0          0          0              NaN                        
0.01       100       13         600        0          0          0          0              NaN                        
0.05       1         13         100        0          0          0          0              NaN                        
0.05       5         13         200        0          0          0          0              NaN                        
0.05       10        13         300        0          0          0          0              NaN                        
0.05       25        13         400        0          0          0          0              NaN                        
0.05       50        13         500        0          0          0          0              NaN                        
0.05       100       13         600        0          0          0          0              NaN                        
0.1        1         13         100        0          0          0          0              NaN                        
0.1        5         13         200        0          0          0          0              NaN                        
0.1        10        13         300        0          0          0          0              NaN                        
0.1        25        13         400        0          0          0          0              NaN                        
0.1        50        13         500        0          0          0          0              NaN                        
0.1        100       13         600        0          0          0          0              NaN                        
0.5        1         13         100        0          0          0          0              NaN                        
0.5        5         13         200        0          0          0          0              NaN                        
0.5        10        13         300        0          0          0          0              NaN                        
0.5        25        13         400        0          0          0          0              NaN                        
0.5        50        13         500        0          0          0          0              NaN                        
0.5        100       13         600        0          0          0          0              NaN                        
0.9        1         13         100        0          0          0          0              NaN                        
0.9        5         13         200        0          0          0          0              NaN                        
0.9        10        13         300        0          0          0          0              NaN                        
0.9        25        13         400        0          0          0          0              NaN                        
0.9        50        13         500        0          0          0          0              NaN                        
0.9        100       13         600        0          0          0          0              NaN                        
0.01       1         14         38         0          62         6634       62             -------- 38,00             
0.01       5         14         76         0          124        12599      124            -------- 38,00             
0.01       10        14         104        0          196        18220      196            ------- 34,67              
0.01       25        14         144        0          256        24571      256            -------- 36,00             
0.01       50        14         172        0          328        30160      328            ------- 34,40              
0.01       100       14         213        0          387        36990      387            -------- 35,50             
0.05       1         14         1          0          99         1793       99             - 1,00                     
0.05       5         14         2          0          198        3657       198            - 1,00                     
0.05       10        14         2          0          298        5922       298            - 0,67                     
0.05       25        14         3          0          397        7918       397            - 0,75                     
0.05       50        14         4          0          496        10048      496            - 0,80                     
0.05       100       14         5          0          595        12169      595            - 0,83                     
0.1        1         14         0          0          100        963        100             0,00                      
0.1        5         14         0          0          200        1953       200             0,00                      
0.1        10        14         0          0          300        3017       300             0,00                      
0.1        25        14         0          0          400        3961       400             0,00                      
0.1        50        14         0          0          500        5017       500             0,00                      
0.1        100       14         0          0          600        5970       600             0,00                      
0.5        1         14         0          0          100        211        100             0,00                      
0.5        5         14         0          0          200        382        200             0,00                      
0.5        10        14         0          0          300        574        300             0,00                      
0.5        25        14         0          0          400        787        400             0,00                      
0.5        50        14         0          0          500        966        500             0,00                      
0.5        100       14         0          0          600        1164       600             0,00                      
0.9        1         14         0          0          100        110        100             0,00                      
0.9        5         14         0          0          200        222        200             0,00                      
0.9        10        14         0          0          300        333        300             0,00                      
0.9        25        14         0          0          400        443        400             0,00                      
0.9        50        14         0          0          500        551        500             0,00                      
0.9        100       14         0          0          600        670        600             0,00                      
0.01       1         15         100        0          0          100        0              NaN                        
0.01       5         15         200        0          0          200        0              NaN                        
0.01       10        15         300        0          0          300        0              NaN                        
0.01       25        15         400        0          0          400        1              -------------------- 100,00
0.01       50        15         500        0          0          500        1              -------------------- 100,00
0.01       100       15         600        0          0          600        2              -------------------- 100,00
0.05       1         15         100        0          0          100        2              -------------------- 100,00
0.05       5         15         200        0          0          200        5              -------------------- 100,00
0.05       10        15         300        0          0          300        11             -------------------- 100,00
0.05       25        15         400        0          0          400        14             -------------------- 100,00
0.05       50        15         500        0          0          500        19             -------------------- 100,00
0.05       100       15         600        0          0          600        26             -------------------- 100,00
0.1        1         15         100        0          0          100        7              -------------------- 100,00
0.1        5         15         200        0          0          200        15             -------------------- 100,00
0.1        10        15         300        0          0          300        27             -------------------- 100,00
0.1        25        15         400        0          0          400        41             -------------------- 100,00
0.1        50        15         500        0          0          500        53             -------------------- 100,00
0.1        100       15         600        0          0          600        64             -------------------- 100,00
0.5        1         15         100        0          0          100        50             -------------------- 100,00
0.5        5         15         200        0          0          200        101            -------------------- 100,00
0.5        10        15         300        0          0          300        153            -------------------- 100,00
0.5        25        15         400        0          0          400        211            -------------------- 100,00
0.5        50        15         500        0          0          500        263            -------------------- 100,00
0.5        100       15         600        0          0          600        317            -------------------- 100,00
0.9        1         15         100        0          0          100        89             -------------------- 100,00
0.9        5         15         200        0          0          200        182            -------------------- 100,00
0.9        10        15         300        0          0          300        269            -------------------- 100,00
0.9        25        15         400        0          0          400        362            -------------------- 100,00
0.9        50        15         500        0          0          500        448            -------------------- 100,00
0.9        100       15         600        0          0          600        537            -------------------- 100,00
0.01       1         16         100        0          0          100        0              NaN                        
0.01       5         16         200        0          0          200        0              NaN                        
0.01       10        16         300        0          0          300        0              NaN                        
0.01       25        16         399        0          1          400        1              -------------------- 99,75 
0.01       50        16         499        0          1          500        1              -------------------- 99,80 
0.01       100       16         598        0          2          600        2              -------------------- 99,67 
0.05       1         16         99         0          1          100        2              -------------------- 99,00 
0.05       5         16         196        0          4          200        5              -------------------- 98,00 
0.05       10        16         290        0          10         300        11             -------------------- 96,67 
0.05       25        16         387        0          13         400        14             -------------------- 96,75 
0.05       50        16         482        0          18         500        19             -------------------- 96,40 
0.05       100       16         575        0          25         600        26             -------------------- 95,83 
0.1        1         16         97         0          3          100        7              -------------------- 97,00 
0.1        5         16         189        0          11         200        15             ------------------- 94,50  
0.1        10        16         277        0          23         300        27             ------------------- 92,33  
0.1        25        16         363        0          37         400        41             ------------------- 90,75  
0.1        50        16         451        0          49         500        53             ------------------- 90,20  
0.1        100       16         540        0          60         600        64             ------------------ 90,00   
0.5        1         16         79         0          21         100        50             ---------------- 79,00     
0.5        5         16         135        0          65         200        101            -------------- 67,50       
0.5        10        16         183        0          117        300        153            ------------- 61,00        
0.5        25        16         225        0          175        400        211            ------------ 56,25         
0.5        50        16         273        0          227        500        263            ----------- 54,60          
0.5        100       16         319        0          281        600        317            ----------- 53,17          
0.9        1         16         57         0          43         100        89             ------------ 57,00         
0.9        5         16         79         0          121        200        182            -------- 39,50             
0.9        10        16         92         0          208        300        269            ------- 30,67              
0.9        25        16         99         0          301        400        362            ----- 24,75                
0.9        50        16         113        0          387        500        448            ----- 22,60                
0.9        100       16         124        0          476        600        537            ----- 20,67                
0.01       1         17         100        0          0          25699      226            -------------------- 100,00
0.01       5         17         195        0          5          51380      482            -------------------- 97,50 
0.01       10        17         292        0          8          77063      703            -------------------- 97,33 
0.01       25        17         374        0          26         102512     977            ------------------- 93,50  
0.01       50        17         430        0          70         126871     1247           ------------------ 86,00   
0.01       100       17         464        0          136        148527     1468           ---------------- 77,33     
0.05       1         17         100        0          0          25696      1274           -------------------- 100,00
0.05       5         17         187        0          13         51335      2551           ------------------- 93,50  
0.05       10        17         245        0          55         76769      3845           ----------------- 81,67    
0.05       25        17         276        0          124        101401     5095           -------------- 69,00       
0.05       50        17         288        0          212        124194     6156           ------------ 57,60         
0.05       100       17         290        0          310        141861     7034           ---------- 48,33           
0.1        1         17         95         0          5          25683      2529           ------------------- 95,00  
0.1        5         17         169        0          31         51259      5115           ----------------- 84,50    
0.1        10        17         216        0          84         76526      7671           --------------- 72,00      
0.1        25        17         223        0          177        100590     10158          ------------ 55,75         
0.1        50        17         223        0          277        122143     12252          --------- 44,60            
0.1        100       17         223        0          377        138729     13847          -------- 37,17             
0.5        1         17         83         0          17         25650      12880          ----------------- 83,00    
0.5        5         17         106        0          94         50949      25552          ----------- 53,00          
0.5        10        17         110        0          190        75746      38045          -------- 36,67             
0.5        25        17         110        0          290        99048      49925          ------ 27,50               
0.5        50        17         110        0          390        119838     60350          ----- 22,00                
0.5        100       17         110        0          490        135629     68285          ---- 18,33                 
0.9        1         17         71         0          29         25606      23042          --------------- 71,00      
0.9        5         17         83         0          117        50815      45768          --------- 41,50            
0.9        10        17         83         0          217        75528      68078          ------ 27,67               
0.9        25        17         83         0          317        98742      89044          ----- 20,75                
0.9        50        17         83         0          417        119453     107713         ---- 16,60                 
0.9        100       17         83         0          517        135162     121848         --- 13,83                  
0.01       1         18         100        0          0          25701      264            -------------------- 100,00
0.01       5         18         200        0          0          51402      533            -------------------- 100,00
0.01       10        18         300        0          0          77103      798            -------------------- 100,00
0.01       25        18         400        0          0          102803     1062           -------------------- 100,00
0.01       50        18         500        0          0          128503     1295           -------------------- 100,00
0.01       100       18         600        0          0          154204     1522           -------------------- 100,00
0.05       1         18         100        0          0          25706      1268           -------------------- 100,00
0.05       5         18         200        0          0          51409      2560           -------------------- 100,00
0.05       10        18         300        0          0          77114      3874           -------------------- 100,00
0.05       25        18         400        0          0          102819     5116           -------------------- 100,00
0.05       50        18         500        0          0          128528     6430           -------------------- 100,00
0.05       100       18         600        0          0          154232     7661           -------------------- 100,00
0.1        1         18         100        0          0          25709      2584           -------------------- 100,00
0.1        5         18         200        0          0          51416      5131           -------------------- 100,00
0.1        10        18         300        0          0          77126      7684           -------------------- 100,00
0.1        25        18         400        0          0          102835     10229          -------------------- 100,00
0.1        50        18         500        0          0          128544     12850          -------------------- 100,00
0.1        100       18         600        0          0          154258     15410          -------------------- 100,00
0.5        1         18         100        0          0          25745      12941          -------------------- 100,00
0.5        5         18         200        0          0          51557      26017          -------------------- 100,00
0.5        10        18         300        0          0          77358      39030          -------------------- 100,00
0.5        25        18         400        0          0          103143     51929          -------------------- 100,00
0.5        50        18         500        0          0          128945     64893          -------------------- 100,00
0.5        100       18         600        0          0          154733     77867          -------------------- 100,00
0.9        1         18         100        0          0          25783      23184          -------------------- 100,00
0.9        5         18         200        0          0          51833      46690          -------------------- 100,00
0.9        10        18         300        0          0          78191      70446          -------------------- 100,00
0.9        25        18         400        0          0          104709     94345          -------------------- 100,00
0.9        50        18         500        0          0          131229     118271         -------------------- 100,00
0.9        100       18         600        0          0          157897     142324         -------------------- 100,00
0.01       1         20         39         61         0          25600      258            -------- 39,00             
0.01       5         20         83         117        0          51200      507            --------- 41,50            
0.01       10        20         126        173        1          76800      780            --------- 42,00            
0.01       25        20         162        235        3          102400     1054           --------- 40,50            
0.01       50        20         214        281        5          128000     1270           --------- 42,80            
0.01       100       20         262        320        18         153600     1518           --------- 43,67            
0.05       1         20         0          100        0          25600      1270            0,00                      
0.05       5         20         2          198        0          51200      2521           - 1,00                     
0.05       10        20         2          296        2          76800      3838           - 0,67                     
0.05       25        20         3          383        14         102400     5085           - 0,75                     
0.05       50        20         5          461        34         128000     6383           - 1,00                     
0.05       100       20         6          505        89         153600     7631           - 1,00                     
0.1        1         20         0          100        0          25600      2591            0,00                      
0.1        5         20         0          200        0          51200      5124            0,00                      
0.1        10        20         0          297        3          76800      7669            0,00                      
0.1        25        20         0          382        18         102400     10194           0,00                      
0.1        50        20         0          444        56         128000     12771           0,00                      
0.1        100       20         0          458        142        153600     15341           0,00                      
0.5        1         20         0          100        0          25600      12983           0,00                      
0.5        5         20         0          198        2          51200      25774           0,00                      
0.5        10        20         0          290        10         76800      38805           0,00                      
0.5        25        20         0          324        76         102400     51607           0,00                      
0.5        50        20         0          331        169        128000     64446           0,00                      
0.5        100       20         0          331        269        153600     77311           0,00                      
0.9        1         20         0          100        0          25600      23105           0,00                      
0.9        5         20         0          196        4          51200      46168           0,00                      
0.9        10        20         0          281        19         76800      69269           0,00                      
0.9        25        20         0          300        100        102400     92328           0,00                      
0.9        50        20         0          300        200        128000     115451          0,00                      
0.9        100       20         0          300        300        153600     138460          0,00                      
0.01       1         22         40         60         0          9900       96             -------- 40,00             
0.01       5         22         73         127        0          19800      196            -------- 36,50             
0.01       10        22         113        187        0          29700      296            -------- 37,67             
0.01       25        22         150        248        2          39600      383            -------- 37,50             
0.01       50        22         189        307        4          49500      483            -------- 37,80             
0.01       100       22         216        365        19         59400      602            -------- 36,00             
0.05       1         22         0          100        0          9900       484             0,00                      
0.05       5         22         0          200        0          19800      1030            0,00                      
0.05       10        22         2          298        0          29700      1512           - 0,67                     
0.05       25        22         2          389        9          39600      1962           - 0,50                     
0.05       50        22         2          469        29         49500      2470           - 0,40                     
0.05       100       22         2          514        84         59400      2972           - 0,33                     
0.1        1         22         0          100        0          9900       962             0,00                      
0.1        5         22         0          199        1          19800      1959            0,00                      
0.1        10        22         0          299        1          29700      2960            0,00                      
0.1        25        22         0          382        18         39600      3946            0,00                      
0.1        50        22         0          445        55         49500      4956            0,00                      
0.1        100       22         0          463        137        59400      5948            0,00                      
0.5        1         22         0          100        0          9900       4954            0,00                      
0.5        5         22         0          197        3          19800      9986            0,00                      
0.5        10        22         0          292        8          29700      14922           0,00                      
0.5        25        22         0          338        62         39600      19860           0,00                      
0.5        50        22         0          344        156        49500      24833           0,00                      
0.5        100       22         0          344        256        59400      29794           0,00                      
0.9        1         22         0          100        0          9900       8907            0,00                      
0.9        5         22         0          196        4          19800      17850           0,00                      
0.9        10        22         0          285        15         29700      26761           0,00                      
0.9        25        22         0          304        96         39600      35676           0,00                      
0.9        50        22         0          304        196        49500      44609           0,00                      
0.9        100       22         0          304        296        59400      53526           0,00                      
0.01       1         24         100        0          0          100        0              NaN                        
0.01       5         24         200        0          0          200        0              NaN                        
0.01       10        24         300        0          0          300        0              NaN                        
0.01       25        24         399        1          0          400        1              -------------------- 99,75 
0.01       50        24         499        1          0          500        1              -------------------- 99,80 
0.01       100       24         598        2          0          600        2              -------------------- 99,67 
0.05       1         24         98         2          0          100        2              -------------------- 98,00 
0.05       5         24         195        5          0          200        5              -------------------- 97,50 
0.05       10        24         289        11         0          300        11             -------------------- 96,33 
0.05       25        24         386        14         0          400        14             -------------------- 96,50 
0.05       50        24         481        19         0          500        19             -------------------- 96,20 
0.05       100       24         574        26         0          600        26             -------------------- 95,67 
0.1        1         24         93         7          0          100        7              ------------------- 93,00  
0.1        5         24         185        15         0          200        15             ------------------- 92,50  
0.1        10        24         273        27         0          300        27             ------------------- 91,00  
0.1        25        24         359        41         0          400        41             ------------------ 89,75   
0.1        50        24         447        53         0          500        53             ------------------ 89,40   
0.1        100       24         536        64         0          600        64             ------------------ 89,33   
0.5        1         24         50         50         0          100        50             ---------- 50,00           
0.5        5         24         99         101        0          200        101            ---------- 49,50           
0.5        10        24         147        153        0          300        153            ---------- 49,00           
0.5        25        24         189        211        0          400        211            ---------- 47,25           
0.5        50        24         237        263        0          500        263            ---------- 47,40           
0.5        100       24         283        317        0          600        317            ---------- 47,17           
0.9        1         24         11         89         0          100        89             --- 11,00                  
0.9        5         24         18         182        0          200        182            -- 9,00                    
0.9        10        24         31         269        0          300        269            --- 10,33                  
0.9        25        24         38         362        0          400        362            -- 9,50                    
0.9        50        24         52         448        0          500        448            --- 10,40                  
0.9        100       24         63         537        0          600        537            --- 10,50                  
