aggregate data per location for random rate = 0.5 and with Magnitude = 100
Exploration Plus Magnitude
magnitude value : 1 5 10 25 50 100 
19 perturbation point
PM : Numerical Perturbator
20 string of 100 char
Random char generated with 23 as seed
IndexLoc   #Success   #Failure   #Exception #CallAllExecs      AvgCallPerExec     #Perturbations AvgPerturbationPerExec   #Execs     #Tasks     %Success                   
0          100        0          0          100                1,00               54             0,54                     100        20         -------------------- 100,00
1          46         0          54         100                1,00               54             0,54                     100        20         ---------- 46,00           
2          0          0          100        15791              157,91             7935           79,35                    100        20          0,00                      
3          100        0          0          25788              257,88             12974          129,74                   100        20         -------------------- 100,00
5          0          0          100        25600              256,00             12865          128,65                   100        20          0,00                      
6          46         0          54         100                1,00               54             0,54                     100        20         ---------- 46,00           
7          0          0          100        596                5,96               287            2,87                     100        20          0,00                      
9          0          0          100        596                5,96               287            2,87                     100        20          0,00                      
10         100        0          0          0                  0,00               0              0,00                     100        20         NaN                        
11         100        0          0          0                  0,00               0              0,00                     100        20         NaN                        
13         100        0          0          0                  0,00               0              0,00                     100        20         NaN                        
14         0          0          100        198                1,98               100            1,00                     100        20          0,00                      
15         100        0          0          100                1,00               54             0,54                     100        20         -------------------- 100,00
16         46         0          54         100                1,00               54             0,54                     100        20         ---------- 46,00           
17         0          0          100        15791              157,91             7935           79,35                    100        20          0,00                      
18         100        0          0          25788              257,88             12974          129,74                   100        20         -------------------- 100,00
20         0          0          100        25600              256,00             12865          128,65                   100        20          0,00                      
22         0          0          100        9900               99,00              4961           49,61                    100        20          0,00                      
24         46         54         0          100                1,00               54             0,54                     100        20         ---------- 46,00           
