aggregate data per location for random rate = 0.1 and with Magnitude = 10
Exploration Plus Magnitude
magnitude value : 1 5 10 25 50 100 
19 perturbation point
PM : Numerical Perturbator
20 string of 100 char
Random char generated with 23 as seed
IndexLoc   #Success   #Failure   #Exception #CallAllExecs      AvgCallPerExec     #Perturbations AvgPerturbationPerExec   #Execs     #Tasks     %Success                   
0          100        0          0          100                1,00               12             0,12                     100        20         -------------------- 100,00
1          88         0          12         100                1,00               12             0,12                     100        20         ------------------ 88,00   
2          47         0          53         25267              252,67             2556           25,56                    100        20         ---------- 47,00           
3          100        0          0          25710              257,10             2553           25,53                    100        20         -------------------- 100,00
5          0          0          100        25600              256,00             2545           25,45                    100        20          0,00                      
6          88         12         0          100                1,00               12             0,12                     100        20         ------------------ 88,00   
7          95         0          5          9425               94,25              945            9,45                     100        20         ------------------- 95,00  
9          0          95         5          9425               94,25              945            9,45                     100        20          0,00                      
10         100        0          0          0                  0,00               0              0,00                     100        20         NaN                        
11         100        0          0          0                  0,00               0              0,00                     100        20         NaN                        
13         100        0          0          0                  0,00               0              0,00                     100        20         NaN                        
14         0          0          100        1064               10,64              100            1,00                     100        20          0,00                      
15         100        0          0          100                1,00               12             0,12                     100        20         -------------------- 100,00
16         88         0          12         100                1,00               12             0,12                     100        20         ------------------ 88,00   
17         47         0          53         25267              252,67             2556           25,56                    100        20         ---------- 47,00           
18         100        0          0          25710              257,10             2553           25,53                    100        20         -------------------- 100,00
20         0          97         3          25600              256,00             2545           25,45                    100        20          0,00                      
22         0          100        0          9900               99,00              1001           10,01                    100        20          0,00                      
24         88         12         0          100                1,00               12             0,12                     100        20         ------------------ 88,00   
