aggregate data per location for random rate = 0.1 and with Magnitude = 5
Exploration Plus Magnitude
magnitude value : 1 5 10 25 50 100 
19 perturbation point
PM : Numerical Perturbator
20 string of 100 char
Random char generated with 23 as seed
IndexLoc   #Success   #Failure   #Exception #CallAllExecs      AvgCallPerExec     #Perturbations AvgPerturbationPerExec   #Execs     #Tasks     %Success                   
0          100        0          0          100                1,00               8              0,08                     100        20         -------------------- 100,00
1          92         0          8          100                1,00               8              0,08                     100        20         ------------------- 92,00  
2          74         0          26         25576              255,76             2586           25,86                    100        20         --------------- 74,00      
3          100        0          0          25707              257,07             2547           25,47                    100        20         -------------------- 100,00
5          0          0          100        25600              256,00             2533           25,33                    100        20          0,00                      
6          92         8          0          100                1,00               8              0,08                     100        20         ------------------- 92,00  
7          98         0          2          9710               97,10              994            9,94                     100        20         -------------------- 98,00 
9          0          98         2          9710               97,10              994            9,94                     100        20          0,00                      
10         100        0          0          0                  0,00               0              0,00                     100        20         NaN                        
11         100        0          0          0                  0,00               0              0,00                     100        20         NaN                        
13         100        0          0          0                  0,00               0              0,00                     100        20         NaN                        
14         0          0          100        990                9,90               100            1,00                     100        20          0,00                      
15         100        0          0          100                1,00               8              0,08                     100        20         -------------------- 100,00
16         92         0          8          100                1,00               8              0,08                     100        20         ------------------- 92,00  
17         74         0          26         25576              255,76             2586           25,86                    100        20         --------------- 74,00      
18         100        0          0          25707              257,07             2547           25,47                    100        20         -------------------- 100,00
20         0          100        0          25600              256,00             2533           25,33                    100        20          0,00                      
22         0          99         1          9900               99,00              997            9,97                     100        20          0,00                      
24         92         8          0          100                1,00               8              0,08                     100        20         ------------------- 92,00  
