SERN
random Rates : 0.001 0.002 0.005 0.009 0.01 0.02 0.05 0.09 0.1 0.2 0.5 0.9 
19 perturbation point
Random Enactor, seed :32
PONE : Numerical Perturbator
20 string of 100 char
Random char generated with 23 as seed
contains the data for the random rates analysis graph.
RandomRate IndexLoc   #Success   #Failure   #Exception #Call      #Enaction  %Success                   
0.001      303        20         0          0          20         0          -------------------- 100,00
0.002      303        20         0          0          20         0          -------------------- 100,00
0.005      303        20         0          0          20         0          -------------------- 100,00
0.009      303        20         0          0          20         0          -------------------- 100,00
0.01       303        20         0          0          20         0          -------------------- 100,00
0.02       303        20         0          0          20         0          -------------------- 100,00
0.05       303        20         0          0          20         0          -------------------- 100,00
0.09       303        20         0          0          20         2          -------------------- 100,00
0.1        303        20         0          0          20         2          -------------------- 100,00
0.2        303        20         0          0          20         4          -------------------- 100,00
0.5        303        20         0          0          20         10         -------------------- 100,00
0.9        303        20         0          0          20         20         -------------------- 100,00
0.001      304        20         0          0          20         0          -------------------- 100,00
0.002      304        20         0          0          20         0          -------------------- 100,00
0.005      304        20         0          0          20         0          -------------------- 100,00
0.009      304        20         0          0          20         0          -------------------- 100,00
0.01       304        20         0          0          20         0          -------------------- 100,00
0.02       304        20         0          0          20         0          -------------------- 100,00
0.05       304        20         0          0          20         0          -------------------- 100,00
0.09       304        20         0          0          20         2          -------------------- 100,00
0.1        304        20         0          0          20         2          -------------------- 100,00
0.2        304        19         0          1          20         4          ------------------- 95,00  
0.5        304        16         0          4          20         10         ---------------- 80,00     
0.9        304        11         0          9          20         20         ------------ 55,00         
0.001      305        20         0          0          5139       4          -------------------- 100,00
0.002      305        20         0          0          5139       7          -------------------- 100,00
0.005      305        20         0          0          5138       27         -------------------- 100,00
0.009      305        20         0          0          5138       50         -------------------- 100,00
0.01       305        20         0          0          5138       57         -------------------- 100,00
0.02       305        20         0          0          5138       107        -------------------- 100,00
0.05       305        20         0          0          5138       253        -------------------- 100,00
0.09       305        20         0          0          5136       479        -------------------- 100,00
0.1        305        20         0          0          5136       526        -------------------- 100,00
0.2        305        19         0          1          5135       1045       ------------------- 95,00  
0.5        305        17         0          3          5128       2575       ----------------- 85,00    
0.9        305        14         0          6          5122       4620       -------------- 70,00       
0.001      306        20         0          0          5140       4          -------------------- 100,00
0.002      306        20         0          0          5140       7          -------------------- 100,00
0.005      306        20         0          0          5140       27         -------------------- 100,00
0.009      306        20         0          0          5140       50         -------------------- 100,00
0.01       306        20         0          0          5140       57         -------------------- 100,00
0.02       306        20         0          0          5140       107        -------------------- 100,00
0.05       306        20         0          0          5141       253        -------------------- 100,00
0.09       306        20         0          0          5144       479        -------------------- 100,00
0.1        306        20         0          0          5144       526        -------------------- 100,00
0.2        306        20         0          0          5147       1049       -------------------- 100,00
0.5        306        20         0          0          5152       2589       -------------------- 100,00
0.9        306        20         0          0          5158       4653       -------------------- 100,00
0.001      308        19         0          1          5120       4          ------------------- 95,00  
0.002      308        19         0          1          5120       7          ------------------- 95,00  
0.005      308        12         0          8          5120       27         ------------ 60,00         
0.009      308        8          0          12         5120       50         -------- 40,00             
0.01       308        7          0          13         5120       57         ------- 35,00              
0.02       308        4          0          16         5120       107        ---- 20,00                 
0.05       308        0          0          20         5120       252         0,00                      
0.09       308        0          0          20         5120       477         0,00                      
0.1        308        0          0          20         5120       524         0,00                      
0.2        308        0          0          20         5120       1044        0,00                      
0.5        308        0          0          20         5120       2573        0,00                      
0.9        308        0          0          20         5120       4618        0,00                      
0.001      309        20         0          0          20         0          -------------------- 100,00
0.002      309        20         0          0          20         0          -------------------- 100,00
0.005      309        20         0          0          20         0          -------------------- 100,00
0.009      309        20         0          0          20         0          -------------------- 100,00
0.01       309        20         0          0          20         0          -------------------- 100,00
0.02       309        20         0          0          20         0          -------------------- 100,00
0.05       309        20         0          0          20         0          -------------------- 100,00
0.09       309        18         2          0          20         2          ------------------ 90,00   
0.1        309        18         2          0          20         2          ------------------ 90,00   
0.2        309        16         4          0          20         4          ---------------- 80,00     
0.5        309        10         10         0          20         10         ---------- 50,00           
0.9        309        0          20         0          20         20          0,00                      
0.001      310        20         0          0          1980       1          -------------------- 100,00
0.002      310        20         0          0          1980       3          -------------------- 100,00
0.005      310        20         0          0          1980       9          -------------------- 100,00
0.009      310        20         0          0          1980       17         -------------------- 100,00
0.01       310        20         0          0          1980       19         -------------------- 100,00
0.02       310        20         0          0          1980       42         -------------------- 100,00
0.05       310        20         0          0          1980       91         -------------------- 100,00
0.09       310        20         0          0          1980       182        -------------------- 100,00
0.1        310        20         0          0          1980       204        -------------------- 100,00
0.2        310        20         0          0          1980       402        -------------------- 100,00
0.5        310        20         0          0          1980       985        -------------------- 100,00
0.9        310        20         0          0          1980       1778       -------------------- 100,00
0.001      312        19         1          0          1980       1          ------------------- 95,00  
0.002      312        17         3          0          1980       3          ----------------- 85,00    
0.005      312        12         8          0          1980       9          ------------ 60,00         
0.009      312        7          13         0          1980       17         ------- 35,00              
0.01       312        7          13         0          1980       19         ------- 35,00              
0.02       312        1          19         0          1980       42         - 5,00                     
0.05       312        0          20         0          1980       91          0,00                      
0.09       312        0          20         0          1980       182         0,00                      
0.1        312        0          20         0          1980       204         0,00                      
0.2        312        0          20         0          1980       402         0,00                      
0.5        312        0          20         0          1980       985         0,00                      
0.9        312        0          20         0          1980       1778        0,00                      
0.001      313        20         0          0          0          0          -------------------- 100,00
0.002      313        20         0          0          0          0          -------------------- 100,00
0.005      313        20         0          0          0          0          -------------------- 100,00
0.009      313        20         0          0          0          0          -------------------- 100,00
0.01       313        20         0          0          0          0          -------------------- 100,00
0.02       313        20         0          0          0          0          -------------------- 100,00
0.05       313        20         0          0          0          0          -------------------- 100,00
0.09       313        20         0          0          0          0          -------------------- 100,00
0.1        313        20         0          0          0          0          -------------------- 100,00
0.2        313        20         0          0          0          0          -------------------- 100,00
0.5        313        20         0          0          0          0          -------------------- 100,00
0.9        313        20         0          0          0          0          -------------------- 100,00
0.001      314        20         0          0          0          0          -------------------- 100,00
0.002      314        20         0          0          0          0          -------------------- 100,00
0.005      314        20         0          0          0          0          -------------------- 100,00
0.009      314        20         0          0          0          0          -------------------- 100,00
0.01       314        20         0          0          0          0          -------------------- 100,00
0.02       314        20         0          0          0          0          -------------------- 100,00
0.05       314        20         0          0          0          0          -------------------- 100,00
0.09       314        20         0          0          0          0          -------------------- 100,00
0.1        314        20         0          0          0          0          -------------------- 100,00
0.2        314        20         0          0          0          0          -------------------- 100,00
0.5        314        20         0          0          0          0          -------------------- 100,00
0.9        314        20         0          0          0          0          -------------------- 100,00
0.001      316        20         0          0          0          0          -------------------- 100,00
0.002      316        20         0          0          0          0          -------------------- 100,00
0.005      316        20         0          0          0          0          -------------------- 100,00
0.009      316        20         0          0          0          0          -------------------- 100,00
0.01       316        20         0          0          0          0          -------------------- 100,00
0.02       316        20         0          0          0          0          -------------------- 100,00
0.05       316        20         0          0          0          0          -------------------- 100,00
0.09       316        20         0          0          0          0          -------------------- 100,00
0.1        316        20         0          0          0          0          -------------------- 100,00
0.2        316        20         0          0          0          0          -------------------- 100,00
0.5        316        20         0          0          0          0          -------------------- 100,00
0.9        316        20         0          0          0          0          -------------------- 100,00
0.001      317        19         0          1          1960       1          ------------------- 95,00  
0.002      317        17         0          3          1883       3          ----------------- 85,00    
0.005      317        13         0          7          1586       7          ------------- 65,00        
0.009      317        9          0          11         1463       11         --------- 45,00            
0.01       317        9          0          11         1463       11         --------- 45,00            
0.02       317        2          0          18         780        18         -- 10,00                   
0.05       317        0          0          20         431        20          0,00                      
0.09       317        0          0          20         165        20          0,00                      
0.1        317        0          0          20         148        20          0,00                      
0.2        317        0          0          20         77         20          0,00                      
0.5        317        0          0          20         47         20          0,00                      
0.9        317        0          0          20         20         20          0,00                      
0.001      318        20         0          0          20         0          -------------------- 100,00
0.002      318        20         0          0          20         0          -------------------- 100,00
0.005      318        20         0          0          20         0          -------------------- 100,00
0.009      318        20         0          0          20         0          -------------------- 100,00
0.01       318        20         0          0          20         0          -------------------- 100,00
0.02       318        20         0          0          20         0          -------------------- 100,00
0.05       318        20         0          0          20         0          -------------------- 100,00
0.09       318        20         0          0          20         2          -------------------- 100,00
0.1        318        20         0          0          20         2          -------------------- 100,00
0.2        318        20         0          0          20         4          -------------------- 100,00
0.5        318        20         0          0          20         10         -------------------- 100,00
0.9        318        20         0          0          20         20         -------------------- 100,00
0.001      319        20         0          0          20         0          -------------------- 100,00
0.002      319        20         0          0          20         0          -------------------- 100,00
0.005      319        20         0          0          20         0          -------------------- 100,00
0.009      319        20         0          0          20         0          -------------------- 100,00
0.01       319        20         0          0          20         0          -------------------- 100,00
0.02       319        20         0          0          20         0          -------------------- 100,00
0.05       319        20         0          0          20         0          -------------------- 100,00
0.09       319        20         0          0          20         2          -------------------- 100,00
0.1        319        20         0          0          20         2          -------------------- 100,00
0.2        319        19         0          1          20         4          ------------------- 95,00  
0.5        319        16         0          4          20         10         ---------------- 80,00     
0.9        319        11         0          9          20         20         ------------ 55,00         
0.001      320        20         0          0          5139       4          -------------------- 100,00
0.002      320        20         0          0          5139       7          -------------------- 100,00
0.005      320        20         0          0          5138       27         -------------------- 100,00
0.009      320        20         0          0          5138       50         -------------------- 100,00
0.01       320        20         0          0          5138       57         -------------------- 100,00
0.02       320        20         0          0          5138       107        -------------------- 100,00
0.05       320        20         0          0          5138       253        -------------------- 100,00
0.09       320        20         0          0          5136       479        -------------------- 100,00
0.1        320        20         0          0          5136       526        -------------------- 100,00
0.2        320        19         0          1          5135       1045       ------------------- 95,00  
0.5        320        17         0          3          5128       2575       ----------------- 85,00    
0.9        320        14         0          6          5122       4620       -------------- 70,00       
0.001      321        20         0          0          5140       4          -------------------- 100,00
0.002      321        20         0          0          5140       7          -------------------- 100,00
0.005      321        20         0          0          5140       27         -------------------- 100,00
0.009      321        20         0          0          5140       50         -------------------- 100,00
0.01       321        20         0          0          5140       57         -------------------- 100,00
0.02       321        20         0          0          5140       107        -------------------- 100,00
0.05       321        20         0          0          5141       253        -------------------- 100,00
0.09       321        20         0          0          5144       479        -------------------- 100,00
0.1        321        20         0          0          5144       526        -------------------- 100,00
0.2        321        20         0          0          5147       1049       -------------------- 100,00
0.5        321        20         0          0          5152       2589       -------------------- 100,00
0.9        321        20         0          0          5158       4653       -------------------- 100,00
0.001      323        19         1          0          5120       4          ------------------- 95,00  
0.002      323        19         1          0          5120       7          ------------------- 95,00  
0.005      323        12         8          0          5120       27         ------------ 60,00         
0.009      323        8          12         0          5120       50         -------- 40,00             
0.01       323        7          13         0          5120       57         ------- 35,00              
0.02       323        4          16         0          5120       107        ---- 20,00                 
0.05       323        0          20         0          5120       252         0,00                      
0.09       323        0          20         0          5120       477         0,00                      
0.1        323        0          20         0          5120       524         0,00                      
0.2        323        0          20         0          5120       1044        0,00                      
0.5        323        0          20         0          5120       2573        0,00                      
0.9        323        0          20         0          5120       4618        0,00                      
0.001      325        19         1          0          1980       1          ------------------- 95,00  
0.002      325        17         3          0          1980       3          ----------------- 85,00    
0.005      325        12         8          0          1980       9          ------------ 60,00         
0.009      325        7          13         0          1980       17         ------- 35,00              
0.01       325        7          13         0          1980       19         ------- 35,00              
0.02       325        1          19         0          1980       42         - 5,00                     
0.05       325        0          20         0          1980       91          0,00                      
0.09       325        0          20         0          1980       182         0,00                      
0.1        325        0          20         0          1980       204         0,00                      
0.2        325        0          20         0          1980       402         0,00                      
0.5        325        0          20         0          1980       985         0,00                      
0.9        325        0          20         0          1980       1778        0,00                      
0.001      327        20         0          0          20         0          -------------------- 100,00
0.002      327        20         0          0          20         0          -------------------- 100,00
0.005      327        20         0          0          20         0          -------------------- 100,00
0.009      327        20         0          0          20         0          -------------------- 100,00
0.01       327        20         0          0          20         0          -------------------- 100,00
0.02       327        20         0          0          20         0          -------------------- 100,00
0.05       327        20         0          0          20         0          -------------------- 100,00
0.09       327        18         2          0          20         2          ------------------ 90,00   
0.1        327        18         2          0          20         2          ------------------ 90,00   
0.2        327        16         4          0          20         4          ---------------- 80,00     
0.5        327        10         10         0          20         10         ---------- 50,00           
0.9        327        0          20         0          20         20          0,00                      
