SERN
Rates : 0.001 0.002 0.005 0.009 0.01 0.02 0.05 0.09 0.1 0.2 0.5 0.9 
19 perturbation point
Random Enactor, seed :32
PONE : Numerical Perturbator
100 string of 150 char
Random integer generated with 23 as seed
N     IndexLoc   #Success #Failure #Error   #Call    #Enactions %Success                   
0.001 14         100      0        0        101      0        -------------------- 100,00
0.002 14         100      0        0        101      0        -------------------- 100,00
0.005 14         100      0        0        101      0        -------------------- 100,00
0.009 14         100      0        0        101      0        -------------------- 100,00
0.01  14         100      0        0        101      0        -------------------- 100,00
0.02  14         100      0        0        101      0        -------------------- 100,00
0.05  14         100      0        0        101      0        -------------------- 100,00
0.09  14         98       2        0        99       2        -------------------- 98,00 
0.1   14         98       2        0        99       3        -------------------- 98,00 
0.2   14         95       5        0        96       6        ------------------- 95,00  
0.5   14         92       8        0        93       9        ------------------- 92,00  
0.9   14         87       13       0        88       14       ------------------ 87,00   
0.001 15         100      0        0        101      0        -------------------- 100,00
0.002 15         100      0        0        101      0        -------------------- 100,00
0.005 15         100      0        0        101      0        -------------------- 100,00
0.009 15         100      0        0        101      0        -------------------- 100,00
0.01  15         100      0        0        101      0        -------------------- 100,00
0.02  15         100      0        0        101      0        -------------------- 100,00
0.05  15         97       0        3        98       0        -------------------- 97,00 
0.09  15         94       0        6        95       0        ------------------- 94,00  
0.1   15         92       0        8        93       1        ------------------- 92,00  
0.2   15         86       0        14       87       1        ------------------ 86,00   
0.5   15         71       0        29       72       1        --------------- 71,00      
0.9   15         50       0        50       51       1        ---------- 50,00           
0.001 16         100      0        0        357      0        -------------------- 100,00
0.002 16         100      0        0        357      0        -------------------- 100,00
0.005 16         100      0        0        357      1        -------------------- 100,00
0.009 16         100      0        0        357      2        -------------------- 100,00
0.01  16         99       0        1        356      3        -------------------- 99,00 
0.02  16         99       0        1        356      4        -------------------- 99,00 
0.05  16         98       0        2        355      12       -------------------- 98,00 
0.09  16         96       0        4        353      25       -------------------- 96,00 
0.1   16         96       0        4        353      26       -------------------- 96,00 
0.2   16         87       0        13       344      54       ------------------ 87,00   
0.5   16         80       0        20       336      128      ---------------- 80,00     
0.9   16         59       0        41       315      231      ------------ 59,00         
0.001 17         100      0        0        357      0        -------------------- 100,00
0.002 17         100      0        0        357      0        -------------------- 100,00
0.005 17         100      0        0        357      1        -------------------- 100,00
0.009 17         100      0        0        357      2        -------------------- 100,00
0.01  17         100      0        0        357      3        -------------------- 100,00
0.02  17         100      0        0        357      4        -------------------- 100,00
0.05  17         100      0        0        357      11       -------------------- 100,00
0.09  17         100      0        0        357      22       -------------------- 100,00
0.1   17         100      0        0        357      23       -------------------- 100,00
0.2   17         100      0        0        357      48       -------------------- 100,00
0.5   17         100      0        0        357      134      -------------------- 100,00
0.9   17         100      0        0        358      234      -------------------- 100,00
0.001 19         90       0        10       346      0        ------------------ 90,00   
0.002 19         82       0        18       338      0        ----------------- 82,00    
0.005 19         56       0        44       312      2        ------------ 56,00         
0.009 19         25       0        75       281      4        ----- 25,00                
0.01  19         23       0        77       279      4        ----- 23,00                
0.02  19         3        0        97       259      6        - 3,00                     
0.05  19         0        0        100      256      14        0,00                      
0.09  19         0        0        100      256      24        0,00                      
0.1   19         0        0        100      256      26        0,00                      
0.2   19         0        0        100      256      56        0,00                      
0.5   19         0        0        100      256      124       0,00                      
0.9   19         0        0        100      256      230       0,00                      
0.001 20         100      0        0        101      0        -------------------- 100,00
0.002 20         100      0        0        101      0        -------------------- 100,00
0.005 20         99       1        0        100      1        -------------------- 99,00 
0.009 20         99       1        0        100      1        -------------------- 99,00 
0.01  20         99       1        0        100      1        -------------------- 99,00 
0.02  20         97       3        0        98       3        -------------------- 97,00 
0.05  20         94       6        0        95       6        ------------------- 94,00  
0.09  20         88       12       0        89       12       ------------------ 88,00   
0.1   20         86       14       0        87       15       ------------------ 86,00   
0.2   20         77       23       0        78       24       ---------------- 77,00     
0.5   20         51       49       0        52       50       ----------- 51,00          
0.9   20         10       90       0        11       91       -- 10,00                   
0.001 21         100      0        0        249      0        -------------------- 100,00
0.002 21         100      0        0        249      0        -------------------- 100,00
0.005 21         100      0        0        249      0        -------------------- 100,00
0.009 21         100      0        0        249      0        -------------------- 100,00
0.01  21         100      0        0        249      0        -------------------- 100,00
0.02  21         100      0        0        249      1        -------------------- 100,00
0.05  21         100      0        0        249      3        -------------------- 100,00
0.09  21         99       0        1        248      16       -------------------- 99,00 
0.1   21         99       0        1        248      19       -------------------- 99,00 
0.2   21         99       0        1        248      30       -------------------- 99,00 
0.5   21         99       0        1        248      73       -------------------- 99,00 
0.9   21         98       0        2        247      131      -------------------- 98,00 
0.001 23         88       12       0        237      12       ------------------ 88,00   
0.002 23         81       19       0        230      19       ----------------- 81,00    
0.005 23         51       49       0        200      49       ----------- 51,00          
0.009 23         26       74       0        175      74       ------ 26,00               
0.01  23         24       76       0        173      76       ----- 24,00                
0.02  23         3        97       0        152      98       - 3,00                     
0.05  23         0        100      0        149      103       0,00                      
0.09  23         0        99       1        149      115       0,00                      
0.1   23         0        99       1        149      118       0,00                      
0.2   23         0        99       1        149      129       0,00                      
0.5   23         0        99       1        149      172       0,00                      
0.9   23         0        98       2        149      229       0,00                      
0.001 24         100      0        0        100      0        -------------------- 100,00
0.002 24         100      0        0        100      0        -------------------- 100,00
0.005 24         100      0        0        100      0        -------------------- 100,00
0.009 24         100      0        0        100      0        -------------------- 100,00
0.01  24         100      0        0        100      0        -------------------- 100,00
0.02  24         100      0        0        100      0        -------------------- 100,00
0.05  24         100      0        0        100      0        -------------------- 100,00
0.09  24         100      0        0        100      0        -------------------- 100,00
0.1   24         100      0        0        100      0        -------------------- 100,00
0.2   24         100      0        0        100      0        -------------------- 100,00
0.5   24         100      0        0        100      0        -------------------- 100,00
0.9   24         100      0        0        100      0        -------------------- 100,00
0.001 25         100      0        0        100      0        -------------------- 100,00
0.002 25         100      0        0        100      0        -------------------- 100,00
0.005 25         100      0        0        100      0        -------------------- 100,00
0.009 25         100      0        0        100      0        -------------------- 100,00
0.01  25         100      0        0        100      0        -------------------- 100,00
0.02  25         100      0        0        100      0        -------------------- 100,00
0.05  25         100      0        0        100      0        -------------------- 100,00
0.09  25         100      0        0        100      0        -------------------- 100,00
0.1   25         100      0        0        100      0        -------------------- 100,00
0.2   25         100      0        0        100      0        -------------------- 100,00
0.5   25         100      0        0        100      0        -------------------- 100,00
0.9   25         100      0        0        100      0        -------------------- 100,00
0.001 27         100      0        0        100      0        -------------------- 100,00
0.002 27         100      0        0        100      0        -------------------- 100,00
0.005 27         100      0        0        100      0        -------------------- 100,00
0.009 27         100      0        0        100      0        -------------------- 100,00
0.01  27         100      0        0        100      0        -------------------- 100,00
0.02  27         100      0        0        100      0        -------------------- 100,00
0.05  27         100      0        0        100      0        -------------------- 100,00
0.09  27         100      0        0        100      0        -------------------- 100,00
0.1   27         100      0        0        100      0        -------------------- 100,00
0.2   27         100      0        0        100      0        -------------------- 100,00
0.5   27         100      0        0        100      0        -------------------- 100,00
0.9   27         100      0        0        100      0        -------------------- 100,00
0.001 28         85       0        15       234      0        ----------------- 85,00    
0.002 28         79       0        21       228      0        ---------------- 79,00     
0.005 28         49       0        51       198      0        ---------- 49,00           
0.009 28         24       0        76       44       1        ----- 24,00                
0.01  28         21       0        79       75       1        ----- 21,00                
0.02  28         4        0        96       24       1        - 4,00                     
0.05  28         0        0        100      55       1         0,00                      
0.09  28         0        0        100      5        1         0,00                      
0.1   28         0        0        100      3        1         0,00                      
0.2   28         0        0        100      5        1         0,00                      
0.5   28         0        0        100      2        1         0,00                      
0.9   28         0        0        100      1        1         0,00                      
0.001 29         100      0        0        101      0        -------------------- 100,00
0.002 29         100      0        0        101      0        -------------------- 100,00
0.005 29         100      0        0        101      0        -------------------- 100,00
0.009 29         100      0        0        101      0        -------------------- 100,00
0.01  29         100      0        0        101      0        -------------------- 100,00
0.02  29         100      0        0        101      0        -------------------- 100,00
0.05  29         100      0        0        101      0        -------------------- 100,00
0.09  29         98       2        0        99       2        -------------------- 98,00 
0.1   29         98       2        0        99       3        -------------------- 98,00 
0.2   29         95       5        0        96       6        ------------------- 95,00  
0.5   29         92       8        0        93       9        ------------------- 92,00  
0.9   29         87       13       0        88       14       ------------------ 87,00   
0.001 30         100      0        0        101      0        -------------------- 100,00
0.002 30         100      0        0        101      0        -------------------- 100,00
0.005 30         100      0        0        101      0        -------------------- 100,00
0.009 30         100      0        0        101      0        -------------------- 100,00
0.01  30         100      0        0        101      0        -------------------- 100,00
0.02  30         100      0        0        101      0        -------------------- 100,00
0.05  30         97       0        3        98       0        -------------------- 97,00 
0.09  30         94       0        6        95       0        ------------------- 94,00  
0.1   30         92       0        8        93       1        ------------------- 92,00  
0.2   30         86       0        14       87       1        ------------------ 86,00   
0.5   30         71       0        29       72       1        --------------- 71,00      
0.9   30         50       0        50       51       1        ---------- 50,00           
0.001 31         100      0        0        357      0        -------------------- 100,00
0.002 31         100      0        0        357      0        -------------------- 100,00
0.005 31         100      0        0        357      1        -------------------- 100,00
0.009 31         100      0        0        357      2        -------------------- 100,00
0.01  31         99       0        1        356      3        -------------------- 99,00 
0.02  31         99       0        1        356      4        -------------------- 99,00 
0.05  31         98       0        2        355      12       -------------------- 98,00 
0.09  31         96       0        4        353      25       -------------------- 96,00 
0.1   31         96       0        4        353      26       -------------------- 96,00 
0.2   31         87       0        13       344      54       ------------------ 87,00   
0.5   31         80       0        20       336      128      ---------------- 80,00     
0.9   31         59       0        41       315      231      ------------ 59,00         
0.001 32         100      0        0        357      0        -------------------- 100,00
0.002 32         100      0        0        357      0        -------------------- 100,00
0.005 32         100      0        0        357      1        -------------------- 100,00
0.009 32         100      0        0        357      2        -------------------- 100,00
0.01  32         100      0        0        357      3        -------------------- 100,00
0.02  32         100      0        0        357      4        -------------------- 100,00
0.05  32         100      0        0        357      11       -------------------- 100,00
0.09  32         100      0        0        357      22       -------------------- 100,00
0.1   32         100      0        0        357      23       -------------------- 100,00
0.2   32         100      0        0        357      48       -------------------- 100,00
0.5   32         100      0        0        357      134      -------------------- 100,00
0.9   32         100      0        0        358      234      -------------------- 100,00
0.001 34         90       10       0        346      10       ------------------ 90,00   
0.002 34         82       18       0        338      18       ----------------- 82,00    
0.005 34         56       44       0        312      46       ------------ 56,00         
0.009 34         25       75       0        281      79       ----- 25,00                
0.01  34         23       77       0        279      81       ----- 23,00                
0.02  34         3        97       0        259      103      - 3,00                     
0.05  34         0        100      0        256      114       0,00                      
0.09  34         0        100      0        256      124       0,00                      
0.1   34         0        100      0        256      126       0,00                      
0.2   34         0        100      0        256      156       0,00                      
0.5   34         0        100      0        256      224       0,00                      
0.9   34         0        100      0        256      330       0,00                      
0.001 36         88       12       0        237      12       ------------------ 88,00   
0.002 36         81       19       0        230      19       ----------------- 81,00    
0.005 36         51       49       0        200      49       ----------- 51,00          
0.009 36         26       74       0        175      74       ------ 26,00               
0.01  36         24       76       0        173      76       ----- 24,00                
0.02  36         3        97       0        152      98       - 3,00                     
0.05  36         0        100      0        149      103       0,00                      
0.09  36         0        100      0        149      111       0,00                      
0.1   36         0        100      0        149      112       0,00                      
0.2   36         0        100      0        149      125       0,00                      
0.5   36         0        100      0        149      176       0,00                      
0.9   36         0        100      0        149      234       0,00                      
0.001 38         100      0        0        101      0        -------------------- 100,00
0.002 38         100      0        0        101      0        -------------------- 100,00
0.005 38         99       1        0        100      1        -------------------- 99,00 
0.009 38         99       1        0        100      1        -------------------- 99,00 
0.01  38         99       1        0        100      1        -------------------- 99,00 
0.02  38         97       3        0        98       3        -------------------- 97,00 
0.05  38         94       6        0        95       6        ------------------- 94,00  
0.09  38         88       12       0        89       12       ------------------ 88,00   
0.1   38         86       14       0        87       15       ------------------ 86,00   
0.2   38         76       24       0        77       25       ---------------- 76,00     
0.5   38         49       51       0        50       52       ---------- 49,00           
0.9   38         7        93       0        8        94       -- 7,00                    
