SERN
random Rates : 0.001 0.002 0.005 0.009 0.01 0.02 0.05 0.09 0.1 0.2 0.5 0.9 
11 perturbation point
Random Enactor, seed :32
PONE : Numerical Perturbator
20 string of 100 char
Random char generated with 23 as seed
contains the data for the random rates analysis graph.
RandomRate IndexLoc   #Success   #Failure   #Exception #Call      #Enaction  %Success                   
0.001      303        20         0          0          20         0          -------------------- 100,00
0.002      303        20         0          0          20         0          -------------------- 100,00
0.005      303        20         0          0          20         0          -------------------- 100,00
0.009      303        20         0          0          20         0          -------------------- 100,00
0.01       303        20         0          0          20         0          -------------------- 100,00
0.02       303        20         0          0          20         0          -------------------- 100,00
0.05       303        20         0          0          20         0          -------------------- 100,00
0.09       303        20         0          0          20         1          -------------------- 100,00
0.1        303        20         0          0          20         1          -------------------- 100,00
0.2        303        20         0          0          20         3          -------------------- 100,00
0.5        303        20         0          0          20         9          -------------------- 100,00
0.9        303        20         0          0          20         18         -------------------- 100,00
0.001      306        20         0          0          5140       4          -------------------- 100,00
0.002      306        20         0          0          5140       7          -------------------- 100,00
0.005      306        20         0          0          5140       27         -------------------- 100,00
0.009      306        20         0          0          5140       50         -------------------- 100,00
0.01       306        20         0          0          5140       57         -------------------- 100,00
0.02       306        20         0          0          5140       107        -------------------- 100,00
0.05       306        20         0          0          5141       253        -------------------- 100,00
0.09       306        20         0          0          5144       479        -------------------- 100,00
0.1        306        20         0          0          5144       526        -------------------- 100,00
0.2        306        20         0          0          5147       1049       -------------------- 100,00
0.5        306        20         0          0          5152       2589       -------------------- 100,00
0.9        306        20         0          0          5158       4653       -------------------- 100,00
0.001      310        20         0          0          1980       1          -------------------- 100,00
0.002      310        20         0          0          1980       3          -------------------- 100,00
0.005      310        20         0          0          1980       9          -------------------- 100,00
0.009      310        20         0          0          1980       17         -------------------- 100,00
0.01       310        20         0          0          1980       19         -------------------- 100,00
0.02       310        20         0          0          1980       42         -------------------- 100,00
0.05       310        20         0          0          1980       91         -------------------- 100,00
0.09       310        20         0          0          1980       182        -------------------- 100,00
0.1        310        20         0          0          1980       204        -------------------- 100,00
0.2        310        20         0          0          1980       402        -------------------- 100,00
0.5        310        20         0          0          1980       985        -------------------- 100,00
0.9        310        20         0          0          1980       1778       -------------------- 100,00
0.001      313        20         0          0          0          0          -------------------- 100,00
0.002      313        20         0          0          0          0          -------------------- 100,00
0.005      313        20         0          0          0          0          -------------------- 100,00
0.009      313        20         0          0          0          0          -------------------- 100,00
0.01       313        20         0          0          0          0          -------------------- 100,00
0.02       313        20         0          0          0          0          -------------------- 100,00
0.05       313        20         0          0          0          0          -------------------- 100,00
0.09       313        20         0          0          0          0          -------------------- 100,00
0.1        313        20         0          0          0          0          -------------------- 100,00
0.2        313        20         0          0          0          0          -------------------- 100,00
0.5        313        20         0          0          0          0          -------------------- 100,00
0.9        313        20         0          0          0          0          -------------------- 100,00
0.001      314        20         0          0          0          0          -------------------- 100,00
0.002      314        20         0          0          0          0          -------------------- 100,00
0.005      314        20         0          0          0          0          -------------------- 100,00
0.009      314        20         0          0          0          0          -------------------- 100,00
0.01       314        20         0          0          0          0          -------------------- 100,00
0.02       314        20         0          0          0          0          -------------------- 100,00
0.05       314        20         0          0          0          0          -------------------- 100,00
0.09       314        20         0          0          0          0          -------------------- 100,00
0.1        314        20         0          0          0          0          -------------------- 100,00
0.2        314        20         0          0          0          0          -------------------- 100,00
0.5        314        20         0          0          0          0          -------------------- 100,00
0.9        314        20         0          0          0          0          -------------------- 100,00
0.001      316        20         0          0          0          0          -------------------- 100,00
0.002      316        20         0          0          0          0          -------------------- 100,00
0.005      316        20         0          0          0          0          -------------------- 100,00
0.009      316        20         0          0          0          0          -------------------- 100,00
0.01       316        20         0          0          0          0          -------------------- 100,00
0.02       316        20         0          0          0          0          -------------------- 100,00
0.05       316        20         0          0          0          0          -------------------- 100,00
0.09       316        20         0          0          0          0          -------------------- 100,00
0.1        316        20         0          0          0          0          -------------------- 100,00
0.2        316        20         0          0          0          0          -------------------- 100,00
0.5        316        20         0          0          0          0          -------------------- 100,00
0.9        316        20         0          0          0          0          -------------------- 100,00
0.001      318        20         0          0          20         0          -------------------- 100,00
0.002      318        20         0          0          20         0          -------------------- 100,00
0.005      318        20         0          0          20         0          -------------------- 100,00
0.009      318        20         0          0          20         0          -------------------- 100,00
0.01       318        20         0          0          20         0          -------------------- 100,00
0.02       318        20         0          0          20         0          -------------------- 100,00
0.05       318        20         0          0          20         0          -------------------- 100,00
0.09       318        20         0          0          20         2          -------------------- 100,00
0.1        318        20         0          0          20         2          -------------------- 100,00
0.2        318        20         0          0          20         4          -------------------- 100,00
0.5        318        20         0          0          20         10         -------------------- 100,00
0.9        318        20         0          0          20         20         -------------------- 100,00
0.001      321        20         0          0          5140       4          -------------------- 100,00
0.002      321        20         0          0          5140       7          -------------------- 100,00
0.005      321        20         0          0          5140       27         -------------------- 100,00
0.009      321        20         0          0          5140       50         -------------------- 100,00
0.01       321        20         0          0          5140       57         -------------------- 100,00
0.02       321        20         0          0          5140       107        -------------------- 100,00
0.05       321        20         0          0          5141       253        -------------------- 100,00
0.09       321        20         0          0          5144       479        -------------------- 100,00
0.1        321        20         0          0          5144       526        -------------------- 100,00
0.2        321        20         0          0          5147       1049       -------------------- 100,00
0.5        321        20         0          0          5152       2589       -------------------- 100,00
0.9        321        20         0          0          5158       4653       -------------------- 100,00
0.001      305        20         0          0          5139       4          -------------------- 100,00
0.002      305        20         0          0          5139       7          -------------------- 100,00
0.005      305        20         0          0          5138       27         -------------------- 100,00
0.009      305        20         0          0          5138       50         -------------------- 100,00
0.01       305        20         0          0          5138       57         -------------------- 100,00
0.02       305        20         0          0          5138       107        -------------------- 100,00
0.05       305        20         0          0          5138       253        -------------------- 100,00
0.09       305        20         0          0          5136       479        -------------------- 100,00
0.1        305        20         0          0          5136       526        -------------------- 100,00
0.2        305        19         0          1          5135       1045       ------------------- 95,00  
0.5        305        17         0          3          5128       2575       ----------------- 85,00    
0.9        305        14         0          6          5122       4620       -------------- 70,00       
0.001      320        20         0          0          5139       4          -------------------- 100,00
0.002      320        20         0          0          5139       7          -------------------- 100,00
0.005      320        20         0          0          5138       27         -------------------- 100,00
0.009      320        20         0          0          5138       50         -------------------- 100,00
0.01       320        20         0          0          5138       57         -------------------- 100,00
0.02       320        20         0          0          5138       107        -------------------- 100,00
0.05       320        20         0          0          5138       253        -------------------- 100,00
0.09       320        20         0          0          5136       479        -------------------- 100,00
0.1        320        20         0          0          5136       526        -------------------- 100,00
0.2        320        19         0          1          5135       1045       ------------------- 95,00  
0.5        320        17         0          3          5128       2575       ----------------- 85,00    
0.9        320        14         0          6          5122       4620       -------------- 70,00       
0.001      303        20         0          0          20         0          -------------------- 100,00
0.002      303        20         0          0          20         0          -------------------- 100,00
0.005      303        20         0          0          20         0          -------------------- 100,00
0.009      303        20         0          0          20         0          -------------------- 100,00
0.01       303        20         0          0          20         0          -------------------- 100,00
0.02       303        20         0          0          20         0          -------------------- 100,00
0.05       303        20         0          0          20         0          -------------------- 100,00
0.09       303        20         0          0          20         1          -------------------- 100,00
0.1        303        20         0          0          20         1          -------------------- 100,00
0.2        303        20         0          0          20         3          -------------------- 100,00
0.5        303        20         0          0          20         9          -------------------- 100,00
0.9        303        20         0          0          20         18         -------------------- 100,00
