SERN
Rates : 0.001 0.002 0.005 0.009 0.01 0.02 0.05 0.09 0.1 0.2 0.5 0.9 
19 perturbation point

Random Enactor, seed :32
PONE : Numerical Perturbator
100 string of 150 char
Random integer generated with 23 as seed
IndexLoc   #Success #Failure #Error   #Call    #Enactions %Success                   
0          1170     30       0        1171     31       -------------------- 97,50 
1          1090     0        110      1091     1        ------------------- 90,83  
2          1114     0        86       1370     231      ------------------- 92,83  
3          1200     0        0        1458     234      -------------------- 100,00
5          279      0        921      535      230      ----- 23,25                
6          1000     200      0        1001     201      ----------------- 83,33    
7          1194     0        6        1343     131      -------------------- 99,50 
9          273      921      6        422      1052     ----- 22,75                
10         1200     0        0        1200     0        -------------------- 100,00
11         1200     0        0        1200     0        -------------------- 100,00
13         1200     0        0        1200     0        -------------------- 100,00
14         262      0        938      263      1        ----- 21,83                
15         1170     30       0        1171     31       -------------------- 97,50 
16         1090     0        110      1091     1        ------------------- 90,83  
17         1114     0        86       1370     231      ------------------- 92,83  
18         1200     0        0        1458     234      -------------------- 100,00
20         279      921      0        535      1151     ----- 23,25                
22         273      927      0        422      1061     ----- 22,75                
24         994      206      0        995      207      ----------------- 82,83    
