SERN
random Rates : 0.001 0.002 0.005 0.009 0.01 0.02 0.05 0.09 0.1 0.2 0.5 0.9 
19 perturbation point
Random Enactor, seed :32
PONE : Numerical Perturbator
20 string of 100 char
Random char generated with 23 as seed
aggregate data per location for magnitude = 0.05
IndexLoc   #Success   #Failure   #Exception #Call      #Enaction  %Success                   
303        20         0          0          20         0          -------------------- 100,00
304        20         0          0          20         0          -------------------- 100,00
305        20         0          0          5138       253        -------------------- 100,00
306        20         0          0          5141       253        -------------------- 100,00
308        0          0          20         5120       252         0,00                      
309        20         0          0          20         0          -------------------- 100,00
310        20         0          0          1980       91         -------------------- 100,00
312        0          20         0          1980       91          0,00                      
313        20         0          0          0          0          -------------------- 100,00
314        20         0          0          0          0          -------------------- 100,00
316        20         0          0          0          0          -------------------- 100,00
317        0          0          20         431        20          0,00                      
318        20         0          0          20         0          -------------------- 100,00
319        20         0          0          20         0          -------------------- 100,00
320        20         0          0          5138       253        -------------------- 100,00
321        20         0          0          5141       253        -------------------- 100,00
323        0          20         0          5120       252         0,00                      
325        0          20         0          1980       91          0,00                      
327        20         0          0          20         0          -------------------- 100,00
