SERN
random Rates : 0.001 0.002 0.005 0.009 0.01 0.02 0.05 0.09 0.1 0.2 0.5 0.9 
19 perturbation point
Random Enactor, seed :32
PONE : Numerical Perturbator
20 string of 100 char
Random char generated with 23 as seed
sum of result per Perturbation point
IndexLoc #Success #Failure #Error   #Call    #Enactions %Success                   
303      240      0        0        240      38       -------------------- 100,00
304      226      0        14       240      38       ------------------- 94,17  
305      230      0        10       61625    9750     -------------------- 95,83 
306      240      0        0        61726    9801     -------------------- 100,00
308      69       0        171      61440    9740     ------ 28,75               
309      202      38       0        240      38       ----------------- 84,17    
310      240      0        0        23760    3733     -------------------- 100,00
312      63       177      0        23760    3733     ------ 26,25               
313      240      0        0        0        0        -------------------- 100,00
314      240      0        0        0        0        -------------------- 100,00
316      240      0        0        0        0        -------------------- 100,00
317      69       0        171      10023    171      ------ 28,75               
318      240      0        0        240      38       -------------------- 100,00
319      226      0        14       240      38       ------------------- 94,17  
320      230      0        10       61625    9750     -------------------- 95,83 
321      240      0        0        61726    9801     -------------------- 100,00
323      69       171      0        61440    9740     ------ 28,75               
325      63       177      0        23760    3733     ------ 26,25               
327      202      38       0        240      38       ----------------- 84,17    
