SERN
random Rates : 0.001 0.002 0.005 0.009 0.01 0.02 0.05 0.09 0.1 0.2 0.5 0.9 
19 perturbation point
Random Enactor, seed :32
PONE : Numerical Perturbator
20 string of 100 char
Random char generated with 23 as seed
sum of result per random Rates
N     IndexLoc #Success #Failure #Error   #Call    #Enactions %Success                   
0.001 276      20       0        0        20       0        -------------------- 100,00
0.002 276      20       0        0        20       0        -------------------- 100,00
0.005 276      20       0        0        20       0        -------------------- 100,00
0.009 276      20       0        0        20       0        -------------------- 100,00
0.01  276      20       0        0        20       0        -------------------- 100,00
0.02  276      20       0        0        20       0        -------------------- 100,00
0.05  276      20       0        0        20       0        -------------------- 100,00
0.09  276      20       0        0        20       2        -------------------- 100,00
0.1   276      20       0        0        20       2        -------------------- 100,00
0.2   276      20       0        0        20       4        -------------------- 100,00
0.5   276      20       0        0        20       10       -------------------- 100,00
0.9   276      20       0        0        20       20       -------------------- 100,00
0.001 277      20       0        0        20       0        -------------------- 100,00
0.002 277      20       0        0        20       0        -------------------- 100,00
0.005 277      20       0        0        20       0        -------------------- 100,00
0.009 277      20       0        0        20       0        -------------------- 100,00
0.01  277      20       0        0        20       0        -------------------- 100,00
0.02  277      20       0        0        20       0        -------------------- 100,00
0.05  277      20       0        0        20       0        -------------------- 100,00
0.09  277      20       0        0        20       2        -------------------- 100,00
0.1   277      20       0        0        20       2        -------------------- 100,00
0.2   277      19       0        1        20       4        ------------------- 95,00  
0.5   277      16       0        4        20       10       ---------------- 80,00     
0.9   277      11       0        9        20       20       ------------ 55,00         
0.001 278      20       0        0        5139     4        -------------------- 100,00
0.002 278      20       0        0        5139     7        -------------------- 100,00
0.005 278      20       0        0        5138     27       -------------------- 100,00
0.009 278      20       0        0        5138     50       -------------------- 100,00
0.01  278      20       0        0        5138     57       -------------------- 100,00
0.02  278      20       0        0        5138     107      -------------------- 100,00
0.05  278      20       0        0        5138     253      -------------------- 100,00
0.09  278      20       0        0        5136     479      -------------------- 100,00
0.1   278      20       0        0        5136     526      -------------------- 100,00
0.2   278      19       0        1        5135     1045     ------------------- 95,00  
0.5   278      17       0        3        5128     2575     ----------------- 85,00    
0.9   278      14       0        6        5122     4620     -------------- 70,00       
0.001 279      20       0        0        5140     4        -------------------- 100,00
0.002 279      20       0        0        5140     7        -------------------- 100,00
0.005 279      20       0        0        5140     27       -------------------- 100,00
0.009 279      20       0        0        5140     50       -------------------- 100,00
0.01  279      20       0        0        5140     57       -------------------- 100,00
0.02  279      20       0        0        5140     107      -------------------- 100,00
0.05  279      20       0        0        5141     253      -------------------- 100,00
0.09  279      20       0        0        5144     479      -------------------- 100,00
0.1   279      20       0        0        5144     526      -------------------- 100,00
0.2   279      20       0        0        5147     1049     -------------------- 100,00
0.5   279      20       0        0        5152     2589     -------------------- 100,00
0.9   279      20       0        0        5158     4653     -------------------- 100,00
0.001 280      19       0        1        5120     4        ------------------- 95,00  
0.002 280      19       0        1        5120     7        ------------------- 95,00  
0.005 280      12       0        8        5120     27       ------------ 60,00         
0.009 280      8        0        12       5120     50       -------- 40,00             
0.01  280      7        0        13       5120     57       ------- 35,00              
0.02  280      4        0        16       5120     107      ---- 20,00                 
0.05  280      0        0        20       5120     252       0,00                      
0.09  280      0        0        20       5120     477       0,00                      
0.1   280      0        0        20       5120     524       0,00                      
0.2   280      0        0        20       5120     1044      0,00                      
0.5   280      0        0        20       5120     2573      0,00                      
0.9   280      0        0        20       5120     4618      0,00                      
0.001 281      20       0        0        20       0        -------------------- 100,00
0.002 281      20       0        0        20       0        -------------------- 100,00
0.005 281      20       0        0        20       0        -------------------- 100,00
0.009 281      20       0        0        20       0        -------------------- 100,00
0.01  281      20       0        0        20       0        -------------------- 100,00
0.02  281      20       0        0        20       0        -------------------- 100,00
0.05  281      20       0        0        20       0        -------------------- 100,00
0.09  281      18       2        0        20       2        ------------------ 90,00   
0.1   281      18       2        0        20       2        ------------------ 90,00   
0.2   281      16       4        0        20       4        ---------------- 80,00     
0.5   281      10       10       0        20       10       ---------- 50,00           
0.9   281      0        20       0        20       20        0,00                      
0.001 282      20       0        0        1980     1        -------------------- 100,00
0.002 282      20       0        0        1980     3        -------------------- 100,00
0.005 282      20       0        0        1980     9        -------------------- 100,00
0.009 282      20       0        0        1980     17       -------------------- 100,00
0.01  282      20       0        0        1980     19       -------------------- 100,00
0.02  282      20       0        0        1980     42       -------------------- 100,00
0.05  282      20       0        0        1980     91       -------------------- 100,00
0.09  282      20       0        0        1980     182      -------------------- 100,00
0.1   282      20       0        0        1980     204      -------------------- 100,00
0.2   282      20       0        0        1980     402      -------------------- 100,00
0.5   282      20       0        0        1980     985      -------------------- 100,00
0.9   282      20       0        0        1980     1778     -------------------- 100,00
0.001 283      19       1        0        1980     1        ------------------- 95,00  
0.002 283      17       3        0        1980     3        ----------------- 85,00    
0.005 283      12       8        0        1980     9        ------------ 60,00         
0.009 283      7        13       0        1980     17       ------- 35,00              
0.01  283      7        13       0        1980     19       ------- 35,00              
0.02  283      1        19       0        1980     42       - 5,00                     
0.05  283      0        20       0        1980     91        0,00                      
0.09  283      0        20       0        1980     182       0,00                      
0.1   283      0        20       0        1980     204       0,00                      
0.2   283      0        20       0        1980     402       0,00                      
0.5   283      0        20       0        1980     985       0,00                      
0.9   283      0        20       0        1980     1778      0,00                      
0.001 284      20       0        0        0        0        -------------------- 100,00
0.002 284      20       0        0        0        0        -------------------- 100,00
0.005 284      20       0        0        0        0        -------------------- 100,00
0.009 284      20       0        0        0        0        -------------------- 100,00
0.01  284      20       0        0        0        0        -------------------- 100,00
0.02  284      20       0        0        0        0        -------------------- 100,00
0.05  284      20       0        0        0        0        -------------------- 100,00
0.09  284      20       0        0        0        0        -------------------- 100,00
0.1   284      20       0        0        0        0        -------------------- 100,00
0.2   284      20       0        0        0        0        -------------------- 100,00
0.5   284      20       0        0        0        0        -------------------- 100,00
0.9   284      20       0        0        0        0        -------------------- 100,00
0.001 285      20       0        0        0        0        -------------------- 100,00
0.002 285      20       0        0        0        0        -------------------- 100,00
0.005 285      20       0        0        0        0        -------------------- 100,00
0.009 285      20       0        0        0        0        -------------------- 100,00
0.01  285      20       0        0        0        0        -------------------- 100,00
0.02  285      20       0        0        0        0        -------------------- 100,00
0.05  285      20       0        0        0        0        -------------------- 100,00
0.09  285      20       0        0        0        0        -------------------- 100,00
0.1   285      20       0        0        0        0        -------------------- 100,00
0.2   285      20       0        0        0        0        -------------------- 100,00
0.5   285      20       0        0        0        0        -------------------- 100,00
0.9   285      20       0        0        0        0        -------------------- 100,00
0.001 286      20       0        0        0        0        -------------------- 100,00
0.002 286      20       0        0        0        0        -------------------- 100,00
0.005 286      20       0        0        0        0        -------------------- 100,00
0.009 286      20       0        0        0        0        -------------------- 100,00
0.01  286      20       0        0        0        0        -------------------- 100,00
0.02  286      20       0        0        0        0        -------------------- 100,00
0.05  286      20       0        0        0        0        -------------------- 100,00
0.09  286      20       0        0        0        0        -------------------- 100,00
0.1   286      20       0        0        0        0        -------------------- 100,00
0.2   286      20       0        0        0        0        -------------------- 100,00
0.5   286      20       0        0        0        0        -------------------- 100,00
0.9   286      20       0        0        0        0        -------------------- 100,00
0.001 287      19       0        1        1960     1        ------------------- 95,00  
0.002 287      17       0        3        1883     3        ----------------- 85,00    
0.005 287      13       0        7        1586     7        ------------- 65,00        
0.009 287      9        0        11       1463     11       --------- 45,00            
0.01  287      9        0        11       1463     11       --------- 45,00            
0.02  287      2        0        18       780      18       -- 10,00                   
0.05  287      0        0        20       431      20        0,00                      
0.09  287      0        0        20       165      20        0,00                      
0.1   287      0        0        20       148      20        0,00                      
0.2   287      0        0        20       77       20        0,00                      
0.5   287      0        0        20       47       20        0,00                      
0.9   287      0        0        20       20       20        0,00                      
0.001 288      20       0        0        20       0        -------------------- 100,00
0.002 288      20       0        0        20       0        -------------------- 100,00
0.005 288      20       0        0        20       0        -------------------- 100,00
0.009 288      20       0        0        20       0        -------------------- 100,00
0.01  288      20       0        0        20       0        -------------------- 100,00
0.02  288      20       0        0        20       0        -------------------- 100,00
0.05  288      20       0        0        20       0        -------------------- 100,00
0.09  288      20       0        0        20       2        -------------------- 100,00
0.1   288      20       0        0        20       2        -------------------- 100,00
0.2   288      20       0        0        20       4        -------------------- 100,00
0.5   288      20       0        0        20       10       -------------------- 100,00
0.9   288      20       0        0        20       20       -------------------- 100,00
0.001 289      20       0        0        20       0        -------------------- 100,00
0.002 289      20       0        0        20       0        -------------------- 100,00
0.005 289      20       0        0        20       0        -------------------- 100,00
0.009 289      20       0        0        20       0        -------------------- 100,00
0.01  289      20       0        0        20       0        -------------------- 100,00
0.02  289      20       0        0        20       0        -------------------- 100,00
0.05  289      20       0        0        20       0        -------------------- 100,00
0.09  289      20       0        0        20       2        -------------------- 100,00
0.1   289      20       0        0        20       2        -------------------- 100,00
0.2   289      19       0        1        20       4        ------------------- 95,00  
0.5   289      16       0        4        20       10       ---------------- 80,00     
0.9   289      11       0        9        20       20       ------------ 55,00         
0.001 290      20       0        0        5139     4        -------------------- 100,00
0.002 290      20       0        0        5139     7        -------------------- 100,00
0.005 290      20       0        0        5138     27       -------------------- 100,00
0.009 290      20       0        0        5138     50       -------------------- 100,00
0.01  290      20       0        0        5138     57       -------------------- 100,00
0.02  290      20       0        0        5138     107      -------------------- 100,00
0.05  290      20       0        0        5138     253      -------------------- 100,00
0.09  290      20       0        0        5136     479      -------------------- 100,00
0.1   290      20       0        0        5136     526      -------------------- 100,00
0.2   290      19       0        1        5135     1045     ------------------- 95,00  
0.5   290      17       0        3        5128     2575     ----------------- 85,00    
0.9   290      14       0        6        5122     4620     -------------- 70,00       
0.001 291      20       0        0        5140     4        -------------------- 100,00
0.002 291      20       0        0        5140     7        -------------------- 100,00
0.005 291      20       0        0        5140     27       -------------------- 100,00
0.009 291      20       0        0        5140     50       -------------------- 100,00
0.01  291      20       0        0        5140     57       -------------------- 100,00
0.02  291      20       0        0        5140     107      -------------------- 100,00
0.05  291      20       0        0        5141     253      -------------------- 100,00
0.09  291      20       0        0        5144     479      -------------------- 100,00
0.1   291      20       0        0        5144     526      -------------------- 100,00
0.2   291      20       0        0        5147     1049     -------------------- 100,00
0.5   291      20       0        0        5152     2589     -------------------- 100,00
0.9   291      20       0        0        5158     4653     -------------------- 100,00
0.001 292      19       1        0        5120     4        ------------------- 95,00  
0.002 292      19       1        0        5120     7        ------------------- 95,00  
0.005 292      12       8        0        5120     27       ------------ 60,00         
0.009 292      8        12       0        5120     50       -------- 40,00             
0.01  292      7        13       0        5120     57       ------- 35,00              
0.02  292      4        16       0        5120     107      ---- 20,00                 
0.05  292      0        20       0        5120     252       0,00                      
0.09  292      0        20       0        5120     477       0,00                      
0.1   292      0        20       0        5120     524       0,00                      
0.2   292      0        20       0        5120     1044      0,00                      
0.5   292      0        20       0        5120     2573      0,00                      
0.9   292      0        20       0        5120     4618      0,00                      
0.001 293      19       1        0        1980     1        ------------------- 95,00  
0.002 293      17       3        0        1980     3        ----------------- 85,00    
0.005 293      12       8        0        1980     9        ------------ 60,00         
0.009 293      7        13       0        1980     17       ------- 35,00              
0.01  293      7        13       0        1980     19       ------- 35,00              
0.02  293      1        19       0        1980     42       - 5,00                     
0.05  293      0        20       0        1980     91        0,00                      
0.09  293      0        20       0        1980     182       0,00                      
0.1   293      0        20       0        1980     204       0,00                      
0.2   293      0        20       0        1980     402       0,00                      
0.5   293      0        20       0        1980     985       0,00                      
0.9   293      0        20       0        1980     1778      0,00                      
0.001 294      20       0        0        20       0        -------------------- 100,00
0.002 294      20       0        0        20       0        -------------------- 100,00
0.005 294      20       0        0        20       0        -------------------- 100,00
0.009 294      20       0        0        20       0        -------------------- 100,00
0.01  294      20       0        0        20       0        -------------------- 100,00
0.02  294      20       0        0        20       0        -------------------- 100,00
0.05  294      20       0        0        20       0        -------------------- 100,00
0.09  294      18       2        0        20       2        ------------------ 90,00   
0.1   294      18       2        0        20       2        ------------------ 90,00   
0.2   294      16       4        0        20       4        ---------------- 80,00     
0.5   294      10       10       0        20       10       ---------- 50,00           
0.9   294      0        20       0        20       20        0,00                      
