SERN
Rates : 0.001 0.002 0.005 0.009 0.01 0.02 0.05 0.09 0.1 0.2 0.5 0.9 
11 perturbation point

Random Enactor, seed :32
PONE : Numerical Perturbator
20 arrays of 100 integers
Random integer generated with 23 as seed
IndexLoc   #Success #Failure #Error   #Call    #Enactions %Success                   
1          94       0        146      101      5        -------- 39,17             
2          240      0        0        1330     990      -------------------- 100,00
3          240      0        0        5090     4332     -------------------- 100,00
4          35       205      0        209      360      --- 14,58                  
5          240      0        0        5090     4332     -------------------- 100,00
7          39       201      0        340      463      ---- 16,25                 
8          240      0        0        655      375      -------------------- 100,00
9          240      0        0        3673     3084     -------------------- 100,00
10         45       195      0        153      294      ---- 18,75                 
12         41       199      0        356      490      ---- 17,08                 
13         67       173      0        167      265      ------ 27,92               
