SERN
Rates : 0.001 0.002 0.005 0.009 0.01 0.02 0.05 0.09 0.1 0.2 0.5 0.9 
11 perturbation point
Random Enactor, seed :32
PONE : Numerical Perturbator
20 arrays of 100 integers
Random integer generated with 23 as seed
N     IndexLoc   #Success #Failure #Error   #Call    #Enactions %Success                   
0.001 1          19       0        1        119      0        ------------------- 95,00  
0.002 1          19       0        1        119      0        ------------------- 95,00  
0.005 1          16       0        4        116      0        ---------------- 80,00     
0.009 1          13       0        7        34       1        ------------- 65,00        
0.01  1          13       0        7        34       1        ------------- 65,00        
0.02  1          8        0        12       108      0        -------- 40,00             
0.05  1          5        0        15       105      4        ----- 25,00                
0.09  1          1        0        19       32       5        - 5,00                     
0.1   1          0        0        20       39       6         0,00                      
0.2   1          0        0        20       21       3         0,00                      
0.5   1          0        0        20       12       6         0,00                      
0.9   1          0        0        20       7        5         0,00                      
0.001 2          20       0        0        120      0        -------------------- 100,00
0.002 2          20       0        0        120      0        -------------------- 100,00
0.005 2          20       0        0        121      1        -------------------- 100,00
0.009 2          20       0        0        121      1        -------------------- 100,00
0.01  2          20       0        0        120      0        -------------------- 100,00
0.02  2          20       0        0        121      1        -------------------- 100,00
0.05  2          20       0        0        127      7        -------------------- 100,00
0.09  2          20       0        0        129      9        -------------------- 100,00
0.1   2          20       0        0        131      11       -------------------- 100,00
0.2   2          20       0        0        132      12       -------------------- 100,00
0.5   2          20       0        0        235      115      -------------------- 100,00
0.9   2          20       0        0        1110     990      -------------------- 100,00
0.001 3          20       0        0        736      0        -------------------- 100,00
0.002 3          20       0        0        736      2        -------------------- 100,00
0.005 3          20       0        0        739      8        -------------------- 100,00
0.009 3          20       0        0        737      10       -------------------- 100,00
0.01  3          20       0        0        740      12       -------------------- 100,00
0.02  3          20       0        0        738      17       -------------------- 100,00
0.05  3          20       0        0        752      41       -------------------- 100,00
0.09  3          20       0        0        770      72       -------------------- 100,00
0.1   3          20       0        0        747      72       -------------------- 100,00
0.2   3          20       0        0        839      144      -------------------- 100,00
0.5   3          20       0        0        1218     606      -------------------- 100,00
0.9   3          20       0        0        4870     4332     -------------------- 100,00
0.001 4          16       4        0        732      4        ---------------- 80,00     
0.002 4          10       10       0        720      12       ---------- 50,00           
0.005 4          7        13       0        723      21       ------- 35,00              
0.009 4          1        19       0        699      25       - 5,00                     
0.01  4          1        19       0        709      25       - 5,00                     
0.02  4          0        20       0        692      32        0,00                      
0.05  4          0        20       0        657      54        0,00                      
0.09  4          0        20       0        579      69        0,00                      
0.1   4          0        20       0        584      87        0,00                      
0.2   4          0        20       0        470      121       0,00                      
0.5   4          0        20       0        256      146       0,00                      
0.9   4          0        20       0        174      175       0,00                      
0.001 5          20       0        0        736      0        -------------------- 100,00
0.002 5          20       0        0        736      2        -------------------- 100,00
0.005 5          20       0        0        739      8        -------------------- 100,00
0.009 5          20       0        0        737      10       -------------------- 100,00
0.01  5          20       0        0        740      12       -------------------- 100,00
0.02  5          20       0        0        738      17       -------------------- 100,00
0.05  5          20       0        0        752      41       -------------------- 100,00
0.09  5          20       0        0        770      72       -------------------- 100,00
0.1   5          20       0        0        747      72       -------------------- 100,00
0.2   5          20       0        0        839      144      -------------------- 100,00
0.5   5          20       0        0        1218     606      -------------------- 100,00
0.9   5          20       0        0        4870     4332     -------------------- 100,00
0.001 7          16       4        0        317      4        ---------------- 80,00     
0.002 7          14       6        0        315      6        -------------- 70,00       
0.005 7          5        15       0        306      18       ----- 25,00                
0.009 7          2        18       0        303      22       -- 10,00                   
0.01  7          2        18       0        303      22       -- 10,00                   
0.02  7          0        20       0        301      27        0,00                      
0.05  7          0        20       0        301      33        0,00                      
0.09  7          0        20       0        301      48        0,00                      
0.1   7          0        20       0        301      52        0,00                      
0.2   7          0        20       0        301      84        0,00                      
0.5   7          0        20       0        301      173       0,00                      
0.9   7          0        20       0        301      282       0,00                      
0.001 8          20       0        0        435      2        -------------------- 100,00
0.002 8          20       0        0        435      2        -------------------- 100,00
0.005 8          20       0        0        435      3        -------------------- 100,00
0.009 8          20       0        0        435      8        -------------------- 100,00
0.01  8          20       0        0        435      9        -------------------- 100,00
0.02  8          20       0        0        435      13       -------------------- 100,00
0.05  8          20       0        0        435      21       -------------------- 100,00
0.09  8          20       0        0        435      45       -------------------- 100,00
0.1   8          20       0        0        435      52       -------------------- 100,00
0.2   8          20       0        0        435      94       -------------------- 100,00
0.5   8          20       0        0        435      225      -------------------- 100,00
0.9   8          20       0        0        435      375      -------------------- 100,00
0.001 9          20       0        0        435      2        -------------------- 100,00
0.002 9          20       0        0        435      2        -------------------- 100,00
0.005 9          20       0        0        435      3        -------------------- 100,00
0.009 9          20       0        0        435      7        -------------------- 100,00
0.01  9          20       0        0        435      7        -------------------- 100,00
0.02  9          20       0        0        492      14       -------------------- 100,00
0.05  9          20       0        0        449      23       -------------------- 100,00
0.09  9          20       0        0        456      35       -------------------- 100,00
0.1   9          20       0        0        472      44       -------------------- 100,00
0.2   9          20       0        0        569      105      -------------------- 100,00
0.5   9          20       0        0        789      384      -------------------- 100,00
0.9   9          20       0        0        3453     3084     -------------------- 100,00
0.001 10         18       2        0        427      4        ------------------ 90,00   
0.002 10         14       6        0        426      8        -------------- 70,00       
0.005 10         5        15       0        413      18       ----- 25,00                
0.009 10         3        17       0        412      23       --- 15,00                  
0.01  10         5        15       0        409      20       ----- 25,00                
0.02  10         0        20       0        408      27        0,00                      
0.05  10         0        20       0        393      34        0,00                      
0.09  10         0        20       0        346      55        0,00                      
0.1   10         0        20       0        322      57        0,00                      
0.2   10         0        20       0        275      71        0,00                      
0.5   10         0        20       0        172      104       0,00                      
0.9   10         0        20       0        108      119       0,00                      
0.001 12         17       3        0        332      3        ----------------- 85,00    
0.002 12         14       6        0        329      6        -------------- 70,00       
0.005 12         5        15       0        320      15       ----- 25,00                
0.009 12         3        17       0        318      17       --- 15,00                  
0.01  12         2        18       0        317      18       -- 10,00                   
0.02  12         0        20       0        315      28        0,00                      
0.05  12         0        20       0        315      35        0,00                      
0.09  12         0        20       0        315      45        0,00                      
0.1   12         0        20       0        315      48        0,00                      
0.2   12         0        20       0        315      76        0,00                      
0.5   12         0        20       0        315      177       0,00                      
0.9   12         0        20       0        315      311       0,00                      
0.001 13         19       1        0        119      1        ------------------- 95,00  
0.002 13         17       3        0        117      3        ----------------- 85,00    
0.005 13         13       7        0        113      8        ------------- 65,00        
0.009 13         8        12       0        108      13       -------- 40,00             
0.01  13         8        12       0        108      13       -------- 40,00             
0.02  13         2        18       0        102      20       -- 10,00                   
0.05  13         0        20       0        100      26        0,00                      
0.09  13         0        20       0        100      29        0,00                      
0.1   13         0        20       0        100      30        0,00                      
0.2   13         0        20       0        100      43        0,00                      
0.5   13         0        20       0        100      69        0,00                      
0.9   13         0        20       0        100      112       0,00                      
