contains the data for the magnitude analysis graph.
SEPM
magnitude value : 2 5 10 20 50 
94 perturbation point
N Execution Enactor
PMAG : Numerical Perturbator
1 linear problems to be resolved
linear problem come from test of commons.math lib
Magnitude  IndexLoc   #Success   #Failure   #Exception #Call      #Perturtions   %Success                   
2          0          46         0          0          2116       46             -------------------- 100.00
5          0          46         0          0          2116       46             -------------------- 100.00
10         0          46         0          0          2116       46             -------------------- 100.00
20         0          46         0          0          2124       46             -------------------- 100.00
50         0          46         0          0          2120       46             -------------------- 100.00
2          1          304        0          0          92416      304            -------------------- 100.00
5          1          304        0          0          92416      304            -------------------- 100.00
10         1          304        0          0          92416      304            -------------------- 100.00
20         1          304        0          0          92388      304            -------------------- 100.00
50         1          304        0          0          91259      304            -------------------- 100.00
2          2          304        0          0          92641      304            -------------------- 100.00
5          2          304        0          0          92523      304            -------------------- 100.00
10         2          304        0          0          92394      304            -------------------- 100.00
20         2          214        0          90         78557      304            --------------- 70.39      
50         2          0          0          304        46360      304             0.00                      
2          3          304        0          0          92528      304            -------------------- 100.00
5          3          304        0          0          92534      304            -------------------- 100.00
10         3          304        0          0          92570      304            -------------------- 100.00
20         3          284        0          20         92458      304            ------------------- 93.42  
50         3          33         0          271        53815      304            --- 10.86                  
2          4          304        0          0          90978      304            -------------------- 100.00
5          4          304        0          0          90967      304            -------------------- 100.00
10         4          304        0          0          90967      304            -------------------- 100.00
20         4          304        0          0          90967      304            -------------------- 100.00
50         4          304        0          0          90967      304            -------------------- 100.00
2          5          304        0          0          90978      304            -------------------- 100.00
5          5          304        0          0          90967      304            -------------------- 100.00
10         5          304        0          0          90967      304            -------------------- 100.00
20         5          304        0          0          90967      304            -------------------- 100.00
50         5          304        0          0          90967      304            -------------------- 100.00
2          6          304        0          0          92701      304            -------------------- 100.00
5          6          304        0          0          92717      304            -------------------- 100.00
10         6          304        0          0          92717      304            -------------------- 100.00
20         6          304        0          0          92717      304            -------------------- 100.00
50         6          304        0          0          92721      304            -------------------- 100.00
2          7          304        0          0          92701      304            -------------------- 100.00
5          7          304        0          0          92717      304            -------------------- 100.00
10         7          304        0          0          92717      304            -------------------- 100.00
20         7          304        0          0          92717      304            -------------------- 100.00
50         7          304        0          0          92721      304            -------------------- 100.00
2          8          304        0          0          92721      304            -------------------- 100.00
5          8          304        0          0          92721      304            -------------------- 100.00
10         8          304        0          0          92721      304            -------------------- 100.00
20         8          304        0          0          92721      304            -------------------- 100.00
50         8          304        0          0          92721      304            -------------------- 100.00
2          11         46         0          0          2128       46             -------------------- 100.00
5          11         46         0          0          2121       46             -------------------- 100.00
10         11         46         0          0          2121       46             -------------------- 100.00
20         11         46         0          0          2121       46             -------------------- 100.00
50         11         46         0          0          2121       46             -------------------- 100.00
2          12         46         0          0          2110       46             -------------------- 100.00
5          12         46         0          0          2109       46             -------------------- 100.00
10         12         46         0          0          2117       46             -------------------- 100.00
20         12         46         0          0          2092       46             -------------------- 100.00
50         12         0          0          46         1081       46              0.00                      
2          13         826        0          0          682276     826            -------------------- 100.00
5          13         826        0          0          682276     826            -------------------- 100.00
10         13         826        0          0          682276     826            -------------------- 100.00
20         13         805        0          21         681150     826            -------------------- 97.46 
50         13         250        0          576        491730     826            ------- 30.27              
2          14         826        0          0          682276     826            -------------------- 100.00
5          14         826        0          0          682276     826            -------------------- 100.00
10         14         826        0          0          682276     826            -------------------- 100.00
20         14         805        0          21         681150     826            -------------------- 97.46 
50         14         250        0          576        491730     826            ------- 30.27              
2          15         826        0          0          684274     826            -------------------- 100.00
5          15         825        0          1          683212     826            -------------------- 99.88 
10         15         826        0          0          682381     826            -------------------- 100.00
20         15         825        0          1          683074     826            -------------------- 99.88 
50         15         0          0          826        341551     826             0.00                      
2          16         825        0          1          682677     826            -------------------- 99.88 
5          16         825        0          1          684087     826            -------------------- 99.88 
10         16         825        0          1          684424     826            -------------------- 99.88 
20         16         810        0          16         682392     826            -------------------- 98.06 
50         16         284        0          542        506981     826            ------- 34.38              
2          17         825        0          1          681559     826            -------------------- 99.88 
5          17         825        0          1          681593     826            -------------------- 99.88 
10         17         825        0          1          681865     826            -------------------- 99.88 
20         17         825        0          1          681865     826            -------------------- 99.88 
50         17         825        0          1          681851     826            -------------------- 99.88 
2          18         825        0          1          681559     826            -------------------- 99.88 
5          18         825        0          1          681593     826            -------------------- 99.88 
10         18         825        0          1          681865     826            -------------------- 99.88 
20         18         825        0          1          681865     826            -------------------- 99.88 
50         18         825        0          1          681851     826            -------------------- 99.88 
2          19         826        0          0          689775     826            -------------------- 100.00
5          19         826        0          0          689983     826            -------------------- 100.00
10         19         826        0          0          690121     826            -------------------- 100.00
20         19         826        0          0          691010     826            -------------------- 100.00
50         19         826        0          0          691780     826            -------------------- 100.00
2          21         46         0          0          2116       46             -------------------- 100.00
5          21         46         0          0          2116       46             -------------------- 100.00
10         21         46         0          0          2116       46             -------------------- 100.00
20         21         46         0          0          2116       46             -------------------- 100.00
50         21         46         0          0          2116       46             -------------------- 100.00
2          22         46         0          0          2146       46             -------------------- 100.00
5          22         46         0          0          2177       46             -------------------- 100.00
10         22         46         0          0          2158       46             -------------------- 100.00
20         22         41         0          5          2142       46             ------------------ 89.13   
50         22         12         0          34         1461       46             ------ 26.09               
2          23         46         0          0          2116       46             -------------------- 100.00
5          23         46         0          0          2116       46             -------------------- 100.00
10         23         46         0          0          2116       46             -------------------- 100.00
20         23         42         0          4          2110       46             ------------------- 91.30  
50         23         12         0          34         1451       46             ------ 26.09               
2          25         46         0          0          2146       46             -------------------- 100.00
5          25         46         0          0          2177       46             -------------------- 100.00
10         25         46         0          0          2158       46             -------------------- 100.00
20         25         41         0          5          2142       46             ------------------ 89.13   
50         25         12         0          34         1461       46             ------ 26.09               
2          26         46         0          0          2116       46             -------------------- 100.00
5          26         46         0          0          2116       46             -------------------- 100.00
10         26         46         0          0          2116       46             -------------------- 100.00
20         26         46         0          0          2116       46             -------------------- 100.00
50         26         46         0          0          2116       46             -------------------- 100.00
2          27         44         0          2          2046       46             -------------------- 95.65 
5          27         43         0          3          2018       46             ------------------- 93.48  
10         27         42         0          4          1982       46             ------------------- 91.30  
20         27         25         2          19         1866       46             ----------- 54.35          
50         27         0          0          46         1081       46              0.00                      
2          28         1288       0          0          1658806    1288           -------------------- 100.00
5          28         1286       2          0          1656798    1288           -------------------- 99.84 
10         28         1274       11         3          1650982    1288           -------------------- 98.91 
20         28         1139       31         118        1580768    1288           ------------------ 88.43   
50         28         916        40         332        1439760    1288           --------------- 71.12      
2          29         1126       10         106        1485521    1242           ------------------- 90.66  
5          29         1007       4          231        1400597    1242           ----------------- 81.08    
10         29         779        3          460        1260774    1242           ------------- 62.72        
20         29         319        2          921        974222     1242           ------ 25.68               
50         29         0          0          1242       771903     1242            0.00                      
2          30         1212       13         17         1543374    1242           -------------------- 97.58 
5          30         1225       9          8          1542456    1242           -------------------- 98.63 
10         30         1215       13         14         1542888    1242           -------------------- 97.83 
20         30         1215       12         15         1542861    1242           -------------------- 97.83 
50         30         1216       11         15         1544184    1242           -------------------- 97.91 
2          31         1242       0          0          1542213    1242           -------------------- 100.00
5          31         1242       0          0          1541943    1242           -------------------- 100.00
10         31         1242       0          0          1542186    1242           -------------------- 100.00
20         31         1241       1          0          1541997    1242           -------------------- 99.92 
50         31         1241       1          0          1542105    1242           -------------------- 99.92 
2          32         1086       8          148        1462976    1242           ------------------ 87.44   
5          32         967        10         265        1386017    1242           ---------------- 77.86     
10         32         745        4          493        1246302    1242           ------------ 59.98         
20         32         311        1          930        969335     1242           ------ 25.04               
50         32         0          0          1242       771903     1242            0.00                      
2          33         1226       6          10         1539837    1242           -------------------- 98.71 
5          33         1212       5          25         1532493    1242           -------------------- 97.58 
10         33         1208       6          28         1523772    1242           -------------------- 97.26 
20         33         1099       8          135        1529739    1242           ------------------ 88.49   
50         33         320        2          920        1043847    1242           ------ 25.76               
2          34         901        52         289        1444176    1242           --------------- 72.54      
5          34         871        57         314        1439910    1242           --------------- 70.13      
10         34         861        59         322        1440504    1242           -------------- 69.32       
20         34         841        60         341        1440423    1242           -------------- 67.71       
50         34         826        60         356        1436967    1242           -------------- 66.51       
2          35         1236       2          4          1543941    1242           -------------------- 99.52 
5          35         1236       2          4          1544481    1242           -------------------- 99.52 
10         35         1236       2          4          1544400    1242           -------------------- 99.52 
20         35         1236       2          4          1544562    1242           -------------------- 99.52 
50         35         1236       2          4          1545075    1242           -------------------- 99.52 
2          36         1234       1          7          1538838    1242           -------------------- 99.36 
5          36         1234       1          7          1538730    1242           -------------------- 99.36 
10         36         1234       1          7          1538730    1242           -------------------- 99.36 
20         36         1234       1          7          1538730    1242           -------------------- 99.36 
50         36         1234       1          7          1538730    1242           -------------------- 99.36 
2          37         1234       1          7          1538838    1242           -------------------- 99.36 
5          37         1234       1          7          1538730    1242           -------------------- 99.36 
10         37         1234       1          7          1538730    1242           -------------------- 99.36 
20         37         1234       1          7          1538730    1242           -------------------- 99.36 
50         37         1234       1          7          1538730    1242           -------------------- 99.36 
2          38         1234       1          7          1538730    1242           -------------------- 99.36 
5          38         1234       1          7          1538730    1242           -------------------- 99.36 
10         38         1234       1          7          1538730    1242           -------------------- 99.36 
20         38         1234       1          7          1538730    1242           -------------------- 99.36 
50         38         1234       1          7          1538730    1242           -------------------- 99.36 
2          39         198        0          0          39147      198            -------------------- 100.00
5          39         198        0          0          39079      198            -------------------- 100.00
10         39         198        0          0          39110      198            -------------------- 100.00
20         39         197        1          0          39071      198            -------------------- 99.49 
50         39         197        1          0          39103      198            -------------------- 99.49 
2          40         190        5          3          39479      198            -------------------- 95.96 
5          40         188        7          3          39486      198            ------------------- 94.95  
10         40         188        7          3          39632      198            ------------------- 94.95  
20         40         185        7          6          39757      198            ------------------- 93.43  
50         40         185        7          6          39757      198            ------------------- 93.43  
2          41         198        0          0          39147      198            -------------------- 100.00
5          41         198        0          0          39132      198            -------------------- 100.00
10         41         198        0          0          39172      198            -------------------- 100.00
20         41         198        0          0          39172      198            -------------------- 100.00
50         41         198        0          0          39136      198            -------------------- 100.00
2          42         198        0          0          39147      198            -------------------- 100.00
5          42         198        0          0          39132      198            -------------------- 100.00
10         42         198        0          0          39172      198            -------------------- 100.00
20         42         198        0          0          39172      198            -------------------- 100.00
50         42         198        0          0          39136      198            -------------------- 100.00
2          43         198        0          0          39223      198            -------------------- 100.00
5          43         198        0          0          39223      198            -------------------- 100.00
10         43         198        0          0          39217      198            -------------------- 100.00
20         43         198        0          0          39217      198            -------------------- 100.00
50         43         198        0          0          39181      198            -------------------- 100.00
2          44         198        0          0          39033      198            -------------------- 100.00
5          44         198        0          0          39018      198            -------------------- 100.00
10         44         198        0          0          39049      198            -------------------- 100.00
20         44         198        0          0          39049      198            -------------------- 100.00
50         44         198        0          0          39022      198            -------------------- 100.00
2          45         190        1          7          38512      198            -------------------- 95.96 
5          45         190        1          7          38512      198            -------------------- 95.96 
10         45         190        1          7          38512      198            -------------------- 95.96 
20         45         190        1          7          38512      198            -------------------- 95.96 
50         45         190        1          7          38512      198            -------------------- 95.96 
2          46         198        0          0          39216      198            -------------------- 100.00
5          46         198        0          0          39216      198            -------------------- 100.00
10         46         198        0          0          39216      198            -------------------- 100.00
20         46         198        0          0          39216      198            -------------------- 100.00
50         46         198        0          0          39216      198            -------------------- 100.00
2          47         198        0          0          39216      198            -------------------- 100.00
5          47         198        0          0          39216      198            -------------------- 100.00
10         47         198        0          0          39216      198            -------------------- 100.00
20         47         198        0          0          39216      198            -------------------- 100.00
50         47         198        0          0          39216      198            -------------------- 100.00
2          49         16         1          4          455        21             ---------------- 76.19     
5          49         8          0          13         316        21             -------- 38.10             
10         49         3          0          18         326        21             --- 14.29                  
20         49         5          0          16         298        21             ----- 23.81                
50         49         1          0          20         249        21             - 4.76                     
2          50         169        1          7          30640      177            -------------------- 95.48 
5          50         169        1          7          30640      177            -------------------- 95.48 
10         50         169        1          7          30640      177            -------------------- 95.48 
20         50         169        1          7          30640      177            -------------------- 95.48 
50         50         169        1          7          30640      177            -------------------- 95.48 
2          51         165        3          9          30896      177            ------------------- 93.22  
5          51         165        3          9          30896      177            ------------------- 93.22  
10         51         165        3          9          30896      177            ------------------- 93.22  
20         51         165        3          9          30896      177            ------------------- 93.22  
50         51         165        3          9          30896      177            ------------------- 93.22  
2          53         90         0          0          8043       90             -------------------- 100.00
5          53         90         0          0          8038       90             -------------------- 100.00
10         53         90         0          0          8056       90             -------------------- 100.00
20         53         90         0          0          8056       90             -------------------- 100.00
50         53         90         0          0          8056       90             -------------------- 100.00
2          54         57         2          31         6842       90             ------------- 63.33        
5          54         56         8          26         7011       90             ------------- 62.22        
10         54         52         4          34         6764       90             ------------ 57.78         
20         54         49         0          41         6251       90             ----------- 54.44          
50         54         44         0          46         5910       90             ---------- 48.89           
2          55         46         0          0          2116       46             -------------------- 100.00
5          55         46         0          0          2116       46             -------------------- 100.00
10         55         46         0          0          2116       46             -------------------- 100.00
20         55         46         0          0          2116       46             -------------------- 100.00
50         55         46         0          0          2116       46             -------------------- 100.00
2          56         38         0          8          1937       46             ----------------- 82.61    
5          56         45         0          1          2082       46             -------------------- 97.83 
10         56         46         0          0          2116       46             -------------------- 100.00
20         56         46         0          0          2116       46             -------------------- 100.00
50         56         46         0          0          2116       46             -------------------- 100.00
2          58         46         0          0          2116       46             -------------------- 100.00
5          58         46         0          0          2116       46             -------------------- 100.00
10         58         46         0          0          2116       46             -------------------- 100.00
20         58         46         0          0          2116       46             -------------------- 100.00
50         58         46         0          0          2116       46             -------------------- 100.00
2          59         46         0          0          2118       46             -------------------- 100.00
5          59         46         0          0          2118       46             -------------------- 100.00
10         59         46         0          0          2118       46             -------------------- 100.00
20         59         46         0          0          2118       46             -------------------- 100.00
50         59         46         0          0          2118       46             -------------------- 100.00
2          61         13         0          0          169        13             -------------------- 100.00
5          61         13         0          0          169        13             -------------------- 100.00
10         61         13         0          0          169        13             -------------------- 100.00
20         61         13         0          0          169        13             -------------------- 100.00
50         61         13         0          0          169        13             -------------------- 100.00
2          62         27         0          0          729        27             -------------------- 100.00
5          62         27         0          0          727        27             -------------------- 100.00
10         62         27         0          0          727        27             -------------------- 100.00
20         62         27         0          0          727        27             -------------------- 100.00
50         62         27         0          0          727        27             -------------------- 100.00
2          63         237        0          0          56091      237            -------------------- 100.00
5          63         237        0          0          55779      237            -------------------- 100.00
10         63         237        0          0          55158      237            -------------------- 100.00
20         63         237        0          0          55158      237            -------------------- 100.00
50         63         237        0          0          55158      237            -------------------- 100.00
2          64         185        0          26         41900      211            ------------------ 87.68   
5          64         107        0          104        33937      211            ----------- 50.71          
10         64         0          0          211        22366      211             0.00                      
20         64         0          0          211        22366      211             0.00                      
50         64         0          0          211        22366      211             0.00                      
2          65         211        0          0          44505      211            -------------------- 100.00
5          65         147        0          64         37177      211            -------------- 69.67       
10         65         99         0          112        34449      211            ---------- 46.92           
20         65         67         0          144        30945      211            ------- 31.75              
50         65         0          0          211        22366      211             0.00                      
2          66         185        0          26         41902      211            ------------------ 87.68   
5          66         107        0          104        33937      211            ----------- 50.71          
10         66         0          0          211        22366      211             0.00                      
20         66         0          0          211        22366      211             0.00                      
50         66         0          0          211        22366      211             0.00                      
2          67         211        0          0          44505      211            -------------------- 100.00
5          67         211        0          0          44505      211            -------------------- 100.00
10         67         211        0          0          44505      211            -------------------- 100.00
20         67         211        0          0          44505      211            -------------------- 100.00
50         67         211        0          0          44505      211            -------------------- 100.00
2          68         211        0          0          44505      211            -------------------- 100.00
5          68         211        0          0          44505      211            -------------------- 100.00
10         68         211        0          0          44505      211            -------------------- 100.00
20         68         211        0          0          44505      211            -------------------- 100.00
50         68         211        0          0          44505      211            -------------------- 100.00
2          69         211        0          0          44505      211            -------------------- 100.00
5          69         211        0          0          44505      211            -------------------- 100.00
10         69         211        0          0          44505      211            -------------------- 100.00
20         69         211        0          0          44505      211            -------------------- 100.00
50         69         211        0          0          44505      211            -------------------- 100.00
2          70         211        0          0          44521      211            -------------------- 100.00
5          70         211        0          0          44521      211            -------------------- 100.00
10         70         211        0          0          44521      211            -------------------- 100.00
20         70         211        0          0          44521      211            -------------------- 100.00
50         70         211        0          0          44521      211            -------------------- 100.00
2          71         8          0          0          63         8              -------------------- 100.00
5          71         5          0          3          60         8              ------------- 62.50        
10         71         0          0          8          36         8               0.00                      
20         71         0          0          8          36         8               0.00                      
50         71         0          0          8          36         8               0.00                      
2          73         0          0          1          1          1               0.00                      
5          73         0          0          1          1          1               0.00                      
10         73         0          0          1          1          1               0.00                      
20         73         0          0          1          1          1               0.00                      
50         73         0          0          1          1          1               0.00                      
2          74         12         0          0          144        12             -------------------- 100.00
5          74         12         0          0          144        12             -------------------- 100.00
10         74         12         0          0          144        12             -------------------- 100.00
20         74         12         0          0          144        12             -------------------- 100.00
50         74         12         0          0          144        12             -------------------- 100.00
2          75         31         0          0          959        31             -------------------- 100.00
5          75         22         0          9          787        31             --------------- 70.97      
10         75         13         0          18         732        31             --------- 41.94            
20         75         7          0          24         646        31             ----- 22.58                
50         75         0          0          31         496        31              0.00                      
2          76         31         0          0          961        31             -------------------- 100.00
5          76         31         0          0          974        31             -------------------- 100.00
10         76         31         0          0          973        31             -------------------- 100.00
20         76         31         0          0          966        31             -------------------- 100.00
50         76         31         0          0          963        31             -------------------- 100.00
2          77         31         0          0          961        31             -------------------- 100.00
5          77         31         0          0          961        31             -------------------- 100.00
10         77         31         0          0          961        31             -------------------- 100.00
20         77         31         0          0          955        31             -------------------- 100.00
50         77         31         0          0          955        31             -------------------- 100.00
2          78         31         0          0          961        31             -------------------- 100.00
5          78         31         0          0          971        31             -------------------- 100.00
10         78         31         0          0          970        31             -------------------- 100.00
20         78         31         0          0          956        31             -------------------- 100.00
50         78         31         0          0          953        31             -------------------- 100.00
2          80         14         0          0          196        14             -------------------- 100.00
5          80         14         0          0          214        14             -------------------- 100.00
10         80         14         0          0          216        14             -------------------- 100.00
20         80         14         0          0          217        14             -------------------- 100.00
50         80         14         0          0          221        14             -------------------- 100.00
2          81         4          0          10         204        14             ------ 28.57               
5          81         7          2          5          178        14             ---------- 50.00           
10         81         4          2          8          172        14             ------ 28.57               
20         81         4          0          10         142        14             ------ 28.57               
50         81         2          0          12         112        14             --- 14.29                  
2          82         2          0          10         143        12             ---- 16.67                 
5          82         5          2          5          126        12             --------- 41.67            
10         82         2          2          8          117        12             ---- 16.67                 
20         82         2          0          10         98         12             ---- 16.67                 
50         82         0          0          12         78         12              0.00                      
2          83         0          0          33         561        33              0.00                      
5          83         0          0          33         561        33              0.00                      
10         83         0          0          33         561        33              0.00                      
20         83         0          0          33         561        33              0.00                      
50         83         0          0          33         561        33              0.00                      
2          84         8          2          23         759        33             ----- 24.24                
5          84         4          5          24         743        33             --- 12.12                  
10         84         4          2          27         688        33             --- 12.12                  
20         84         1          0          32         572        33             - 3.03                     
50         84         0          0          33         561        33              0.00                      
2          85         0          0          1          1          1               0.00                      
5          85         0          0          1          1          1               0.00                      
10         85         0          0          1          1          1               0.00                      
20         85         0          0          1          1          1               0.00                      
50         85         0          0          1          1          1               0.00                      
2          86         1          0          0          1          1              -------------------- 100.00
5          86         1          0          0          1          1              -------------------- 100.00
10         86         1          0          0          1          1              -------------------- 100.00
20         86         1          0          0          1          1              -------------------- 100.00
50         86         1          0          0          1          1              -------------------- 100.00
2          88         1          0          0          1          1              -------------------- 100.00
5          88         1          0          0          1          1              -------------------- 100.00
10         88         1          0          0          1          1              -------------------- 100.00
20         88         1          0          0          1          1              -------------------- 100.00
50         88         1          0          0          1          1              -------------------- 100.00
2          89         33         0          0          1086       33             -------------------- 100.00
5          89         33         0          0          1074       33             -------------------- 100.00
10         89         33         0          0          1034       33             -------------------- 100.00
20         89         33         0          0          879        33             -------------------- 100.00
50         89         33         0          0          561        33             -------------------- 100.00
2          90         32         0          1          1089       33             -------------------- 96.97 
5          90         32         0          1          1089       33             -------------------- 96.97 
10         90         32         0          1          1089       33             -------------------- 96.97 
20         90         32         0          1          1089       33             -------------------- 96.97 
50         90         32         0          1          1089       33             -------------------- 96.97 
2          92         30         0          2          1023       32             ------------------- 93.75  
5          92         27         0          5          1014       32             ----------------- 84.38    
10         92         22         0          10         979        32             -------------- 68.75       
20         92         12         0          20         834        32             -------- 37.50             
50         92         0          0          32         528        32              0.00                      
2          93         32         0          0          1024       32             -------------------- 100.00
5          93         32         0          0          1024       32             -------------------- 100.00
10         93         32         0          0          1024       32             -------------------- 100.00
20         93         32         0          0          1024       32             -------------------- 100.00
50         93         32         0          0          1024       32             -------------------- 100.00
2          94         9          0          23         676        32             ------ 28.13               
5          94         9          0          23         676        32             ------ 28.13               
10         94         9          0          23         676        32             ------ 28.13               
20         94         8          0          24         662        32             ----- 25.00                
50         94         8          0          24         662        32             ----- 25.00                
2          95         32         0          0          1024       32             -------------------- 100.00
5          95         32         0          0          1024       32             -------------------- 100.00
10         95         32         0          0          1024       32             -------------------- 100.00
20         95         32         0          0          1024       32             -------------------- 100.00
50         95         32         0          0          1024       32             -------------------- 100.00
2          96         0          0          32         528        32              0.00                      
5          96         0          0          32         528        32              0.00                      
10         96         0          0          32         528        32              0.00                      
20         96         0          0          32         528        32              0.00                      
50         96         0          0          32         528        32              0.00                      
2          97         46         0          0          2146       46             -------------------- 100.00
5          97         46         0          0          2177       46             -------------------- 100.00
10         97         46         0          0          2158       46             -------------------- 100.00
20         97         41         0          5          2142       46             ------------------ 89.13   
50         97         12         0          34         1461       46             ------ 26.09               
2          98         27         3          16         1835       46             ------------ 58.70         
5          98         8          8          30         1625       46             ---- 17.39                 
10         98         17         5          24         1548       46             -------- 36.96             
20         98         18         0          28         1567       46             -------- 39.13             
50         98         6          1          39         1334       46             --- 13.04                  
2          99         10         2          34         1540       46             ----- 21.74                
5          99         9          7          30         1493       46             ---- 19.57                 
10         99         6          4          36         1400       46             --- 13.04                  
20         99         3          0          43         1176       46             -- 6.52                    
50         99         0          0          46         1081       46              0.00                      
2          101        20         7          19         1730       46             --------- 43.48            
5          101        8          13         25         1648       46             ---- 17.39                 
10         101        13         7          26         1664       46             ------ 28.26               
20         101        18         3          25         1675       46             -------- 39.13             
50         101        3          0          43         1267       46             -- 6.52                    
2          102        10         2          34         1540       46             ----- 21.74                
5          102        9          7          30         1493       46             ---- 19.57                 
10         102        6          4          36         1400       46             --- 13.04                  
20         102        3          0          43         1176       46             -- 6.52                    
50         102        0          0          46         1081       46              0.00                      
2          103        1          0          0          1          1              -------------------- 100.00
5          103        1          0          0          1          1              -------------------- 100.00
10         103        1          0          0          1          1              -------------------- 100.00
20         103        1          0          0          1          1              -------------------- 100.00
50         103        1          0          0          1          1              -------------------- 100.00
2          104        0          0          1          1          1               0.00                      
5          104        0          0          1          1          1               0.00                      
10         104        1          0          0          1          1              -------------------- 100.00
20         104        0          0          1          1          1               0.00                      
50         104        0          0          1          1          1               0.00                      
2          105        0          0          1          1          1               0.00                      
5          105        0          0          1          1          1               0.00                      
10         105        0          0          1          1          1               0.00                      
20         105        0          0          1          1          1               0.00                      
50         105        0          0          1          1          1               0.00                      
2          106        1          0          0          1          1              -------------------- 100.00
5          106        1          0          0          1          1              -------------------- 100.00
10         106        1          0          0          1          1              -------------------- 100.00
20         106        1          0          0          1          1              -------------------- 100.00
50         106        1          0          0          1          1              -------------------- 100.00
