aggregate data per location for magnitude = 10
SEPM
94 perturbation point
N Execution Enactor
PMAG : Numerical Perturbator
1 linear problems to be resolved
linear problem come from test of commons.math lib
IndexLoc   #Success   #Failure   #Exception #CallAllExecs      AvgCallPerExec     #Perturbations AvgPerturbationPerExec   #Execs     #ExecsRef  #Tasks     %Success                   
0          46         0          0          2116               46.00              46             1.00                     46         46         1          -------------------- 100.00
1          304        0          0          92416              304.00             304            1.00                     304        304        1          -------------------- 100.00
2          304        0          0          92394              303.93             304            1.00                     304        304        1          -------------------- 100.00
3          304        0          0          92570              304.51             304            1.00                     304        304        1          -------------------- 100.00
4          304        0          0          90967              299.23             304            1.00                     304        304        1          -------------------- 100.00
5          304        0          0          90967              299.23             304            1.00                     304        304        1          -------------------- 100.00
6          304        0          0          92717              304.99             304            1.00                     304        304        1          -------------------- 100.00
7          304        0          0          92717              304.99             304            1.00                     304        304        1          -------------------- 100.00
8          304        0          0          92721              305.00             304            1.00                     304        304        1          -------------------- 100.00
11         46         0          0          2121               46.11              46             1.00                     46         46         1          -------------------- 100.00
12         46         0          0          2117               46.02              46             1.00                     46         46         1          -------------------- 100.00
13         826        0          0          682276             826.00             826            1.00                     826        826        1          -------------------- 100.00
14         826        0          0          682276             826.00             826            1.00                     826        826        1          -------------------- 100.00
15         826        0          0          682381             826.13             826            1.00                     826        826        1          -------------------- 100.00
16         825        0          1          684424             828.60             826            1.00                     826        826        1          -------------------- 99.88 
17         825        0          1          681865             825.50             826            1.00                     826        826        1          -------------------- 99.88 
18         825        0          1          681865             825.50             826            1.00                     826        826        1          -------------------- 99.88 
19         826        0          0          690121             835.50             826            1.00                     826        826        1          -------------------- 100.00
21         46         0          0          2116               46.00              46             1.00                     46         46         1          -------------------- 100.00
22         46         0          0          2158               46.91              46             1.00                     46         46         1          -------------------- 100.00
23         46         0          0          2116               46.00              46             1.00                     46         46         1          -------------------- 100.00
25         46         0          0          2158               46.91              46             1.00                     46         46         1          -------------------- 100.00
26         46         0          0          2116               46.00              46             1.00                     46         46         1          -------------------- 100.00
27         42         0          4          1982               43.09              46             1.00                     46         46         1          ------------------- 91.30  
28         1274       11         3          1650982            1281.82            1288           1.00                     1288       1288       1          -------------------- 98.91 
29         779        3          460        1260774            1015.12            1242           1.00                     1242       1242       1          ------------- 62.72        
30         1215       13         14         1542888            1242.26            1242           1.00                     1242       1242       1          -------------------- 97.83 
31         1242       0          0          1542186            1241.70            1242           1.00                     1242       1242       1          -------------------- 100.00
32         745        4          493        1246302            1003.46            1242           1.00                     1242       1242       1          ------------ 59.98         
33         1208       6          28         1523772            1226.87            1242           1.00                     1242       1242       1          -------------------- 97.26 
34         861        59         322        1440504            1159.83            1242           1.00                     1242       1242       1          -------------- 69.32       
35         1236       2          4          1544400            1243.48            1242           1.00                     1242       1242       1          -------------------- 99.52 
36         1234       1          7          1538730            1238.91            1242           1.00                     1242       1242       1          -------------------- 99.36 
37         1234       1          7          1538730            1238.91            1242           1.00                     1242       1242       1          -------------------- 99.36 
38         1234       1          7          1538730            1238.91            1242           1.00                     1242       1242       1          -------------------- 99.36 
39         198        0          0          39110              197.53             198            1.00                     198        198        1          -------------------- 100.00
40         188        7          3          39632              200.16             198            1.00                     198        198        1          ------------------- 94.95  
41         198        0          0          39172              197.84             198            1.00                     198        198        1          -------------------- 100.00
42         198        0          0          39172              197.84             198            1.00                     198        198        1          -------------------- 100.00
43         198        0          0          39217              198.07             198            1.00                     198        198        1          -------------------- 100.00
44         198        0          0          39049              197.22             198            1.00                     198        198        1          -------------------- 100.00
45         190        1          7          38512              194.51             198            1.00                     198        198        1          -------------------- 95.96 
46         198        0          0          39216              198.06             198            1.00                     198        198        1          -------------------- 100.00
47         198        0          0          39216              198.06             198            1.00                     198        198        1          -------------------- 100.00
49         3          0          18         326                15.52              21             1.00                     21         21         1          --- 14.29                  
50         169        1          7          30640              173.11             177            1.00                     177        177        1          -------------------- 95.48 
51         165        3          9          30896              174.55             177            1.00                     177        177        1          ------------------- 93.22  
53         90         0          0          8056               89.51              90             1.00                     90         90         1          -------------------- 100.00
54         52         4          34         6764               75.16              90             1.00                     90         90         1          ------------ 57.78         
55         46         0          0          2116               46.00              46             1.00                     46         46         1          -------------------- 100.00
56         46         0          0          2116               46.00              46             1.00                     46         46         1          -------------------- 100.00
58         46         0          0          2116               46.00              46             1.00                     46         46         1          -------------------- 100.00
59         46         0          0          2118               46.04              46             1.00                     46         46         1          -------------------- 100.00
61         13         0          0          169                13.00              13             1.00                     13         13         1          -------------------- 100.00
62         27         0          0          727                26.93              27             1.00                     27         27         1          -------------------- 100.00
63         237        0          0          55158              232.73             237            1.00                     237        237        1          -------------------- 100.00
64         0          0          211        22366              106.00             211            1.00                     211        211        1           0.00                      
65         99         0          112        34449              163.27             211            1.00                     211        211        1          ---------- 46.92           
66         0          0          211        22366              106.00             211            1.00                     211        211        1           0.00                      
67         211        0          0          44505              210.92             211            1.00                     211        211        1          -------------------- 100.00
68         211        0          0          44505              210.92             211            1.00                     211        211        1          -------------------- 100.00
69         211        0          0          44505              210.92             211            1.00                     211        211        1          -------------------- 100.00
70         211        0          0          44521              211.00             211            1.00                     211        211        1          -------------------- 100.00
71         0          0          8          36                 4.50               8              1.00                     8          8          1           0.00                      
73         0          0          1          1                  1.00               1              1.00                     1          1          1           0.00                      
74         12         0          0          144                12.00              12             1.00                     12         12         1          -------------------- 100.00
75         13         0          18         732                23.61              31             1.00                     31         31         1          --------- 41.94            
76         31         0          0          973                31.39              31             1.00                     31         31         1          -------------------- 100.00
77         31         0          0          961                31.00              31             1.00                     31         31         1          -------------------- 100.00
78         31         0          0          970                31.29              31             1.00                     31         31         1          -------------------- 100.00
80         14         0          0          216                15.43              14             1.00                     14         14         1          -------------------- 100.00
81         4          2          8          172                12.29              14             1.00                     14         14         1          ------ 28.57               
82         2          2          8          117                9.75               12             1.00                     12         12         1          ---- 16.67                 
83         0          0          33         561                17.00              33             1.00                     33         33         1           0.00                      
84         4          2          27         688                20.85              33             1.00                     33         33         1          --- 12.12                  
85         0          0          1          1                  1.00               1              1.00                     1          1          1           0.00                      
86         1          0          0          1                  1.00               1              1.00                     1          1          1          -------------------- 100.00
88         1          0          0          1                  1.00               1              1.00                     1          1          1          -------------------- 100.00
89         33         0          0          1034               31.33              33             1.00                     33         33         1          -------------------- 100.00
90         32         0          1          1089               33.00              33             1.00                     33         33         1          -------------------- 96.97 
92         22         0          10         979                30.59              32             1.00                     32         32         1          -------------- 68.75       
93         32         0          0          1024               32.00              32             1.00                     32         32         1          -------------------- 100.00
94         9          0          23         676                21.13              32             1.00                     32         32         1          ------ 28.13               
95         32         0          0          1024               32.00              32             1.00                     32         32         1          -------------------- 100.00
96         0          0          32         528                16.50              32             1.00                     32         32         1           0.00                      
97         46         0          0          2158               46.91              46             1.00                     46         46         1          -------------------- 100.00
98         17         5          24         1548               33.65              46             1.00                     46         46         1          -------- 36.96             
99         6          4          36         1400               30.43              46             1.00                     46         46         1          --- 13.04                  
101        13         7          26         1664               36.17              46             1.00                     46         46         1          ------ 28.26               
102        6          4          36         1400               30.43              46             1.00                     46         46         1          --- 13.04                  
103        1          0          0          1                  1.00               1              1.00                     1          1          1          -------------------- 100.00
104        1          0          0          1                  1.00               1              1.00                     1          1          1          -------------------- 100.00
105        0          0          1          1                  1.00               1              1.00                     1          1          1           0.00                      
106        1          0          0          1                  1.00               1              1.00                     1          1          1          -------------------- 100.00
