aggregate data per location for magnitude = 5
SEPM
94 perturbation point
N Execution Enactor
PMAG : Numerical Perturbator
1 linear problems to be resolved
linear problem come from test of commons.math lib
IndexLoc   #Success   #Failure   #Exception #Call      #Perturbation  #Task      AvgPerturbationPerTask %Success                   
174        7          0          0          56         7              7          1,00                   -------------------- 100,00
175        12         0          0          160        12             12         1,00                   -------------------- 100,00
176        0          0          12         78         12             12         1,00                    0,00                      
177        9          0          3          129        12             12         1,00                   --------------- 75,00      
178        12         0          0          140        12             12         1,00                   -------------------- 100,00
179        12         0          0          140        12             12         1,00                   -------------------- 100,00
180        12         0          0          150        12             12         1,00                   -------------------- 100,00
181        12         0          0          150        12             12         1,00                   -------------------- 100,00
182        12         0          0          150        12             12         1,00                   -------------------- 100,00
185        7          0          0          54         7              7          1,00                   -------------------- 100,00
186        1          0          6          35         7              7          1,00                   --- 14,29                  
187        12         0          7          314        19             19         1,00                   ------------- 63,16        
188        12         0          7          314        19             19         1,00                   ------------- 63,16        
189        0          0          19         190        19             19         1,00                    0,00                      
190        13         0          6          316        19             19         1,00                   -------------- 68,42       
191        18         0          1          365        19             19         1,00                   ------------------- 94,74  
192        18         0          1          365        19             19         1,00                   ------------------- 94,74  
193        19         0          0          378        19             19         1,00                   -------------------- 100,00
195        7          0          0          49         7              7          1,00                   -------------------- 100,00
196        3          0          4          48         7              7          1,00                   --------- 42,86            
197        5          0          2          44         7              7          1,00                   --------------- 71,43      
199        3          0          4          48         7              7          1,00                   --------- 42,86            
200        7          0          0          49         7              7          1,00                   -------------------- 100,00
201        0          0          7          28         7              7          1,00                    0,00                      
202        16         0          12         622        28             28         1,00                   ------------ 57,14         
203        0          0          21         231        21             21         1,00                    0,00                      
204        20         1          0          402        21             21         1,00                   -------------------- 95,24 
205        19         2          0          402        21             21         1,00                   ------------------- 90,48  
206        0          0          21         231        21             21         1,00                    0,00                      
207        14         1          6          354        21             21         1,00                   -------------- 66,67       
208        21         0          0          447        21             21         1,00                   -------------------- 100,00
209        21         0          0          447        21             21         1,00                   -------------------- 100,00
210        17         2          2          393        21             21         1,00                   ----------------- 80,95    
211        17         2          2          393        21             21         1,00                   ----------------- 80,95    
212        17         2          2          393        21             21         1,00                   ----------------- 80,95    
213        11         2          0          147        13             13         1,00                   ----------------- 84,62    
214        13         0          0          169        13             13         1,00                   -------------------- 100,00
215        11         2          0          147        13             13         1,00                   ----------------- 84,62    
216        11         2          0          147        13             13         1,00                   ----------------- 84,62    
217        13         0          0          169        13             13         1,00                   -------------------- 100,00
218        10         3          0          137        13             13         1,00                   ---------------- 76,92     
219        9          2          2          142        13             13         1,00                   -------------- 69,23       
220        13         0          0          169        13             13         1,00                   -------------------- 100,00
221        13         0          0          169        13             13         1,00                   -------------------- 100,00
223        0          0          3          6          3              3          1,00                    0,00                      
224        6          2          2          82         10             10         1,00                   ------------ 60,00         
225        7          3          0          88         10             10         1,00                   -------------- 70,00       
227        5          2          0          42         7              7          1,00                   --------------- 71,43      
228        0          0          7          28         7              7          1,00                    0,00                      
229        7          0          0          49         7              7          1,00                   -------------------- 100,00
230        7          0          0          49         7              7          1,00                   -------------------- 100,00
232        7          0          0          49         7              7          1,00                   -------------------- 100,00
233        7          0          0          49         7              7          1,00                   -------------------- 100,00
235        3          0          0          9          3              3          1,00                   -------------------- 100,00
236        0          0          0          0          0              0          NaN                     NaN                       
237        0          0          0          0          0              0          NaN                     NaN                       
238        0          0          0          0          0              0          NaN                     NaN                       
239        0          0          0          0          0              0          NaN                     NaN                       
240        0          0          0          0          0              0          NaN                     NaN                       
241        0          0          0          0          0              0          NaN                     NaN                       
242        0          0          0          0          0              0          NaN                     NaN                       
243        0          0          0          0          0              0          NaN                     NaN                       
244        0          0          0          0          0              0          NaN                     NaN                       
245        0          0          0          0          0              0          NaN                     NaN                       
247        0          0          0          0          0              0          NaN                     NaN                       
248        3          0          0          9          3              3          1,00                   -------------------- 100,00
249        0          0          6          21         6              6          1,00                    0,00                      
250        6          0          0          30         6              6          1,00                   -------------------- 100,00
251        6          0          0          32         6              6          1,00                   -------------------- 100,00
252        6          0          0          30         6              6          1,00                   -------------------- 100,00
254        3          0          0          9          3              3          1,00                   -------------------- 100,00
255        0          0          3          6          3              3          1,00                    0,00                      
256        0          0          3          6          3              3          1,00                    0,00                      
257        0          0          4          10         4              4          1,00                    0,00                      
258        0          0          4          10         4              4          1,00                    0,00                      
259        0          1          0          1          1              1          1,00                    0,00                      
260        1          0          0          1          1              1          1,00                   -------------------- 100,00
262        1          0          0          1          1              1          1,00                   -------------------- 100,00
263        5          0          0          15         5              5          1,00                   -------------------- 100,00
264        4          0          1          25         5              5          1,00                   ---------------- 80,00     
266        0          0          4          10         4              4          1,00                    0,00                      
267        4          0          0          16         4              4          1,00                   -------------------- 100,00
268        0          0          4          10         4              4          1,00                    0,00                      
269        4          0          0          16         4              4          1,00                   -------------------- 100,00
270        0          0          4          10         4              4          1,00                    0,00                      
271        3          0          4          48         7              7          1,00                   --------- 42,86            
272        4          1          2          33         7              7          1,00                   ------------ 57,14         
273        0          0          7          28         7              7          1,00                    0,00                      
275        1          1          5          36         7              7          1,00                   --- 14,29                  
276        0          0          7          28         7              7          1,00                    0,00                      
277        0          0          1          1          1              1          1,00                    0,00                      
278        0          0          0          0          0              0          NaN                     NaN                       
279        0          0          0          0          0              0          NaN                     NaN                       
280        0          0          0          0          0              0          NaN                     NaN                       
