aggregate data per location for magnitude = 20
SEPM
94 perturbation point
N Execution Enactor
PMAG : Numerical Perturbator
1 linear problems to be resolved
linear problem come from test of commons.math lib
IndexLoc   #Success   #Failure   #Exception #CallAllExecs      AvgCallPerExec     #Perturbations AvgPerturbationPerExec   #Execs     #ExecsRef  #Tasks     %Success                   
0          46         0          0          2124               46.17              46             1.00                     46         46         1          -------------------- 100.00
1          304        0          0          92388              303.91             304            1.00                     304        304        1          -------------------- 100.00
2          214        0          90         78557              258.41             304            1.00                     304        304        1          --------------- 70.39      
3          284        0          20         92458              304.14             304            1.00                     304        304        1          ------------------- 93.42  
4          304        0          0          90967              299.23             304            1.00                     304        304        1          -------------------- 100.00
5          304        0          0          90967              299.23             304            1.00                     304        304        1          -------------------- 100.00
6          304        0          0          92717              304.99             304            1.00                     304        304        1          -------------------- 100.00
7          304        0          0          92717              304.99             304            1.00                     304        304        1          -------------------- 100.00
8          304        0          0          92721              305.00             304            1.00                     304        304        1          -------------------- 100.00
11         46         0          0          2121               46.11              46             1.00                     46         46         1          -------------------- 100.00
12         46         0          0          2092               45.48              46             1.00                     46         46         1          -------------------- 100.00
13         805        0          21         681150             824.64             826            1.00                     826        826        1          -------------------- 97.46 
14         805        0          21         681150             824.64             826            1.00                     826        826        1          -------------------- 97.46 
15         825        0          1          683074             826.97             826            1.00                     826        826        1          -------------------- 99.88 
16         810        0          16         682392             826.14             826            1.00                     826        826        1          -------------------- 98.06 
17         825        0          1          681865             825.50             826            1.00                     826        826        1          -------------------- 99.88 
18         825        0          1          681865             825.50             826            1.00                     826        826        1          -------------------- 99.88 
19         826        0          0          691010             836.57             826            1.00                     826        826        1          -------------------- 100.00
21         46         0          0          2116               46.00              46             1.00                     46         46         1          -------------------- 100.00
22         41         0          5          2142               46.57              46             1.00                     46         46         1          ------------------ 89.13   
23         42         0          4          2110               45.87              46             1.00                     46         46         1          ------------------- 91.30  
25         41         0          5          2142               46.57              46             1.00                     46         46         1          ------------------ 89.13   
26         46         0          0          2116               46.00              46             1.00                     46         46         1          -------------------- 100.00
27         25         2          19         1866               40.57              46             1.00                     46         46         1          ----------- 54.35          
28         1139       31         118        1580768            1227.30            1288           1.00                     1288       1288       1          ------------------ 88.43   
29         319        2          921        974222             784.40             1242           1.00                     1242       1242       1          ------ 25.68               
30         1215       12         15         1542861            1242.24            1242           1.00                     1242       1242       1          -------------------- 97.83 
31         1241       1          0          1541997            1241.54            1242           1.00                     1242       1242       1          -------------------- 99.92 
32         311        1          930        969335             780.46             1242           1.00                     1242       1242       1          ------ 25.04               
33         1099       8          135        1529739            1231.67            1242           1.00                     1242       1242       1          ------------------ 88.49   
34         841        60         341        1440423            1159.76            1242           1.00                     1242       1242       1          -------------- 67.71       
35         1236       2          4          1544562            1243.61            1242           1.00                     1242       1242       1          -------------------- 99.52 
36         1234       1          7          1538730            1238.91            1242           1.00                     1242       1242       1          -------------------- 99.36 
37         1234       1          7          1538730            1238.91            1242           1.00                     1242       1242       1          -------------------- 99.36 
38         1234       1          7          1538730            1238.91            1242           1.00                     1242       1242       1          -------------------- 99.36 
39         197        1          0          39071              197.33             198            1.00                     198        198        1          -------------------- 99.49 
40         185        7          6          39757              200.79             198            1.00                     198        198        1          ------------------- 93.43  
41         198        0          0          39172              197.84             198            1.00                     198        198        1          -------------------- 100.00
42         198        0          0          39172              197.84             198            1.00                     198        198        1          -------------------- 100.00
43         198        0          0          39217              198.07             198            1.00                     198        198        1          -------------------- 100.00
44         198        0          0          39049              197.22             198            1.00                     198        198        1          -------------------- 100.00
45         190        1          7          38512              194.51             198            1.00                     198        198        1          -------------------- 95.96 
46         198        0          0          39216              198.06             198            1.00                     198        198        1          -------------------- 100.00
47         198        0          0          39216              198.06             198            1.00                     198        198        1          -------------------- 100.00
49         5          0          16         298                14.19              21             1.00                     21         21         1          ----- 23.81                
50         169        1          7          30640              173.11             177            1.00                     177        177        1          -------------------- 95.48 
51         165        3          9          30896              174.55             177            1.00                     177        177        1          ------------------- 93.22  
53         90         0          0          8056               89.51              90             1.00                     90         90         1          -------------------- 100.00
54         49         0          41         6251               69.46              90             1.00                     90         90         1          ----------- 54.44          
55         46         0          0          2116               46.00              46             1.00                     46         46         1          -------------------- 100.00
56         46         0          0          2116               46.00              46             1.00                     46         46         1          -------------------- 100.00
58         46         0          0          2116               46.00              46             1.00                     46         46         1          -------------------- 100.00
59         46         0          0          2118               46.04              46             1.00                     46         46         1          -------------------- 100.00
61         13         0          0          169                13.00              13             1.00                     13         13         1          -------------------- 100.00
62         27         0          0          727                26.93              27             1.00                     27         27         1          -------------------- 100.00
63         237        0          0          55158              232.73             237            1.00                     237        237        1          -------------------- 100.00
64         0          0          211        22366              106.00             211            1.00                     211        211        1           0.00                      
65         67         0          144        30945              146.66             211            1.00                     211        211        1          ------- 31.75              
66         0          0          211        22366              106.00             211            1.00                     211        211        1           0.00                      
67         211        0          0          44505              210.92             211            1.00                     211        211        1          -------------------- 100.00
68         211        0          0          44505              210.92             211            1.00                     211        211        1          -------------------- 100.00
69         211        0          0          44505              210.92             211            1.00                     211        211        1          -------------------- 100.00
70         211        0          0          44521              211.00             211            1.00                     211        211        1          -------------------- 100.00
71         0          0          8          36                 4.50               8              1.00                     8          8          1           0.00                      
73         0          0          1          1                  1.00               1              1.00                     1          1          1           0.00                      
74         12         0          0          144                12.00              12             1.00                     12         12         1          -------------------- 100.00
75         7          0          24         646                20.84              31             1.00                     31         31         1          ----- 22.58                
76         31         0          0          966                31.16              31             1.00                     31         31         1          -------------------- 100.00
77         31         0          0          955                30.81              31             1.00                     31         31         1          -------------------- 100.00
78         31         0          0          956                30.84              31             1.00                     31         31         1          -------------------- 100.00
80         14         0          0          217                15.50              14             1.00                     14         14         1          -------------------- 100.00
81         4          0          10         142                10.14              14             1.00                     14         14         1          ------ 28.57               
82         2          0          10         98                 8.17               12             1.00                     12         12         1          ---- 16.67                 
83         0          0          33         561                17.00              33             1.00                     33         33         1           0.00                      
84         1          0          32         572                17.33              33             1.00                     33         33         1          - 3.03                     
85         0          0          1          1                  1.00               1              1.00                     1          1          1           0.00                      
86         1          0          0          1                  1.00               1              1.00                     1          1          1          -------------------- 100.00
88         1          0          0          1                  1.00               1              1.00                     1          1          1          -------------------- 100.00
89         33         0          0          879                26.64              33             1.00                     33         33         1          -------------------- 100.00
90         32         0          1          1089               33.00              33             1.00                     33         33         1          -------------------- 96.97 
92         12         0          20         834                26.06              32             1.00                     32         32         1          -------- 37.50             
93         32         0          0          1024               32.00              32             1.00                     32         32         1          -------------------- 100.00
94         8          0          24         662                20.69              32             1.00                     32         32         1          ----- 25.00                
95         32         0          0          1024               32.00              32             1.00                     32         32         1          -------------------- 100.00
96         0          0          32         528                16.50              32             1.00                     32         32         1           0.00                      
97         41         0          5          2142               46.57              46             1.00                     46         46         1          ------------------ 89.13   
98         18         0          28         1567               34.07              46             1.00                     46         46         1          -------- 39.13             
99         3          0          43         1176               25.57              46             1.00                     46         46         1          -- 6.52                    
101        18         3          25         1675               36.41              46             1.00                     46         46         1          -------- 39.13             
102        3          0          43         1176               25.57              46             1.00                     46         46         1          -- 6.52                    
103        1          0          0          1                  1.00               1              1.00                     1          1          1          -------------------- 100.00
104        0          0          1          1                  1.00               1              1.00                     1          1          1           0.00                      
105        0          0          1          1                  1.00               1              1.00                     1          1          1           0.00                      
106        1          0          0          1                  1.00               1              1.00                     1          1          1          -------------------- 100.00
