detail per task and per random rate.
SERN
random Rates : 
13 perturbation point
5 repetition of each point of each task
INV : Boolean Perturbator, Random Enactor, seed :32
1 linear problems to be resolved
linear problem come from test of commons.math lib
Task       RandomRate IndexLoc   #Success   #Failure   #Exception #Call      #Perturbation  %Success                   
0          0.001      9          5          0          0          230        0              NaN                        
0          0.002      9          5          0          0          230        0              NaN                        
0          0.005      9          5          0          0          227        1              -------------------- 100.00
0          0.009      9          5          0          0          227        1              -------------------- 100.00
0          0.01       9          5          0          0          227        1              -------------------- 100.00
0          0.02       9          5          0          0          226        4              -------------------- 100.00
0          0.05       9          5          0          0          232        10             -------------------- 100.00
0          0.09       9          5          0          0          230        22             -------------------- 100.00
0          0.1        9          5          0          0          230        24             -------------------- 100.00
0          0.2        9          5          0          0          253        53             -------------------- 100.00
0          0.5        9          5          0          0          273        138            -------------------- 100.00
0          0.9        9          5          0          0          138        126            -------------------- 100.00
0          0.001      10         5          0          0          0          0              NaN                        
0          0.002      10         5          0          0          0          0              NaN                        
0          0.005      10         5          0          0          0          0              NaN                        
0          0.009      10         5          0          0          0          0              NaN                        
0          0.01       10         5          0          0          0          0              NaN                        
0          0.02       10         5          0          0          0          0              NaN                        
0          0.05       10         5          0          0          0          0              NaN                        
0          0.09       10         5          0          0          0          0              NaN                        
0          0.1        10         5          0          0          0          0              NaN                        
0          0.2        10         5          0          0          0          0              NaN                        
0          0.5        10         5          0          0          0          0              NaN                        
0          0.9        10         5          0          0          0          0              NaN                        
0          0.001      20         5          0          0          4164       2              -------------------- 100.00
0          0.002      20         5          0          0          4177       5              -------------------- 100.00
0          0.005      20         5          0          0          4831       24             -------------------- 100.00
0          0.009      20         5          0          0          4822       45             -------------------- 100.00
0          0.01       20         5          0          0          5802       61             -------------------- 100.00
0          0.02       20         5          0          0          7220       150            -------------------- 100.00
0          0.05       20         5          0          0          14455      689            -------------------- 100.00
0          0.09       20         5          0          0          926141     83146          -------------------- 100.00
0          0.1        20         5          0          0          1165420    116577         -------------------- 100.00
0          0.2        20         0          0          5          184413089  37312740        0.00                      
0          0.5        20         0          0          5          80754785   40838859        0.00                      
0          0.9        20         0          0          5          43770004   39384514        0.00                      
0          0.001      24         5          0          0          691        0              NaN                        
0          0.002      24         5          0          0          230        0              NaN                        
0          0.005      24         5          0          0          227        1              -------------------- 100.00
0          0.009      24         5          0          0          227        1              -------------------- 100.00
0          0.01       24         5          0          0          227        1              -------------------- 100.00
0          0.02       24         5          0          0          226        4              -------------------- 100.00
0          0.05       24         5          0          0          232        10             -------------------- 100.00
0          0.09       24         5          0          0          230        22             -------------------- 100.00
0          0.1        24         5          0          0          230        24             -------------------- 100.00
0          0.2        24         5          0          0          253        53             -------------------- 100.00
0          0.5        24         5          0          0          273        138            -------------------- 100.00
0          0.9        24         5          0          0          138        126            -------------------- 100.00
0          0.001      48         5          0          0          990        0              NaN                        
0          0.002      48         5          0          0          990        0              NaN                        
0          0.005      48         5          0          0          990        2              -------------------- 100.00
0          0.009      48         5          0          0          990        6              -------------------- 100.00
0          0.01       48         5          0          0          990        6              -------------------- 100.00
0          0.02       48         5          0          0          986        22             -------------------- 100.00
0          0.05       48         4          0          1          944        49             ---------------- 80.00     
0          0.09       48         2          0          3          803        83             -------- 40.00             
0          0.1        48         1          1          3          664        71             ---- 20.00                 
0          0.2        48         3          2          0          650        146            ------------ 60.00         
0          0.5        48         0          0          5          287        143             0.00                      
0          0.9        48         0          5          0          443        397             0.00                      
0          0.001      52         5          0          0          885        0              NaN                        
0          0.002      52         5          0          0          885        0              NaN                        
0          0.005      52         5          0          0          872        2              -------------------- 100.00
0          0.009      52         5          0          0          872        4              -------------------- 100.00
0          0.01       52         5          0          0          872        4              -------------------- 100.00
0          0.02       52         2          1          2          652        11             -------- 40.00             
0          0.05       52         1          1          3          815        42             ---- 20.00                 
0          0.09       52         0          0          5          276        27              0.00                      
0          0.1        52         0          0          5          234        25              0.00                      
0          0.2        52         0          0          5          304        65              0.00                      
0          0.5        52         0          0          5          48         21              0.00                      
0          0.9        52         0          0          5          5          5               0.00                      
0          0.001      57         5          0          0          230        0              NaN                        
0          0.002      57         5          0          0          230        0              NaN                        
0          0.005      57         4          0          1          198        1              ---------------- 80.00     
0          0.009      57         4          0          1          198        1              ---------------- 80.00     
0          0.01       57         4          0          1          198        1              ---------------- 80.00     
0          0.02       57         2          0          3          106        3              -------- 40.00             
0          0.05       57         0          0          5          60         5               0.00                      
0          0.09       57         0          0          5          47         5               0.00                      
0          0.1        57         0          0          5          47         5               0.00                      
0          0.2        57         0          0          5          21         5               0.00                      
0          0.5        57         0          0          5          12         5               0.00                      
0          0.9        57         0          0          5          5          5               0.00                      
0          0.001      60         5          0          0          230        0              NaN                        
0          0.002      60         5          0          0          230        0              NaN                        
0          0.005      60         5          0          0          230        1              -------------------- 100.00
0          0.009      60         5          0          0          230        1              -------------------- 100.00
0          0.01       60         5          0          0          230        1              -------------------- 100.00
0          0.02       60         5          0          0          230        4              -------------------- 100.00
0          0.05       60         5          0          0          230        10             -------------------- 100.00
0          0.09       60         5          0          0          230        22             -------------------- 100.00
0          0.1        60         5          0          0          231        24             -------------------- 100.00
0          0.2        60         5          0          0          235        49             -------------------- 100.00
0          0.5        60         5          0          0          237        122            -------------------- 100.00
0          0.9        60         5          0          0          239        215            -------------------- 100.00
0          0.001      72         5          0          0          40         0              NaN                        
0          0.002      72         5          0          0          40         0              NaN                        
0          0.005      72         5          0          0          40         0              NaN                        
0          0.009      72         5          0          0          40         0              NaN                        
0          0.01       72         5          0          0          40         0              NaN                        
0          0.02       72         5          0          0          40         0              NaN                        
0          0.05       72         5          0          0          40         0              NaN                        
0          0.09       72         5          0          0          38         2              -------------------- 100.00
0          0.1        72         5          0          0          38         2              -------------------- 100.00
0          0.2        72         5          0          0          41         6              -------------------- 100.00
0          0.5        72         5          0          0          27         13             -------------------- 100.00
0          0.9        72         5          0          0          20         20             -------------------- 100.00
0          0.001      79         5          0          0          155        0              NaN                        
0          0.002      79         5          0          0          155        0              NaN                        
0          0.005      79         5          0          0          155        1              -------------------- 100.00
0          0.009      79         5          0          0          155        1              -------------------- 100.00
0          0.01       79         5          0          0          155        1              -------------------- 100.00
0          0.02       79         5          0          0          171        4              -------------------- 100.00
0          0.05       79         5          0          0          152        8              -------------------- 100.00
0          0.09       79         5          0          0          162        19             -------------------- 100.00
0          0.1        79         5          0          0          205        24             -------------------- 100.00
0          0.2        79         3          0          2          170        38             ------------ 60.00         
0          0.5        79         0          0          5          71         34              0.00                      
0          0.9        79         0          0          5          15         15              0.00                      
0          0.001      87         5          0          0          5          0              NaN                        
0          0.002      87         5          0          0          5          0              NaN                        
0          0.005      87         5          0          0          5          0              NaN                        
0          0.009      87         5          0          0          5          0              NaN                        
0          0.01       87         5          0          0          5          0              NaN                        
0          0.02       87         5          0          0          5          0              NaN                        
0          0.05       87         5          0          0          5          0              NaN                        
0          0.09       87         5          0          0          5          0              NaN                        
0          0.1        87         5          0          0          5          0              NaN                        
0          0.2        87         5          0          0          5          0              NaN                        
0          0.5        87         5          0          0          5          2              -------------------- 100.00
0          0.9        87         5          0          0          5          5              -------------------- 100.00
0          0.001      91         5          0          0          165        0              NaN                        
0          0.002      91         5          0          0          165        0              NaN                        
0          0.005      91         5          0          0          159        1              -------------------- 100.00
0          0.009      91         5          0          0          159        1              -------------------- 100.00
0          0.01       91         5          0          0          159        1              -------------------- 100.00
0          0.02       91         5          0          0          93         3              -------------------- 100.00
0          0.05       91         5          0          0          56         4              -------------------- 100.00
0          0.09       91         5          0          0          47         5              -------------------- 100.00
0          0.1        91         5          0          0          47         5              -------------------- 100.00
0          0.2        91         5          0          0          21         5              -------------------- 100.00
0          0.5        91         5          0          0          12         5              -------------------- 100.00
0          0.9        91         5          0          0          5          5              -------------------- 100.00
0          0.001      100        5          0          0          230        0              NaN                        
0          0.002      100        5          0          0          230        0              NaN                        
0          0.005      100        4          0          1          198        1              ---------------- 80.00     
0          0.009      100        4          0          1          198        1              ---------------- 80.00     
0          0.01       100        4          0          1          198        1              ---------------- 80.00     
0          0.02       100        2          0          3          106        3              -------- 40.00             
0          0.05       100        0          0          5          60         5               0.00                      
0          0.09       100        0          0          5          47         5               0.00                      
0          0.1        100        0          0          5          47         5               0.00                      
0          0.2        100        0          0          5          21         5               0.00                      
0          0.5        100        0          0          5          12         5               0.00                      
0          0.9        100        0          0          5          5          5               0.00                      
