aggregate data per location for magnitude = 0.02
SERN
94 perturbation point
Random Enactor, seed :32
PONE : Numerical Perturbator5 repetition for each location for each task
1 linear problems to be resolved
linear problem come from test of commons.math lib
IndexLoc   #Success   #Failure   #Exception #CallAllExecs      AvgCallPerExec     #Perturbations AvgPerturbationPerExec   #Execs     #Tasks     %Success                   
0          5          0          0          230                46.00              4              0.80                     5          1          -------------------- 100.00
1          5          0          0          1520               304.00             32             6.40                     5          1          -------------------- 100.00
2          5          0          0          1525               305.00             32             6.40                     5          1          -------------------- 100.00
3          5          0          0          1529               305.80             32             6.40                     5          1          -------------------- 100.00
4          5          0          0          1349               269.80             31             6.20                     5          1          -------------------- 100.00
5          5          0          0          1349               269.80             31             6.20                     5          1          -------------------- 100.00
6          5          0          0          1527               305.40             32             6.40                     5          1          -------------------- 100.00
7          5          0          0          1527               305.40             32             6.40                     5          1          -------------------- 100.00
8          5          0          0          1543               308.60             33             6.60                     5          1          -------------------- 100.00
11         5          0          0          233                46.60              4              0.80                     5          1          -------------------- 100.00
12         5          0          0          230                46.00              4              0.80                     5          1          -------------------- 100.00
13         5          0          0          4130               826.00             80             16.00                    5          1          -------------------- 100.00
14         5          0          0          4130               826.00             80             16.00                    5          1          -------------------- 100.00
15         5          0          0          4418               883.60             91             18.20                    5          1          -------------------- 100.00
16         5          0          0          4157               831.40             81             16.20                    5          1          -------------------- 100.00
17         5          0          0          4058               811.60             79             15.80                    5          1          -------------------- 100.00
18         5          0          0          4058               811.60             79             15.80                    5          1          -------------------- 100.00
19         5          0          0          5095               1019.00            107            21.40                    5          1          -------------------- 100.00
21         5          0          0          230                46.00              4              0.80                     5          1          -------------------- 100.00
22         5          0          0          227                45.40              4              0.80                     5          1          -------------------- 100.00
23         5          0          0          230                46.00              4              0.80                     5          1          -------------------- 100.00
25         5          0          0          227                45.40              4              0.80                     5          1          -------------------- 100.00
26         5          0          0          230                46.00              4              0.80                     5          1          -------------------- 100.00
27         4          0          1          180                36.00              4              0.80                     5          1          ---------------- 80.00     
28         5          0          0          6436               1287.20            132            26.40                    5          1          -------------------- 100.00
29         0          0          5          2538               507.60             52             10.40                    5          1           0.00                      
30         3          1          1          6426               1285.20            132            26.40                    5          1          ------------ 60.00         
31         5          0          0          6156               1231.20            127            25.40                    5          1          -------------------- 100.00
32         0          0          5          1809               361.80             38             7.60                     5          1           0.00                      
33         2          1          2          6075               1215.00            123            24.60                    5          1          -------- 40.00             
34         0          0          5          1620               324.00             34             6.80                     5          1           0.00                      
35         4          0          1          6291               1258.20            131            26.20                    5          1          ---------------- 80.00     
36         3          0          2          4671               934.20             97             19.40                    5          1          ------------ 60.00         
37         3          0          2          4671               934.20             97             19.40                    5          1          ------------ 60.00         
38         4          0          1          5022               1004.40            105            21.00                    5          1          ---------------- 80.00     
39         5          0          0          970                194.00             22             4.40                     5          1          -------------------- 100.00
40         4          1          0          1046               209.20             23             4.60                     5          1          ---------------- 80.00     
41         5          0          0          970                194.00             22             4.40                     5          1          -------------------- 100.00
42         5          0          0          970                194.00             22             4.40                     5          1          -------------------- 100.00
43         5          0          0          990                198.00             22             4.40                     5          1          -------------------- 100.00
44         5          0          0          959                191.80             22             4.40                     5          1          -------------------- 100.00
45         5          0          0          985                197.00             22             4.40                     5          1          -------------------- 100.00
46         5          0          0          985                197.00             22             4.40                     5          1          -------------------- 100.00
47         5          0          0          1031               206.20             23             4.60                     5          1          -------------------- 100.00
49         5          0          0          106                21.20              3              0.60                     5          1          -------------------- 100.00
50         5          0          0          854                170.80             19             3.80                     5          1          -------------------- 100.00
51         5          0          0          885                177.00             20             4.00                     5          1          -------------------- 100.00
53         5          0          0          430                86.00              9              1.80                     5          1          -------------------- 100.00
54         4          0          1          494                98.80              10             2.00                     5          1          ---------------- 80.00     
55         5          0          0          230                46.00              4              0.80                     5          1          -------------------- 100.00
56         2          0          3          106                21.20              3              0.60                     5          1          -------- 40.00             
58         5          0          0          230                46.00              4              0.80                     5          1          -------------------- 100.00
59         5          0          0          230                46.00              4              0.80                     5          1          -------------------- 100.00
61         5          0          0          65                 13.00              3              0.60                     5          1          -------------------- 100.00
62         5          0          0          135                27.00              4              0.80                     5          1          -------------------- 100.00
63         5          0          0          1182               236.40             26             5.20                     5          1          -------------------- 100.00
64         5          0          0          1055               211.00             23             4.60                     5          1          -------------------- 100.00
65         5          0          0          1055               211.00             23             4.60                     5          1          -------------------- 100.00
66         5          0          0          1055               211.00             23             4.60                     5          1          -------------------- 100.00
67         5          0          0          1055               211.00             23             4.60                     5          1          -------------------- 100.00
68         5          0          0          1055               211.00             23             4.60                     5          1          -------------------- 100.00
69         5          0          0          1055               211.00             23             4.60                     5          1          -------------------- 100.00
70         5          0          0          1055               211.00             23             4.60                     5          1          -------------------- 100.00
71         5          0          0          40                 8.00               0              0.00                     5          1          NaN                        
73         5          0          0          5                  1.00               0              0.00                     5          1          NaN                        
74         5          0          0          60                 12.00              3              0.60                     5          1          -------------------- 100.00
75         5          0          0          155                31.00              4              0.80                     5          1          -------------------- 100.00
76         5          0          0          155                31.00              4              0.80                     5          1          -------------------- 100.00
77         5          0          0          155                31.00              4              0.80                     5          1          -------------------- 100.00
78         5          0          0          155                31.00              4              0.80                     5          1          -------------------- 100.00
80         5          0          0          70                 14.00              3              0.60                     5          1          -------------------- 100.00
81         4          0          1          64                 12.80              3              0.60                     5          1          ---------------- 80.00     
82         4          0          1          63                 12.60              3              0.60                     5          1          ---------------- 80.00     
83         2          0          3          93                 18.60              3              0.60                     5          1          -------- 40.00             
84         2          0          3          94                 18.80              3              0.60                     5          1          -------- 40.00             
85         5          0          0          5                  1.00               0              0.00                     5          1          NaN                        
86         5          0          0          5                  1.00               0              0.00                     5          1          NaN                        
88         5          0          0          5                  1.00               0              0.00                     5          1          NaN                        
89         5          0          0          165                33.00              4              0.80                     5          1          -------------------- 100.00
90         5          0          0          165                33.00              4              0.80                     5          1          -------------------- 100.00
92         5          0          0          160                32.00              4              0.80                     5          1          -------------------- 100.00
93         5          0          0          160                32.00              4              0.80                     5          1          -------------------- 100.00
94         3          0          2          120                24.00              3              0.60                     5          1          ------------ 60.00         
95         5          0          0          160                32.00              4              0.80                     5          1          -------------------- 100.00
96         3          0          2          120                24.00              3              0.60                     5          1          ------------ 60.00         
97         5          0          0          227                45.40              4              0.80                     5          1          -------------------- 100.00
98         4          0          1          222                44.40              4              0.80                     5          1          ---------------- 80.00     
99         2          0          3          107                21.40              3              0.60                     5          1          -------- 40.00             
101        4          0          1          191                38.20              4              0.80                     5          1          ---------------- 80.00     
102        2          0          3          107                21.40              3              0.60                     5          1          -------- 40.00             
103        5          0          0          5                  1.00               0              0.00                     5          1          NaN                        
104        5          0          0          5                  1.00               0              0.00                     5          1          NaN                        
105        5          0          0          5                  1.00               0              0.00                     5          1          NaN                        
106        5          0          0          5                  1.00               0              0.00                     5          1          NaN                        
