aggregate data per location for magnitude = 0.5
SERN
94 perturbation point
Random Enactor, seed :32
PONE : Numerical Perturbator5 repetition for each location for each task
1 linear problems to be resolved
linear problem come from test of commons.math lib
IndexLoc   #Success   #Failure   #Exception #CallAllExecs      AvgCallPerExec     #Perturbations AvgPerturbationPerExec   #Execs     #Tasks     %Success                   
0          5          0          0          230                46.00              118            23.60                    5          1          -------------------- 100.00
1          5          0          0          1520               304.00             751            150.20                   5          1          -------------------- 100.00
2          1          0          4          883                176.60             471            94.20                    5          1          ---- 20.00                 
3          5          0          0          1865               373.00             926            185.20                   5          1          -------------------- 100.00
4          5          0          0          400                80.00              205            41.00                    5          1          -------------------- 100.00
5          5          0          0          400                80.00              205            41.00                    5          1          -------------------- 100.00
6          5          0          0          2381               476.20             1174           234.80                   5          1          -------------------- 100.00
7          5          0          0          2381               476.20             1174           234.80                   5          1          -------------------- 100.00
8          5          0          0          2549               509.80             1249           249.80                   5          1          -------------------- 100.00
11         5          0          0          383                76.60              193            38.60                    5          1          -------------------- 100.00
12         5          0          0          216                43.20              113            22.60                    5          1          -------------------- 100.00
13         5          0          0          4130               826.00             2070           414.00                   5          1          -------------------- 100.00
14         5          0          0          4130               826.00             2070           414.00                   5          1          -------------------- 100.00
15         4          0          1          2490954            498190.80          1245677        249135.40                5          1          ---------------- 80.00     
16         1          0          4          9730               1946.00            4914           982.80                   5          1          ---- 20.00                 
17         4          0          1          3465               693.00             1713           342.60                   5          1          ---------------- 80.00     
18         4          0          1          3465               693.00             1713           342.60                   5          1          ---------------- 80.00     
19         0          0          5          88398552           17679710.40        44503523       8900704.60               5          1           0.00                      
21         5          0          0          230                46.00              118            23.60                    5          1          -------------------- 100.00
22         5          0          0          387                77.40              195            39.00                    5          1          -------------------- 100.00
23         5          0          0          230                46.00              118            23.60                    5          1          -------------------- 100.00
25         5          0          0          387                77.40              195            39.00                    5          1          -------------------- 100.00
26         5          0          0          230                46.00              118            23.60                    5          1          -------------------- 100.00
27         2          0          3          91                 18.20              48             9.60                     5          1          -------- 40.00             
28         5          0          0          6328               1265.60            3148           629.60                   5          1          -------------------- 100.00
29         0          0          5          216                43.20              113            22.60                    5          1           0.00                      
30         0          1          4          4914               982.80             2473           494.60                   5          1           0.00                      
31         5          0          0          6264               1252.80            3118           623.60                   5          1          -------------------- 100.00
32         0          0          5          189                37.80              95             19.00                    5          1           0.00                      
33         0          0          5          1161               232.20             598            119.60                   5          1           0.00                      
34         0          0          5          810                162.00             433            86.60                    5          1           0.00                      
35         2          1          2          18117              3623.40            9069           1813.80                  5          1          -------- 40.00             
36         0          0          5          513                102.60             275            55.00                    5          1           0.00                      
37         0          0          5          513                102.60             275            55.00                    5          1           0.00                      
38         0          0          5          513                102.60             275            55.00                    5          1           0.00                      
39         5          0          0          961                192.20             506            101.20                   5          1          -------------------- 100.00
40         3          0          2          1047               209.40             549            109.80                   5          1          ------------ 60.00         
41         5          0          0          937                187.40             494            98.80                    5          1          -------------------- 100.00
42         5          0          0          937                187.40             494            98.80                    5          1          -------------------- 100.00
43         5          0          0          930                186.00             490            98.00                    5          1          -------------------- 100.00
44         5          0          0          934                186.80             493            98.60                    5          1          -------------------- 100.00
45         0          0          5          394                78.80              201            40.20                    5          1           0.00                      
46         0          0          5          394                78.80              201            40.20                    5          1           0.00                      
47         4          0          1          930                186.00             490            98.00                    5          1          ---------------- 80.00     
49         0          0          5          57                 11.40              27             5.40                     5          1           0.00                      
50         0          0          5          50                 10.00              23             4.60                     5          1           0.00                      
51         5          0          0          885                177.00             471            94.20                    5          1          -------------------- 100.00
53         5          0          0          465                93.00              246            49.20                    5          1          -------------------- 100.00
54         0          0          5          22                 4.40               11             2.20                     5          1           0.00                      
55         5          0          0          230                46.00              118            23.60                    5          1          -------------------- 100.00
56         0          0          5          17                 3.40               8              1.60                     5          1           0.00                      
58         5          0          0          230                46.00              118            23.60                    5          1          -------------------- 100.00
59         5          0          0          237                47.40              122            24.40                    5          1          -------------------- 100.00
61         5          0          0          65                 13.00              30             6.00                     5          1          -------------------- 100.00
62         5          0          0          135                27.00              71             14.20                    5          1          -------------------- 100.00
63         5          0          0          1119               223.80             575            115.00                   5          1          -------------------- 100.00
64         5          0          0          986                197.20             517            103.40                   5          1          -------------------- 100.00
65         5          0          0          988                197.60             519            103.80                   5          1          -------------------- 100.00
66         5          0          0          988                197.60             519            103.80                   5          1          -------------------- 100.00
67         5          0          0          988                197.60             519            103.80                   5          1          -------------------- 100.00
68         5          0          0          988                197.60             519            103.80                   5          1          -------------------- 100.00
69         5          0          0          988                197.60             519            103.80                   5          1          -------------------- 100.00
70         5          0          0          1055               211.00             550            110.00                   5          1          -------------------- 100.00
71         5          0          0          36                 7.20               14             2.80                     5          1          -------------------- 100.00
73         3          0          2          5                  1.00               2              0.40                     5          1          ------------ 60.00         
74         5          0          0          60                 12.00              28             5.60                     5          1          -------------------- 100.00
75         5          0          0          144                28.80              77             15.40                    5          1          -------------------- 100.00
76         5          0          0          155                31.00              83             16.60                    5          1          -------------------- 100.00
77         5          0          0          155                31.00              83             16.60                    5          1          -------------------- 100.00
78         5          0          0          155                31.00              83             16.60                    5          1          -------------------- 100.00
80         5          0          0          70                 14.00              33             6.60                     5          1          -------------------- 100.00
81         0          0          5          14                 2.80               6              1.20                     5          1           0.00                      
82         0          0          5          14                 2.80               6              1.20                     5          1           0.00                      
83         0          0          5          12                 2.40               5              1.00                     5          1           0.00                      
84         0          0          5          15                 3.00               6              1.20                     5          1           0.00                      
85         3          0          2          5                  1.00               2              0.40                     5          1          ------------ 60.00         
86         5          0          0          5                  1.00               2              0.40                     5          1          -------------------- 100.00
88         5          0          0          5                  1.00               2              0.40                     5          1          -------------------- 100.00
89         5          0          0          162                32.40              85             17.00                    5          1          -------------------- 100.00
90         4          0          1          165                33.00              87             17.40                    5          1          ---------------- 80.00     
92         2          0          3          160                32.00              85             17.00                    5          1          -------- 40.00             
93         5          0          0          160                32.00              85             17.00                    5          1          -------------------- 100.00
94         0          0          5          16                 3.20               7              1.40                     5          1           0.00                      
95         5          0          0          160                32.00              85             17.00                    5          1          -------------------- 100.00
96         0          0          5          16                 3.20               7              1.40                     5          1           0.00                      
97         5          0          0          387                77.40              195            39.00                    5          1          -------------------- 100.00
98         0          0          5          21                 4.20               11             2.20                     5          1           0.00                      
99         0          0          5          15                 3.00               6              1.20                     5          1           0.00                      
101        0          0          5          24                 4.80               12             2.40                     5          1           0.00                      
102        0          0          5          15                 3.00               6              1.20                     5          1           0.00                      
103        5          0          0          5                  1.00               2              0.40                     5          1          -------------------- 100.00
104        3          0          2          5                  1.00               2              0.40                     5          1          ------------ 60.00         
105        3          0          2          5                  1.00               2              0.40                     5          1          ------------ 60.00         
106        5          0          0          5                  1.00               2              0.40                     5          1          -------------------- 100.00
