aggregate data per location for magnitude = 0.1
SERN
94 perturbation point
Random Enactor, seed :32
PONE : Numerical Perturbator5 repetition for each location for each task
1 linear problems to be resolved
linear problem come from test of commons.math lib
IndexLoc   #Success   #Failure   #Exception #CallAllExecs      AvgCallPerExec     #Perturbations AvgPerturbationPerExec   #Execs     #Tasks     %Success                   
0          5          0          0          230                46.00              24             4.80                     5          1          -------------------- 100.00
1          5          0          0          1520               304.00             157            31.40                    5          1          -------------------- 100.00
2          5          0          0          1716               343.20             175            35.00                    5          1          -------------------- 100.00
3          5          0          0          1572               314.40             159            31.80                    5          1          -------------------- 100.00
4          5          0          0          958                191.60             111            22.20                    5          1          -------------------- 100.00
5          5          0          0          958                191.60             111            22.20                    5          1          -------------------- 100.00
6          5          0          0          1628               325.60             165            33.00                    5          1          -------------------- 100.00
7          5          0          0          1628               325.60             165            33.00                    5          1          -------------------- 100.00
8          5          0          0          1713               342.60             175            35.00                    5          1          -------------------- 100.00
11         5          0          0          230                46.00              24             4.80                     5          1          -------------------- 100.00
12         5          0          0          216                43.20              24             4.80                     5          1          -------------------- 100.00
13         5          0          0          4130               826.00             425            85.00                    5          1          -------------------- 100.00
14         5          0          0          4130               826.00             425            85.00                    5          1          -------------------- 100.00
15         5          0          0          5049               1009.80            521            104.20                   5          1          -------------------- 100.00
16         5          0          0          3641               728.20             375            75.00                    5          1          -------------------- 100.00
17         5          0          0          3847               769.40             395            79.00                    5          1          -------------------- 100.00
18         5          0          0          3847               769.40             395            79.00                    5          1          -------------------- 100.00
19         5          0          0          30366              6073.20            3031           606.20                   5          1          -------------------- 100.00
21         5          0          0          230                46.00              24             4.80                     5          1          -------------------- 100.00
22         5          0          0          247                49.40              27             5.40                     5          1          -------------------- 100.00
23         5          0          0          230                46.00              24             4.80                     5          1          -------------------- 100.00
25         5          0          0          247                49.40              27             5.40                     5          1          -------------------- 100.00
26         5          0          0          230                46.00              24             4.80                     5          1          -------------------- 100.00
27         4          0          1          220                44.00              24             4.80                     5          1          ---------------- 80.00     
28         5          0          0          6416               1283.20            641            128.20                   5          1          -------------------- 100.00
29         0          0          5          621                124.20             68             13.60                    5          1           0.00                      
30         0          1          4          5373               1074.60            552            110.40                   5          1           0.00                      
31         5          0          0          6102               1220.40            611            122.20                   5          1          -------------------- 100.00
32         0          0          5          351                70.20              42             8.40                     5          1           0.00                      
33         2          1          2          6048               1209.60            607            121.40                   5          1          -------- 40.00             
34         0          0          5          972                194.40             111            22.20                    5          1           0.00                      
35         3          0          2          6885               1377.00            688            137.60                   5          1          ------------ 60.00         
36         3          0          2          4752               950.40             488            97.60                    5          1          ------------ 60.00         
37         3          0          2          4752               950.40             488            97.60                    5          1          ------------ 60.00         
38         3          0          2          4536               907.20             466            93.20                    5          1          ------------ 60.00         
39         5          0          0          958                191.60             111            22.20                    5          1          -------------------- 100.00
40         3          1          1          1034               206.80             117            23.40                    5          1          ------------ 60.00         
41         5          0          0          958                191.60             111            22.20                    5          1          -------------------- 100.00
42         5          0          0          958                191.60             111            22.20                    5          1          -------------------- 100.00
43         5          0          0          973                194.60             111            22.20                    5          1          -------------------- 100.00
44         5          0          0          932                186.40             109            21.80                    5          1          -------------------- 100.00
45         4          1          0          921                184.20             106            21.20                    5          1          ---------------- 80.00     
46         4          1          0          921                184.20             106            21.20                    5          1          ---------------- 80.00     
47         2          3          0          868                173.60             101            20.20                    5          1          -------- 40.00             
49         1          0          4          47                 9.40               5              1.00                     5          1          ---- 20.00                 
50         3          0          2          625                125.00             69             13.80                    5          1          ------------ 60.00         
51         5          0          0          885                177.00             104            20.80                    5          1          -------------------- 100.00
53         5          0          0          450                90.00              50             10.00                    5          1          -------------------- 100.00
54         0          0          5          52                 10.40              7              1.40                     5          1           0.00                      
55         5          0          0          230                46.00              24             4.80                     5          1          -------------------- 100.00
56         0          0          5          53                 10.60              8              1.60                     5          1           0.00                      
58         5          0          0          230                46.00              24             4.80                     5          1          -------------------- 100.00
59         5          0          0          231                46.20              24             4.80                     5          1          -------------------- 100.00
61         5          0          0          65                 13.00              10             2.00                     5          1          -------------------- 100.00
62         5          0          0          135                27.00              17             3.40                     5          1          -------------------- 100.00
63         5          0          0          1165               233.00             129            25.80                    5          1          -------------------- 100.00
64         5          0          0          1055               211.00             117            23.40                    5          1          -------------------- 100.00
65         5          0          0          1055               211.00             117            23.40                    5          1          -------------------- 100.00
66         5          0          0          1055               211.00             117            23.40                    5          1          -------------------- 100.00
67         5          0          0          1055               211.00             117            23.40                    5          1          -------------------- 100.00
68         5          0          0          1055               211.00             117            23.40                    5          1          -------------------- 100.00
69         5          0          0          1055               211.00             117            23.40                    5          1          -------------------- 100.00
70         5          0          0          1055               211.00             117            23.40                    5          1          -------------------- 100.00
71         5          0          0          40                 8.00               2              0.40                     5          1          -------------------- 100.00
73         5          0          0          5                  1.00               0              0.00                     5          1          NaN                        
74         5          0          0          60                 12.00              10             2.00                     5          1          -------------------- 100.00
75         5          0          0          161                32.20              21             4.20                     5          1          -------------------- 100.00
76         5          0          0          155                31.00              21             4.20                     5          1          -------------------- 100.00
77         5          0          0          155                31.00              21             4.20                     5          1          -------------------- 100.00
78         5          0          0          155                31.00              21             4.20                     5          1          -------------------- 100.00
80         5          0          0          70                 14.00              11             2.20                     5          1          -------------------- 100.00
81         2          0          3          52                 10.40              7              1.40                     5          1          -------- 40.00             
82         3          0          2          45                 9.00               4              0.80                     5          1          ------------ 60.00         
83         0          0          5          47                 9.40               5              1.00                     5          1           0.00                      
84         0          0          5          53                 10.60              8              1.60                     5          1           0.00                      
85         5          0          0          5                  1.00               0              0.00                     5          1          NaN                        
86         5          0          0          5                  1.00               0              0.00                     5          1          NaN                        
88         5          0          0          5                  1.00               0              0.00                     5          1          NaN                        
89         5          0          0          165                33.00              22             4.40                     5          1          -------------------- 100.00
90         4          0          1          165                33.00              22             4.40                     5          1          ---------------- 80.00     
92         5          0          0          160                32.00              21             4.20                     5          1          -------------------- 100.00
93         5          0          0          160                32.00              21             4.20                     5          1          -------------------- 100.00
94         0          0          5          52                 10.40              7              1.40                     5          1           0.00                      
95         5          0          0          160                32.00              21             4.20                     5          1          -------------------- 100.00
96         0          0          5          52                 10.40              7              1.40                     5          1           0.00                      
97         5          0          0          247                49.40              27             5.40                     5          1          -------------------- 100.00
98         0          0          5          135                27.00              17             3.40                     5          1           0.00                      
99         0          0          5          53                 10.60              8              1.60                     5          1           0.00                      
101        0          0          5          76                 15.20              12             2.40                     5          1           0.00                      
102        0          0          5          53                 10.60              8              1.60                     5          1           0.00                      
103        5          0          0          5                  1.00               0              0.00                     5          1          NaN                        
104        5          0          0          5                  1.00               0              0.00                     5          1          NaN                        
105        5          0          0          5                  1.00               0              0.00                     5          1          NaN                        
106        5          0          0          5                  1.00               0              0.00                     5          1          NaN                        
