aggregate data per location for random rate = 0.001 and with Perturbator = 1
Exploration Plus One
111 perturbation point
PONE : plus one perturbator
20 linear problems to be resolved
linear problem are generated randomly
IndexLoc   #Success   #Failure   #Exception #CallAllExecs      AvgCallPerExec     #Perturbations AvgPerturbationPerExec   #Execs     #Tasks     %Success                   
0          100        0          0          5310               53,10              4              0,04                     100        20         -------------------- 100,00
1          100        0          0          9180               91,80              10             0,10                     100        20         -------------------- 100,00
2          100        0          0          9180               91,80              10             0,10                     100        20         -------------------- 100,00
4          100        0          0          9181               91,81              10             0,10                     100        20         -------------------- 100,00
5          100        0          0          9194               91,94              10             0,10                     100        20         -------------------- 100,00
6          100        0          0          9179               91,79              10             0,10                     100        20         -------------------- 100,00
7          100        0          0          9179               91,79              10             0,10                     100        20         -------------------- 100,00
8          100        0          0          9182               91,82              10             0,10                     100        20         -------------------- 100,00
9          100        0          0          9182               91,82              10             0,10                     100        20         -------------------- 100,00
10         100        0          0          9180               91,80              10             0,10                     100        20         -------------------- 100,00
11         100        0          0          9192               91,92              10             0,10                     100        20         -------------------- 100,00
15         100        0          0          5314               53,14              4              0,04                     100        20         -------------------- 100,00
16         100        0          0          5310               53,10              4              0,04                     100        20         -------------------- 100,00
17         100        0          0          55955              559,55             57             0,57                     100        20         -------------------- 100,00
18         100        0          0          55955              559,55             57             0,57                     100        20         -------------------- 100,00
19         100        0          0          55955              559,55             57             0,57                     100        20         -------------------- 100,00
20         100        0          0          55955              559,55             57             0,57                     100        20         -------------------- 100,00
22         100        0          0          56298              562,98             57             0,57                     100        20         -------------------- 100,00
23         99         0          1          56002              560,02             57             0,57                     100        20         -------------------- 99,00 
24         99         0          1          68951              689,51             64             0,64                     100        20         -------------------- 99,00 
25         100        0          0          55955              559,55             57             0,57                     100        20         -------------------- 100,00
26         100        0          0          56158              561,58             57             0,57                     100        20         -------------------- 100,00
28         100        0          0          9100               91,00              10             0,10                     100        20         -------------------- 100,00
29         100        0          0          5316               53,16              4              0,04                     100        20         -------------------- 100,00
31         100        0          0          5680               56,80              4              0,04                     100        20         -------------------- 100,00
34         100        0          0          5316               53,16              4              0,04                     100        20         -------------------- 100,00
35         100        0          0          5578               55,78              4              0,04                     100        20         -------------------- 100,00
36         100        0          0          5310               53,10              4              0,04                     100        20         -------------------- 100,00
37         100        0          0          98871              988,71             99             0,99                     100        20         -------------------- 100,00
38         93         0          7          94985              949,85             93             0,93                     100        20         ------------------- 93,00  
40         96         0          4          91818              918,18             89             0,89                     100        20         -------------------- 96,00 
41         44         0          56         54079              540,79             56             0,56                     100        20         --------- 44,00            
42         86         1          13         92204              922,04             89             0,89                     100        20         ------------------ 86,00   
43         44         0          56         54079              540,79             56             0,56                     100        20         --------- 44,00            
44         99         0          1          93638              936,38             90             0,90                     100        20         -------------------- 99,00 
45         95         1          4          91794              917,94             89             0,89                     100        20         ------------------- 95,00  
46         98         0          2          93541              935,41             90             0,90                     100        20         -------------------- 98,00 
47         98         0          2          93466              934,66             90             0,90                     100        20         -------------------- 98,00 
48         100        0          0          93582              935,82             90             0,90                     100        20         -------------------- 100,00
49         99         0          1          93565              935,65             90             0,90                     100        20         -------------------- 99,00 
50         99         0          1          93565              935,65             90             0,90                     100        20         -------------------- 99,00 
51         100        0          0          93565              935,65             90             0,90                     100        20         -------------------- 100,00
52         99         0          1          93638              936,38             90             0,90                     100        20         -------------------- 99,00 
54         99         0          1          53202              532,02             55             0,55                     100        20         -------------------- 99,00 
55         100        0          0          53065              530,65             55             0,55                     100        20         -------------------- 100,00
56         98         0          2          53182              531,82             55             0,55                     100        20         -------------------- 98,00 
57         98         0          2          53182              531,82             55             0,55                     100        20         -------------------- 98,00 
58         98         0          2          53078              530,78             55             0,55                     100        20         -------------------- 98,00 
59         99         0          1          52810              528,10             55             0,55                     100        20         -------------------- 99,00 
60         98         0          2          53090              530,90             55             0,55                     100        20         -------------------- 98,00 
61         98         0          2          53090              530,90             55             0,55                     100        20         -------------------- 98,00 
62         93         0          7          51985              519,85             55             0,55                     100        20         ------------------- 93,00  
64         100        0          0          15                 0,15               0              0,00                     100        20         NaN                        
65         99         0          1          53147              531,47             55             0,55                     100        20         -------------------- 99,00 
66         100        0          0          53095              530,95             55             0,55                     100        20         -------------------- 100,00
68         99         0          1          15304              153,04             15             0,15                     100        20         -------------------- 99,00 
69         97         0          3          15199              151,99             15             0,15                     100        20         -------------------- 97,00 
70         100        0          0          5310               53,10              4              0,04                     100        20         -------------------- 100,00
71         96         0          4          5242               52,42              4              0,04                     100        20         -------------------- 96,00 
73         100        0          0          5310               53,10              4              0,04                     100        20         -------------------- 100,00
74         100        0          0          5310               53,10              4              0,04                     100        20         -------------------- 100,00
76         100        0          0          10                 0,10               0              0,00                     100        20         NaN                        
77         100        0          0          10                 0,10               0              0,00                     100        20         NaN                        
79         100        0          0          15                 0,15               0              0,00                     100        20         NaN                        
80         100        0          0          90                 0,90               0              0,00                     100        20         NaN                        
81         100        0          0          90                 0,90               0              0,00                     100        20         NaN                        
83         100        0          0          85                 0,85               0              0,00                     100        20         NaN                        
84         100        0          0          85                 0,85               0              0,00                     100        20         NaN                        
85         100        0          0          85                 0,85               0              0,00                     100        20         NaN                        
86         100        0          0          85                 0,85               0              0,00                     100        20         NaN                        
87         100        0          0          85                 0,85               0              0,00                     100        20         NaN                        
88         100        0          0          85                 0,85               0              0,00                     100        20         NaN                        
89         100        0          0          85                 0,85               0              0,00                     100        20         NaN                        
90         100        0          0          85                 0,85               0              0,00                     100        20         NaN                        
91         100        0          0          85                 0,85               0              0,00                     100        20         NaN                        
93         100        0          0          10                 0,10               0              0,00                     100        20         NaN                        
94         100        0          0          10                 0,10               0              0,00                     100        20         NaN                        
97         100        0          0          10                 0,10               0              0,00                     100        20         NaN                        
98         100        0          0          0                  0,00               0              0,00                     100        20         NaN                        
99         100        0          0          0                  0,00               0              0,00                     100        20         NaN                        
100        100        0          0          0                  0,00               0              0,00                     100        20         NaN                        
101        100        0          0          0                  0,00               0              0,00                     100        20         NaN                        
102        100        0          0          0                  0,00               0              0,00                     100        20         NaN                        
104        100        0          0          0                  0,00               0              0,00                     100        20         NaN                        
105        100        0          0          0                  0,00               0              0,00                     100        20         NaN                        
106        100        0          0          0                  0,00               0              0,00                     100        20         NaN                        
107        96         0          4          5242               52,42              4              0,04                     100        20         -------------------- 96,00 
108        98         0          2          5298               52,98              4              0,04                     100        20         -------------------- 98,00 
111        100        0          0          100                1,00               0              0,00                     100        20         NaN                        
112        100        0          0          100                1,00               0              0,00                     100        20         NaN                        
116        100        0          0          100                1,00               0              0,00                     100        20         NaN                        
117        100        0          0          1790               17,90              1              0,01                     100        20         -------------------- 100,00
118        100        0          0          1790               17,90              1              0,01                     100        20         -------------------- 100,00
120        100        0          0          1690               16,90              1              0,01                     100        20         -------------------- 100,00
121        100        0          0          1690               16,90              1              0,01                     100        20         -------------------- 100,00
122        99         0          1          1683               16,83              1              0,01                     100        20         -------------------- 99,00 
123        100        0          0          1690               16,90              1              0,01                     100        20         -------------------- 100,00
124        100        0          0          1690               16,90              1              0,01                     100        20         -------------------- 100,00
125        100        0          0          1690               16,90              1              0,01                     100        20         -------------------- 100,00
127        100        0          0          5316               53,16              4              0,04                     100        20         -------------------- 100,00
128        99         0          1          5665               56,65              4              0,04                     100        20         -------------------- 99,00 
129        99         0          1          5301               53,01              4              0,04                     100        20         -------------------- 99,00 
131        97         3          0          5298               52,98              4              0,04                     100        20         -------------------- 97,00 
132        99         0          1          5301               53,01              4              0,04                     100        20         -------------------- 99,00 
135        100        0          0          100                1,00               0              0,00                     100        20         NaN                        
136        100        0          0          100                1,00               0              0,00                     100        20         NaN                        
139        100        0          0          100                1,00               0              0,00                     100        20         NaN                        
140        100        0          0          100                1,00               0              0,00                     100        20         NaN                        
141        100        0          0          100                1,00               0              0,00                     100        20         NaN                        
142        100        0          0          100                1,00               0              0,00                     100        20         NaN                        
143        100        0          0          100                1,00               0              0,00                     100        20         NaN                        
