aggregate data per location for magnitude = 0.002
SERN
94 perturbation point
Random Enactor, seed :32
PONE : Numerical Perturbator5 repetition for each location for each task
1 linear problems to be resolved
linear problem come from test of commons.math lib
IndexLoc   #Success   #Failure   #Exception #CallAllExecs      AvgCallPerExec     #Perturbations AvgPerturbationPerExec   #Execs     #Tasks     %Success                   
0          5          0          0          230                46.00              0              0.00                     5          1          NaN                        
1          5          0          0          1520               304.00             2              0.40                     5          1          -------------------- 100.00
2          5          0          0          1519               303.80             2              0.40                     5          1          -------------------- 100.00
3          5          0          0          1520               304.00             2              0.40                     5          1          -------------------- 100.00
4          5          0          0          1508               301.60             2              0.40                     5          1          -------------------- 100.00
5          5          0          0          1508               301.60             2              0.40                     5          1          -------------------- 100.00
6          5          0          0          1520               304.00             2              0.40                     5          1          -------------------- 100.00
7          5          0          0          1520               304.00             2              0.40                     5          1          -------------------- 100.00
8          5          0          0          1520               304.00             2              0.40                     5          1          -------------------- 100.00
11         5          0          0          230                46.00              0              0.00                     5          1          NaN                        
12         5          0          0          230                46.00              0              0.00                     5          1          NaN                        
13         5          0          0          4130               826.00             5              1.00                     5          1          -------------------- 100.00
14         5          0          0          4130               826.00             5              1.00                     5          1          -------------------- 100.00
15         5          0          0          4172               834.40             5              1.00                     5          1          -------------------- 100.00
16         5          0          0          4172               834.40             5              1.00                     5          1          -------------------- 100.00
17         5          0          0          4130               826.00             5              1.00                     5          1          -------------------- 100.00
18         5          0          0          4130               826.00             5              1.00                     5          1          -------------------- 100.00
19         5          0          0          4177               835.40             5              1.00                     5          1          -------------------- 100.00
21         5          0          0          230                46.00              0              0.00                     5          1          NaN                        
22         5          0          0          230                46.00              0              0.00                     5          1          NaN                        
23         5          0          0          230                46.00              0              0.00                     5          1          NaN                        
25         5          0          0          230                46.00              0              0.00                     5          1          NaN                        
26         5          0          0          230                46.00              0              0.00                     5          1          NaN                        
27         5          0          0          230                46.00              0              0.00                     5          1          NaN                        
28         5          0          0          6440               1288.00            8              1.60                     5          1          -------------------- 100.00
29         5          0          0          6210               1242.00            7              1.40                     5          1          -------------------- 100.00
30         5          0          0          6210               1242.00            7              1.40                     5          1          -------------------- 100.00
31         5          0          0          6210               1242.00            7              1.40                     5          1          -------------------- 100.00
32         5          0          0          6210               1242.00            7              1.40                     5          1          -------------------- 100.00
33         5          0          0          6210               1242.00            7              1.40                     5          1          -------------------- 100.00
34         2          0          3          5211               1042.20            7              1.40                     5          1          -------- 40.00             
35         5          0          0          6210               1242.00            7              1.40                     5          1          -------------------- 100.00
36         5          0          0          6210               1242.00            7              1.40                     5          1          -------------------- 100.00
37         5          0          0          6210               1242.00            7              1.40                     5          1          -------------------- 100.00
38         5          0          0          6210               1242.00            7              1.40                     5          1          -------------------- 100.00
39         5          0          0          990                198.00             0              0.00                     5          1          NaN                        
40         5          0          0          990                198.00             0              0.00                     5          1          NaN                        
41         5          0          0          990                198.00             0              0.00                     5          1          NaN                        
42         5          0          0          990                198.00             0              0.00                     5          1          NaN                        
43         5          0          0          990                198.00             0              0.00                     5          1          NaN                        
44         5          0          0          990                198.00             0              0.00                     5          1          NaN                        
45         5          0          0          990                198.00             0              0.00                     5          1          NaN                        
46         5          0          0          990                198.00             0              0.00                     5          1          NaN                        
47         5          0          0          990                198.00             0              0.00                     5          1          NaN                        
49         5          0          0          105                21.00              0              0.00                     5          1          NaN                        
50         5          0          0          885                177.00             0              0.00                     5          1          NaN                        
51         5          0          0          885                177.00             0              0.00                     5          1          NaN                        
53         5          0          0          450                90.00              0              0.00                     5          1          NaN                        
54         5          0          0          450                90.00              0              0.00                     5          1          NaN                        
55         5          0          0          230                46.00              0              0.00                     5          1          NaN                        
56         5          0          0          230                46.00              0              0.00                     5          1          NaN                        
58         5          0          0          230                46.00              0              0.00                     5          1          NaN                        
59         5          0          0          230                46.00              0              0.00                     5          1          NaN                        
61         5          0          0          65                 13.00              0              0.00                     5          1          NaN                        
62         5          0          0          135                27.00              0              0.00                     5          1          NaN                        
63         5          0          0          1185               237.00             1              0.20                     5          1          -------------------- 100.00
64         5          0          0          1055               211.00             0              0.00                     5          1          NaN                        
65         5          0          0          1055               211.00             0              0.00                     5          1          NaN                        
66         5          0          0          1055               211.00             0              0.00                     5          1          NaN                        
67         5          0          0          1055               211.00             0              0.00                     5          1          NaN                        
68         5          0          0          1055               211.00             0              0.00                     5          1          NaN                        
69         5          0          0          1055               211.00             0              0.00                     5          1          NaN                        
70         5          0          0          1055               211.00             0              0.00                     5          1          NaN                        
71         5          0          0          40                 8.00               0              0.00                     5          1          NaN                        
73         5          0          0          5                  1.00               0              0.00                     5          1          NaN                        
74         5          0          0          60                 12.00              0              0.00                     5          1          NaN                        
75         5          0          0          155                31.00              0              0.00                     5          1          NaN                        
76         5          0          0          155                31.00              0              0.00                     5          1          NaN                        
77         5          0          0          155                31.00              0              0.00                     5          1          NaN                        
78         5          0          0          155                31.00              0              0.00                     5          1          NaN                        
80         5          0          0          70                 14.00              0              0.00                     5          1          NaN                        
81         5          0          0          70                 14.00              0              0.00                     5          1          NaN                        
82         5          0          0          60                 12.00              0              0.00                     5          1          NaN                        
83         5          0          0          165                33.00              0              0.00                     5          1          NaN                        
84         5          0          0          165                33.00              0              0.00                     5          1          NaN                        
85         5          0          0          5                  1.00               0              0.00                     5          1          NaN                        
86         5          0          0          5                  1.00               0              0.00                     5          1          NaN                        
88         5          0          0          5                  1.00               0              0.00                     5          1          NaN                        
89         5          0          0          165                33.00              0              0.00                     5          1          NaN                        
90         5          0          0          165                33.00              0              0.00                     5          1          NaN                        
92         5          0          0          160                32.00              0              0.00                     5          1          NaN                        
93         5          0          0          160                32.00              0              0.00                     5          1          NaN                        
94         5          0          0          160                32.00              0              0.00                     5          1          NaN                        
95         5          0          0          160                32.00              0              0.00                     5          1          NaN                        
96         5          0          0          160                32.00              0              0.00                     5          1          NaN                        
97         5          0          0          230                46.00              0              0.00                     5          1          NaN                        
98         5          0          0          230                46.00              0              0.00                     5          1          NaN                        
99         5          0          0          230                46.00              0              0.00                     5          1          NaN                        
101        5          0          0          230                46.00              0              0.00                     5          1          NaN                        
102        5          0          0          230                46.00              0              0.00                     5          1          NaN                        
103        5          0          0          5                  1.00               0              0.00                     5          1          NaN                        
104        5          0          0          5                  1.00               0              0.00                     5          1          NaN                        
105        5          0          0          5                  1.00               0              0.00                     5          1          NaN                        
106        5          0          0          5                  1.00               0              0.00                     5          1          NaN                        
