aggregate data per location for magnitude = 0.9
SERN
94 perturbation point
Random Enactor, seed :32
PONE : Numerical Perturbator5 repetition for each location for each task
1 linear problems to be resolved
linear problem come from test of commons.math lib
IndexLoc   #Success   #Failure   #Exception #CallAllExecs      AvgCallPerExec     #Perturbations AvgPerturbationPerExec   #Execs     #Tasks     %Success                   
0          5          0          0          230                46.00              208            41.60                    5          1          -------------------- 100.00
1          5          0          0          1520               304.00             1362           272.40                   5          1          -------------------- 100.00
2          1          0          4          437                87.40              392            78.40                    5          1          ---- 20.00                 
3          5          0          0          2056               411.20             1847           369.40                   5          1          -------------------- 100.00
4          5          0          0          274                54.80              246            49.20                    5          1          -------------------- 100.00
5          5          0          0          274                54.80              246            49.20                    5          1          -------------------- 100.00
6          5          0          0          4009               801.80             3610           722.00                   5          1          -------------------- 100.00
7          5          0          0          4009               801.80             3610           722.00                   5          1          -------------------- 100.00
8          5          0          0          4193               838.60             3780           756.00                   5          1          -------------------- 100.00
11         5          0          0          1833               366.60             1647           329.40                   5          1          -------------------- 100.00
12         5          0          0          218                43.60              196            39.20                    5          1          -------------------- 100.00
13         5          0          0          4130               826.00             3723           744.60                   5          1          -------------------- 100.00
14         5          0          0          4130               826.00             3723           744.60                   5          1          -------------------- 100.00
15         0          0          5          1374               274.80             1225           245.00                   5          1           0.00                      
16         0          0          5          393486             78697.20           354365         70873.00                 5          1           0.00                      
17         0          0          5          1069               213.80             962            192.40                   5          1           0.00                      
18         0          0          5          1069               213.80             962            192.40                   5          1           0.00                      
19         0          0          5          43185238           8637047.60         38811862       7762372.40               5          1           0.00                      
21         5          0          0          230                46.00              208            41.60                    5          1          -------------------- 100.00
22         5          0          0          14939              2987.80            13460          2692.00                  5          1          -------------------- 100.00
23         5          0          0          230                46.00              208            41.60                    5          1          -------------------- 100.00
25         5          0          0          14939              2987.80            13460          2692.00                  5          1          -------------------- 100.00
26         5          0          0          230                46.00              208            41.60                    5          1          -------------------- 100.00
27         0          0          5          5                  1.00               5              1.00                     5          1           0.00                      
28         5          0          0          6230               1246.00            5615           1123.00                  5          1          -------------------- 100.00
29         0          0          5          189                37.80              168            33.60                    5          1           0.00                      
30         0          0          5          3834               766.80             3453           690.60                   5          1           0.00                      
31         5          0          0          6021               1204.20            5424           1084.80                  5          1          -------------------- 100.00
32         0          0          5          135                27.00              124            24.80                    5          1           0.00                      
33         0          0          5          513                102.60             458            91.60                    5          1           0.00                      
34         0          0          5          810                162.00             725            145.00                   5          1           0.00                      
35         0          2          3          17685              3537.00            15924          3184.80                  5          1           0.00                      
36         0          0          5          162                32.40              146            29.20                    5          1           0.00                      
37         0          0          5          162                32.40              146            29.20                    5          1           0.00                      
38         0          0          5          162                32.40              146            29.20                    5          1           0.00                      
39         5          0          0          974                194.80             873            174.60                   5          1          -------------------- 100.00
40         1          0          4          985                197.00             884            176.80                   5          1          ---- 20.00                 
41         5          0          0          877                175.40             790            158.00                   5          1          -------------------- 100.00
42         5          0          0          932                186.40             835            167.00                   5          1          -------------------- 100.00
43         5          0          0          991                198.20             890            178.00                   5          1          -------------------- 100.00
44         5          0          0          1063               212.60             956            191.20                   5          1          -------------------- 100.00
45         0          5          0          387                77.40              345            69.00                    5          1           0.00                      
46         0          5          0          387                77.40              345            69.00                    5          1           0.00                      
47         2          3          0          841                168.20             755            151.00                   5          1          -------- 40.00             
49         0          0          5          5                  1.00               5              1.00                     5          1           0.00                      
50         0          0          5          5                  1.00               5              1.00                     5          1           0.00                      
51         5          0          0          885                177.00             796            159.20                   5          1          -------------------- 100.00
53         5          0          0          510                102.00             455            91.00                    5          1          -------------------- 100.00
54         0          0          5          15                 3.00               15             3.00                     5          1           0.00                      
55         5          0          0          230                46.00              208            41.60                    5          1          -------------------- 100.00
56         0          0          5          5                  1.00               5              1.00                     5          1           0.00                      
58         5          0          0          230                46.00              208            41.60                    5          1          -------------------- 100.00
59         5          0          0          239                47.80              215            43.00                    5          1          -------------------- 100.00
61         5          0          0          65                 13.00              61             12.20                    5          1          -------------------- 100.00
62         5          0          0          135                27.00              124            24.80                    5          1          -------------------- 100.00
63         5          0          0          1065               213.00             958            191.60                   5          1          -------------------- 100.00
64         5          0          0          1050               210.00             945            189.00                   5          1          -------------------- 100.00
65         5          0          0          787                157.40             705            141.00                   5          1          -------------------- 100.00
66         5          0          0          787                157.40             705            141.00                   5          1          -------------------- 100.00
67         5          0          0          787                157.40             705            141.00                   5          1          -------------------- 100.00
68         5          0          0          787                157.40             705            141.00                   5          1          -------------------- 100.00
69         5          0          0          787                157.40             705            141.00                   5          1          -------------------- 100.00
70         5          0          0          1055               211.00             950            190.00                   5          1          -------------------- 100.00
71         5          0          0          32                 6.40               30             6.00                     5          1          -------------------- 100.00
73         0          0          5          5                  1.00               5              1.00                     5          1           0.00                      
74         5          0          0          60                 12.00              56             11.20                    5          1          -------------------- 100.00
75         5          0          0          168                33.60              151            30.20                    5          1          -------------------- 100.00
76         5          0          0          155                31.00              140            28.00                    5          1          -------------------- 100.00
77         5          0          0          155                31.00              140            28.00                    5          1          -------------------- 100.00
78         5          0          0          155                31.00              140            28.00                    5          1          -------------------- 100.00
80         5          0          0          70                 14.00              66             13.20                    5          1          -------------------- 100.00
81         0          0          5          74                 14.80              69             13.80                    5          1           0.00                      
82         0          0          5          74                 14.80              69             13.80                    5          1           0.00                      
83         0          0          5          5                  1.00               5              1.00                     5          1           0.00                      
84         0          0          5          10                 2.00               10             2.00                     5          1           0.00                      
85         0          0          5          5                  1.00               5              1.00                     5          1           0.00                      
86         5          0          0          5                  1.00               5              1.00                     5          1          -------------------- 100.00
88         5          0          0          5                  1.00               5              1.00                     5          1          -------------------- 100.00
89         5          0          0          161                32.20              146            29.20                    5          1          -------------------- 100.00
90         0          0          5          165                33.00              148            29.60                    5          1           0.00                      
92         1          0          4          160                32.00              145            29.00                    5          1          ---- 20.00                 
93         5          0          0          160                32.00              145            29.00                    5          1          -------------------- 100.00
94         0          0          5          10                 2.00               10             2.00                     5          1           0.00                      
95         5          0          0          160                32.00              145            29.00                    5          1          -------------------- 100.00
96         0          0          5          10                 2.00               10             2.00                     5          1           0.00                      
97         5          0          0          14939              2987.80            13460          2692.00                  5          1          -------------------- 100.00
98         0          0          5          15                 3.00               15             3.00                     5          1           0.00                      
99         0          0          5          10                 2.00               10             2.00                     5          1           0.00                      
101        0          0          5          15                 3.00               15             3.00                     5          1           0.00                      
102        0          0          5          10                 2.00               10             2.00                     5          1           0.00                      
103        5          0          0          5                  1.00               5              1.00                     5          1          -------------------- 100.00
104        0          0          5          5                  1.00               5              1.00                     5          1           0.00                      
105        0          0          5          5                  1.00               5              1.00                     5          1           0.00                      
106        5          0          0          5                  1.00               5              1.00                     5          1          -------------------- 100.00
