aggregate data per location for magnitude = 0.005
SERN
94 perturbation point
Random Enactor, seed :32
PONE : Numerical Perturbator5 repetition for each location for each task
1 linear problems to be resolved
linear problem come from test of commons.math lib
IndexLoc   #Success   #Failure   #Exception #CallAllExecs      AvgCallPerExec     #Perturbations AvgPerturbationPerExec   #Execs     #Tasks     %Success                   
0          5          0          0          230                46.00              1              0.20                     5          1          -------------------- 100.00
1          5          0          0          1520               304.00             6              1.20                     5          1          -------------------- 100.00
2          5          0          0          1519               303.80             6              1.20                     5          1          -------------------- 100.00
3          5          0          0          1520               304.00             6              1.20                     5          1          -------------------- 100.00
4          5          0          0          1491               298.20             6              1.20                     5          1          -------------------- 100.00
5          5          0          0          1491               298.20             6              1.20                     5          1          -------------------- 100.00
6          5          0          0          1520               304.00             6              1.20                     5          1          -------------------- 100.00
7          5          0          0          1520               304.00             6              1.20                     5          1          -------------------- 100.00
8          5          0          0          1520               304.00             6              1.20                     5          1          -------------------- 100.00
11         5          0          0          231                46.20              1              0.20                     5          1          -------------------- 100.00
12         5          0          0          230                46.00              1              0.20                     5          1          -------------------- 100.00
13         5          0          0          4130               826.00             17             3.40                     5          1          -------------------- 100.00
14         5          0          0          4130               826.00             17             3.40                     5          1          -------------------- 100.00
15         5          0          0          4021               804.20             17             3.40                     5          1          -------------------- 100.00
16         5          0          0          4172               834.40             17             3.40                     5          1          -------------------- 100.00
17         5          0          0          4130               826.00             17             3.40                     5          1          -------------------- 100.00
18         5          0          0          4130               826.00             17             3.40                     5          1          -------------------- 100.00
19         5          0          0          4451               890.20             21             4.20                     5          1          -------------------- 100.00
21         5          0          0          230                46.00              1              0.20                     5          1          -------------------- 100.00
22         5          0          0          230                46.00              1              0.20                     5          1          -------------------- 100.00
23         5          0          0          230                46.00              1              0.20                     5          1          -------------------- 100.00
25         5          0          0          230                46.00              1              0.20                     5          1          -------------------- 100.00
26         5          0          0          230                46.00              1              0.20                     5          1          -------------------- 100.00
27         5          0          0          230                46.00              1              0.20                     5          1          -------------------- 100.00
28         5          0          0          6440               1288.00            29             5.80                     5          1          -------------------- 100.00
29         4          0          1          6264               1252.80            28             5.60                     5          1          ---------------- 80.00     
30         5          0          0          6183               1236.60            27             5.40                     5          1          -------------------- 100.00
31         5          0          0          6210               1242.00            28             5.60                     5          1          -------------------- 100.00
32         4          0          1          6075               1215.00            27             5.40                     5          1          ---------------- 80.00     
33         5          0          0          6210               1242.00            28             5.60                     5          1          -------------------- 100.00
34         1          0          4          4266               853.20             18             3.60                     5          1          ---- 20.00                 
35         5          0          0          6696               1339.20            32             6.40                     5          1          -------------------- 100.00
36         5          0          0          6210               1242.00            28             5.60                     5          1          -------------------- 100.00
37         5          0          0          6210               1242.00            28             5.60                     5          1          -------------------- 100.00
38         5          0          0          6210               1242.00            28             5.60                     5          1          -------------------- 100.00
39         5          0          0          990                198.00             2              0.40                     5          1          -------------------- 100.00
40         5          0          0          990                198.00             2              0.40                     5          1          -------------------- 100.00
41         5          0          0          990                198.00             2              0.40                     5          1          -------------------- 100.00
42         5          0          0          990                198.00             2              0.40                     5          1          -------------------- 100.00
43         5          0          0          990                198.00             2              0.40                     5          1          -------------------- 100.00
44         5          0          0          986                197.20             2              0.40                     5          1          -------------------- 100.00
45         5          0          0          990                198.00             2              0.40                     5          1          -------------------- 100.00
46         5          0          0          990                198.00             2              0.40                     5          1          -------------------- 100.00
47         5          0          0          990                198.00             2              0.40                     5          1          -------------------- 100.00
49         5          0          0          106                21.20              1              0.20                     5          1          -------------------- 100.00
50         5          0          0          872                174.40             2              0.40                     5          1          -------------------- 100.00
51         5          0          0          885                177.00             2              0.40                     5          1          -------------------- 100.00
53         5          0          0          451                90.20              1              0.20                     5          1          -------------------- 100.00
54         4          1          0          463                92.60              1              0.20                     5          1          ---------------- 80.00     
55         5          0          0          230                46.00              1              0.20                     5          1          -------------------- 100.00
56         4          0          1          198                39.60              1              0.20                     5          1          ---------------- 80.00     
58         5          0          0          230                46.00              1              0.20                     5          1          -------------------- 100.00
59         5          0          0          230                46.00              1              0.20                     5          1          -------------------- 100.00
61         5          0          0          65                 13.00              1              0.20                     5          1          -------------------- 100.00
62         5          0          0          135                27.00              1              0.20                     5          1          -------------------- 100.00
63         5          0          0          1185               237.00             4              0.80                     5          1          -------------------- 100.00
64         5          0          0          1055               211.00             2              0.40                     5          1          -------------------- 100.00
65         5          0          0          1055               211.00             2              0.40                     5          1          -------------------- 100.00
66         5          0          0          1055               211.00             2              0.40                     5          1          -------------------- 100.00
67         5          0          0          1055               211.00             2              0.40                     5          1          -------------------- 100.00
68         5          0          0          1055               211.00             2              0.40                     5          1          -------------------- 100.00
69         5          0          0          1055               211.00             2              0.40                     5          1          -------------------- 100.00
70         5          0          0          1055               211.00             2              0.40                     5          1          -------------------- 100.00
71         5          0          0          40                 8.00               0              0.00                     5          1          NaN                        
73         5          0          0          5                  1.00               0              0.00                     5          1          NaN                        
74         5          0          0          60                 12.00              1              0.20                     5          1          -------------------- 100.00
75         5          0          0          155                31.00              1              0.20                     5          1          -------------------- 100.00
76         5          0          0          155                31.00              1              0.20                     5          1          -------------------- 100.00
77         5          0          0          155                31.00              1              0.20                     5          1          -------------------- 100.00
78         5          0          0          155                31.00              1              0.20                     5          1          -------------------- 100.00
80         5          0          0          70                 14.00              1              0.20                     5          1          -------------------- 100.00
81         4          0          1          60                 12.00              1              0.20                     5          1          ---------------- 80.00     
82         5          0          0          61                 12.20              1              0.20                     5          1          -------------------- 100.00
83         4          0          1          159                31.80              1              0.20                     5          1          ---------------- 80.00     
84         5          0          0          165                33.00              1              0.20                     5          1          -------------------- 100.00
85         5          0          0          5                  1.00               0              0.00                     5          1          NaN                        
86         5          0          0          5                  1.00               0              0.00                     5          1          NaN                        
88         5          0          0          5                  1.00               0              0.00                     5          1          NaN                        
89         5          0          0          165                33.00              1              0.20                     5          1          -------------------- 100.00
90         5          0          0          165                33.00              1              0.20                     5          1          -------------------- 100.00
92         5          0          0          160                32.00              1              0.20                     5          1          -------------------- 100.00
93         5          0          0          160                32.00              1              0.20                     5          1          -------------------- 100.00
94         4          0          1          156                31.20              1              0.20                     5          1          ---------------- 80.00     
95         5          0          0          160                32.00              1              0.20                     5          1          -------------------- 100.00
96         4          0          1          156                31.20              1              0.20                     5          1          ---------------- 80.00     
97         5          0          0          230                46.00              1              0.20                     5          1          -------------------- 100.00
98         5          0          0          238                47.60              1              0.20                     5          1          -------------------- 100.00
99         5          0          0          231                46.20              1              0.20                     5          1          -------------------- 100.00
101        4          0          1          228                45.60              1              0.20                     5          1          ---------------- 80.00     
102        5          0          0          231                46.20              1              0.20                     5          1          -------------------- 100.00
103        5          0          0          5                  1.00               0              0.00                     5          1          NaN                        
104        5          0          0          5                  1.00               0              0.00                     5          1          NaN                        
105        5          0          0          5                  1.00               0              0.00                     5          1          NaN                        
106        5          0          0          5                  1.00               0              0.00                     5          1          NaN                        
