aggregate data per location for magnitude = 0.05
SERN
94 perturbation point
Random Enactor, seed :32
PONE : Numerical Perturbator5 repetition for each location for each task
1 linear problems to be resolved
linear problem come from test of commons.math lib
IndexLoc   #Success   #Failure   #Exception #CallAllExecs      AvgCallPerExec     #Perturbations AvgPerturbationPerExec   #Execs     #Tasks     %Success                   
0          5          0          0          230                46.00              10             2.00                     5          1          -------------------- 100.00
1          5          0          0          1520               304.00             70             14.00                    5          1          -------------------- 100.00
2          5          0          0          1558               311.60             71             14.20                    5          1          -------------------- 100.00
3          5          0          0          1529               305.80             70             14.00                    5          1          -------------------- 100.00
4          5          0          0          1219               243.80             61             12.20                    5          1          -------------------- 100.00
5          5          0          0          1219               243.80             61             12.20                    5          1          -------------------- 100.00
6          5          0          0          1539               307.80             71             14.20                    5          1          -------------------- 100.00
7          5          0          0          1539               307.80             71             14.20                    5          1          -------------------- 100.00
8          5          0          0          1545               309.00             71             14.20                    5          1          -------------------- 100.00
11         5          0          0          224                44.80              10             2.00                     5          1          -------------------- 100.00
12         5          0          0          223                44.60              10             2.00                     5          1          -------------------- 100.00
13         5          0          0          4130               826.00             202            40.40                    5          1          -------------------- 100.00
14         5          0          0          4130               826.00             202            40.40                    5          1          -------------------- 100.00
15         5          0          0          4473               894.60             223            44.60                    5          1          -------------------- 100.00
16         4          0          1          4264               852.80             209            41.80                    5          1          ---------------- 80.00     
17         5          0          0          4123               824.60             201            40.20                    5          1          -------------------- 100.00
18         5          0          0          4123               824.60             201            40.20                    5          1          -------------------- 100.00
19         5          0          0          12104              2420.80            593            118.60                   5          1          -------------------- 100.00
21         5          0          0          230                46.00              10             2.00                     5          1          -------------------- 100.00
22         5          0          0          240                48.00              11             2.20                     5          1          -------------------- 100.00
23         5          0          0          230                46.00              10             2.00                     5          1          -------------------- 100.00
25         5          0          0          240                48.00              11             2.20                     5          1          -------------------- 100.00
26         5          0          0          230                46.00              10             2.00                     5          1          -------------------- 100.00
27         4          0          1          180                36.00              9              1.80                     5          1          ---------------- 80.00     
28         5          0          0          6433               1286.60            300            60.00                    5          1          -------------------- 100.00
29         0          0          5          1215               243.00             61             12.20                    5          1           0.00                      
30         1          2          2          6318               1263.60            299            59.80                    5          1          ---- 20.00                 
31         5          0          0          6129               1225.80            290            58.00                    5          1          -------------------- 100.00
32         0          0          5          1026               205.20             52             10.40                    5          1           0.00                      
33         0          0          5          4806               961.20             238            47.60                    5          1           0.00                      
34         0          0          5          1134               226.80             57             11.40                    5          1           0.00                      
35         3          0          2          6210               1242.00            293            58.60                    5          1          ------------ 60.00         
36         3          0          2          4563               912.60             224            44.80                    5          1          ------------ 60.00         
37         3          0          2          4563               912.60             224            44.80                    5          1          ------------ 60.00         
38         4          0          1          5049               1009.80            251            50.20                    5          1          ---------------- 80.00     
39         5          0          0          970                194.00             50             10.00                    5          1          -------------------- 100.00
40         4          1          0          1006               201.20             50             10.00                    5          1          ---------------- 80.00     
41         5          0          0          970                194.00             50             10.00                    5          1          -------------------- 100.00
42         5          0          0          970                194.00             50             10.00                    5          1          -------------------- 100.00
43         5          0          0          989                197.80             50             10.00                    5          1          -------------------- 100.00
44         5          0          0          932                186.40             48             9.60                     5          1          -------------------- 100.00
45         4          1          0          994                198.80             50             10.00                    5          1          ---------------- 80.00     
46         4          1          0          994                198.80             50             10.00                    5          1          ---------------- 80.00     
47         3          2          0          1011               202.20             50             10.00                    5          1          ------------ 60.00         
49         5          0          0          106                21.20              6              1.20                     5          1          -------------------- 100.00
50         5          0          0          859                171.80             43             8.60                     5          1          -------------------- 100.00
51         5          0          0          885                177.00             46             9.20                     5          1          -------------------- 100.00
53         5          0          0          451                90.20              21             4.20                     5          1          -------------------- 100.00
54         1          0          4          245                49.00              12             2.40                     5          1          ---- 20.00                 
55         5          0          0          230                46.00              10             2.00                     5          1          -------------------- 100.00
56         0          0          5          88                 17.60              6              1.20                     5          1           0.00                      
58         5          0          0          230                46.00              10             2.00                     5          1          -------------------- 100.00
59         5          0          0          230                46.00              10             2.00                     5          1          -------------------- 100.00
61         5          0          0          65                 13.00              5              1.00                     5          1          -------------------- 100.00
62         5          0          0          135                27.00              8              1.60                     5          1          -------------------- 100.00
63         5          0          0          1180               236.00             59             11.80                    5          1          -------------------- 100.00
64         5          0          0          1055               211.00             52             10.40                    5          1          -------------------- 100.00
65         5          0          0          1055               211.00             52             10.40                    5          1          -------------------- 100.00
66         5          0          0          1055               211.00             52             10.40                    5          1          -------------------- 100.00
67         5          0          0          1055               211.00             52             10.40                    5          1          -------------------- 100.00
68         5          0          0          1055               211.00             52             10.40                    5          1          -------------------- 100.00
69         5          0          0          1055               211.00             52             10.40                    5          1          -------------------- 100.00
70         5          0          0          1055               211.00             52             10.40                    5          1          -------------------- 100.00
71         5          0          0          40                 8.00               0              0.00                     5          1          NaN                        
73         5          0          0          5                  1.00               0              0.00                     5          1          NaN                        
74         5          0          0          60                 12.00              5              1.00                     5          1          -------------------- 100.00
75         5          0          0          155                31.00              8              1.60                     5          1          -------------------- 100.00
76         5          0          0          155                31.00              8              1.60                     5          1          -------------------- 100.00
77         5          0          0          155                31.00              8              1.60                     5          1          -------------------- 100.00
78         5          0          0          155                31.00              8              1.60                     5          1          -------------------- 100.00
80         5          0          0          70                 14.00              5              1.00                     5          1          -------------------- 100.00
81         3          0          2          47                 9.40               2              0.40                     5          1          ------------ 60.00         
82         3          1          1          56                 11.20              4              0.80                     5          1          ------------ 60.00         
83         1          0          4          56                 11.20              4              0.80                     5          1          ---- 20.00                 
84         1          0          4          57                 11.40              4              0.80                     5          1          ---- 20.00                 
85         5          0          0          5                  1.00               0              0.00                     5          1          NaN                        
86         5          0          0          5                  1.00               0              0.00                     5          1          NaN                        
88         5          0          0          5                  1.00               0              0.00                     5          1          NaN                        
89         5          0          0          165                33.00              9              1.80                     5          1          -------------------- 100.00
90         4          0          1          165                33.00              9              1.80                     5          1          ---------------- 80.00     
92         5          0          0          160                32.00              8              1.60                     5          1          -------------------- 100.00
93         5          0          0          160                32.00              8              1.60                     5          1          -------------------- 100.00
94         1          0          4          60                 12.00              5              1.00                     5          1          ---- 20.00                 
95         5          0          0          160                32.00              8              1.60                     5          1          -------------------- 100.00
96         1          0          4          60                 12.00              5              1.00                     5          1          ---- 20.00                 
97         5          0          0          240                48.00              11             2.20                     5          1          -------------------- 100.00
98         2          0          3          235                47.00              11             2.20                     5          1          -------- 40.00             
99         1          0          4          199                39.80              10             2.00                     5          1          ---- 20.00                 
101        1          1          3          141                28.20              8              1.60                     5          1          ---- 20.00                 
102        1          0          4          199                39.80              10             2.00                     5          1          ---- 20.00                 
103        5          0          0          5                  1.00               0              0.00                     5          1          NaN                        
104        5          0          0          5                  1.00               0              0.00                     5          1          NaN                        
105        5          0          0          5                  1.00               0              0.00                     5          1          NaN                        
106        5          0          0          5                  1.00               0              0.00                     5          1          NaN                        
