aggregate data per location for magnitude = 0.2
SERN
94 perturbation point
Random Enactor, seed :32
PONE : Numerical Perturbator
5 repetition for each location for each task
1 linear problems to be resolved
linear problem come from test of commons.math lib
IndexLoc   #Success   #Failure   #Exception #CallAllExecs      AvgCallPerExec     #Perturbations AvgPerturbationPerExec   #Execs     #Tasks     %Success                   
0          5          0          0          25                 25,00              6              1,20                     5          1          -------------------- 100,00
1          5          0          0          40                 40,00              6              1,20                     5          1          -------------------- 100,00
2          4          0          1          36                 36,00              6              1,20                     5          1          ---------------- 80,00     
3          5          0          0          42                 42,00              7              1,40                     5          1          -------------------- 100,00
4          5          0          0          40                 40,00              6              1,20                     5          1          -------------------- 100,00
5          5          0          0          40                 40,00              6              1,20                     5          1          -------------------- 100,00
6          5          0          0          47                 47,00              9              1,80                     5          1          -------------------- 100,00
7          5          0          0          47                 47,00              9              1,80                     5          1          -------------------- 100,00
8          5          0          0          47                 47,00              9              1,80                     5          1          -------------------- 100,00
11         5          0          0          31                 31,00              6              1,20                     5          1          -------------------- 100,00
12         5          0          0          24                 24,00              6              1,20                     5          1          -------------------- 100,00
13         2          0          3          75                 75,00              19             3,80                     5          1          -------- 40,00             
14         2          0          3          75                 75,00              19             3,80                     5          1          -------- 40,00             
15         5          0          0          78                 78,00              20             4,00                     5          1          -------------------- 100,00
16         2          0          3          78                 78,00              20             4,00                     5          1          -------- 40,00             
17         5          0          0          62                 62,00              15             3,00                     5          1          -------------------- 100,00
18         5          0          0          62                 62,00              15             3,00                     5          1          -------------------- 100,00
19         5          0          0          127                127,00             27             5,40                     5          1          -------------------- 100,00
21         5          0          0          25                 25,00              6              1,20                     5          1          -------------------- 100,00
22         5          0          0          33                 33,00              6              1,20                     5          1          -------------------- 100,00
23         5          0          0          25                 25,00              6              1,20                     5          1          -------------------- 100,00
25         5          0          0          33                 33,00              6              1,20                     5          1          -------------------- 100,00
26         5          0          0          25                 25,00              6              1,20                     5          1          -------------------- 100,00
27         3          0          2          23                 23,00              6              1,20                     5          1          ------------ 60,00         
28         4          0          1          102                102,00             25             5,00                     5          1          ---------------- 80,00     
29         1          0          4          45                 45,00              8              1,60                     5          1          ---- 20,00                 
30         5          0          0          75                 75,00              19             3,80                     5          1          -------------------- 100,00
31         5          0          0          75                 75,00              19             3,80                     5          1          -------------------- 100,00
32         1          0          4          45                 45,00              8              1,60                     5          1          ---- 20,00                 
33         2          0          3          90                 90,00              23             4,60                     5          1          -------- 40,00             
34         4          0          1          72                 72,00              18             3,60                     5          1          ---------------- 80,00     
35         5          0          0          75                 75,00              19             3,80                     5          1          -------------------- 100,00
36         2          0          3          54                 54,00              13             2,60                     5          1          -------- 40,00             
37         2          0          3          54                 54,00              13             2,60                     5          1          -------- 40,00             
38         2          0          3          54                 54,00              13             2,60                     5          1          -------- 40,00             
39         5          0          0          40                 40,00              6              1,20                     5          1          -------------------- 100,00
40         4          0          1          33                 33,00              6              1,20                     5          1          ---------------- 80,00     
41         5          0          0          40                 40,00              6              1,20                     5          1          -------------------- 100,00
42         5          0          0          40                 40,00              6              1,20                     5          1          -------------------- 100,00
43         5          0          0          40                 40,00              6              1,20                     5          1          -------------------- 100,00
44         5          0          0          40                 40,00              6              1,20                     5          1          -------------------- 100,00
45         5          0          0          36                 36,00              6              1,20                     5          1          -------------------- 100,00
46         5          0          0          36                 36,00              6              1,20                     5          1          -------------------- 100,00
47         5          0          0          40                 40,00              6              1,20                     5          1          -------------------- 100,00
49         5          0          0          0                  0,00               0              0,00                     5          1          NaN                        
50         3          0          2          37                 37,00              6              1,20                     5          1          ------------ 60,00         
51         5          0          0          40                 40,00              6              1,20                     5          1          -------------------- 100,00
53         5          0          0          30                 30,00              6              1,20                     5          1          -------------------- 100,00
54         1          0          4          23                 23,00              6              1,20                     5          1          ---- 20,00                 
55         5          0          0          25                 25,00              6              1,20                     5          1          -------------------- 100,00
56         2          0          3          17                 17,00              3              0,60                     5          1          -------- 40,00             
58         5          0          0          25                 25,00              6              1,20                     5          1          -------------------- 100,00
59         5          0          0          25                 25,00              6              1,20                     5          1          -------------------- 100,00
61         5          0          0          0                  0,00               0              0,00                     5          1          NaN                        
62         5          0          0          0                  0,00               0              0,00                     5          1          NaN                        
63         5          0          0          0                  0,00               0              0,00                     5          1          NaN                        
64         5          0          0          0                  0,00               0              0,00                     5          1          NaN                        
65         5          0          0          0                  0,00               0              0,00                     5          1          NaN                        
66         5          0          0          0                  0,00               0              0,00                     5          1          NaN                        
67         5          0          0          0                  0,00               0              0,00                     5          1          NaN                        
68         5          0          0          0                  0,00               0              0,00                     5          1          NaN                        
69         5          0          0          0                  0,00               0              0,00                     5          1          NaN                        
70         5          0          0          0                  0,00               0              0,00                     5          1          NaN                        
71         5          0          0          0                  0,00               0              0,00                     5          1          NaN                        
73         5          0          0          0                  0,00               0              0,00                     5          1          NaN                        
74         5          0          0          0                  0,00               0              0,00                     5          1          NaN                        
75         5          0          0          0                  0,00               0              0,00                     5          1          NaN                        
76         5          0          0          0                  0,00               0              0,00                     5          1          NaN                        
77         5          0          0          0                  0,00               0              0,00                     5          1          NaN                        
78         5          0          0          0                  0,00               0              0,00                     5          1          NaN                        
80         5          0          0          0                  0,00               0              0,00                     5          1          NaN                        
81         5          0          0          0                  0,00               0              0,00                     5          1          NaN                        
82         5          0          0          0                  0,00               0              0,00                     5          1          NaN                        
83         2          0          3          17                 17,00              3              0,60                     5          1          -------- 40,00             
84         2          0          3          17                 17,00              3              0,60                     5          1          -------- 40,00             
85         5          0          0          5                  5,00               0              0,00                     5          1          NaN                        
86         5          0          0          5                  5,00               0              0,00                     5          1          NaN                        
88         5          0          0          5                  5,00               0              0,00                     5          1          NaN                        
89         5          0          0          20                 20,00              4              0,80                     5          1          -------------------- 100,00
90         3          0          2          20                 20,00              4              0,80                     5          1          ------------ 60,00         
92         4          0          1          15                 15,00              2              0,40                     5          1          ---------------- 80,00     
93         5          0          0          15                 15,00              2              0,40                     5          1          -------------------- 100,00
94         5          0          0          15                 15,00              2              0,40                     5          1          -------------------- 100,00
95         5          0          0          15                 15,00              2              0,40                     5          1          -------------------- 100,00
96         5          0          0          15                 15,00              2              0,40                     5          1          -------------------- 100,00
97         5          0          0          33                 33,00              6              1,20                     5          1          -------------------- 100,00
98         3          0          2          19                 19,00              3              0,60                     5          1          ------------ 60,00         
99         2          0          3          17                 17,00              3              0,60                     5          1          -------- 40,00             
101        3          0          2          22                 22,00              5              1,00                     5          1          ------------ 60,00         
102        2          0          3          17                 17,00              3              0,60                     5          1          -------- 40,00             
103        5          0          0          5                  5,00               0              0,00                     5          1          NaN                        
104        5          0          0          5                  5,00               0              0,00                     5          1          NaN                        
105        5          0          0          5                  5,00               0              0,00                     5          1          NaN                        
106        5          0          0          5                  5,00               0              0,00                     5          1          NaN                        
